domain units: Hz
measurement data type: Positive<double>
segment length (sec): 4
sampling rate (Hz): 1024
domain bounds (Hz): [0, 512.25)
support bounds (Hz): [20, 512)support indexes: [80, 2048)
---------------
domainValue measuredValue
0 1
0.25 1
0.5 1
0.75 1
1 1
1.25 1
1.5 1
1.75 1
2 1
2.25 1
2.5 1
2.75 1
3 1
3.25 1
3.5 1
3.75 1
4 1
4.25 1
4.5 1
4.75 1
5 1
5.25 1
5.5 1
5.75 1
6 1
6.25 1
6.5 1
6.75 1
7 1
7.25 1
7.5 1
7.75 1
8 1
8.25 1
8.5 1
8.75 1
9 1
9.25 1
9.5 1
9.75 1
10 1
10.25 1
10.5 1
10.75 1
11 1
11.25 1
11.5 1
11.75 1
12 1
12.25 1
12.5 1
12.75 1
13 1
13.25 1
13.5 1
13.75 1
14 1
14.25 1
14.5 1
14.75 1
15 1
15.25 1
15.5 1
15.75 1
16 1
16.25 1
16.5 1
16.75 1
17 1
17.25 1
17.5 1
17.75 1
18 1
18.25 1
18.5 1
18.75 1
19 1
19.25 1
19.5 1
19.75 1
20 1.0798725e-42
20.25 9.891962499999999e-43
20.5 8.818512499999999e-43
20.75 7.676777500000001e-43
21 6.54646125e-43
21.25 5.47889125e-43
21.5 4.51019625e-43
21.75 3.655785000000001e-43
22 2.92602625e-43
22.25 2.318225e-43
22.5 1.8271575e-43
22.75 1.43087875e-43
23 1.1194225e-43
23.25 8.721475e-44
23.5 6.8083925e-44
23.75 5.3337725e-44
24 4.21127875e-44
24.25 3.3572175e-44
24.5 2.70494875e-44
24.75 2.20257625e-44
25 1.807785e-44
25.25 1.49863e-44
25.5 1.2510225e-44
25.75 1.05324625e-44
26 8.925087499999999e-45
26.25 7.621337500000001e-45
26.5 6.55773125e-45
26.75 5.68024625e-45
27 4.94741625e-45
27.25 4.3375325e-45
27.5 3.8246775e-45
27.75 3.38961875e-45
28 3.0230025e-45
28.25 2.710505e-45
28.5 2.441495e-45
28.75 2.2098475e-45
29 2.009875e-45
29.25 1.83607375e-45
29.5 1.68343875e-45
29.75 1.549485e-45
30 1.43072125e-45
30.25 1.32398e-45
30.5 1.22733625e-45
30.75 1.13990625e-45
31 1.06231125e-45
31.25 9.9115625e-46
31.5 9.266337499999999e-46
31.75 8.6914275e-46
32 8.16206125e-46
32.25 7.67725875e-46
32.5 7.227832499999999e-46
32.75 6.81676625e-46
33 6.4389675e-46
33.25 6.08470625e-46
33.5 5.7601425e-46
33.75 5.45381375e-46
34 5.17040125e-46
34.25 4.9078225e-46
34.5 4.6613525e-46
34.75 4.432085e-46
35 4.21624e-46
35.25 4.0153925e-46
35.5 3.82601625e-46
35.75 3.64821625e-46
36 3.48215875e-46
36.25 3.326645e-46
36.5 3.179645e-46
36.75 3.041115e-46
37 2.91092375e-46
37.25 2.7882575e-46
37.5 2.67274e-46
37.75 2.56515e-46
38 2.462705e-46
38.25 2.36690125e-46
38.5 2.27649625e-46
38.75 2.19167375e-46
39 2.11222375e-46
39.25 2.03690375e-46
39.5 1.96693875e-46
39.75 1.90012375e-46
40 1.83673e-46
40.25 1.7775625e-46
40.5 1.72076625e-46
40.75 1.66698875e-46
41 1.61578375e-46
41.25 1.56699375e-46
41.5 1.52065375e-46
41.75 1.47704375e-46
42 1.434615e-46
42.25 1.3944175e-46
42.5 1.35671375e-46
42.75 1.3206025e-46
43 1.2865125e-46
43.25 1.25379625e-46
43.5 1.22241875e-46
43.75 1.192485e-46
44 1.16419625e-46
44.25 1.13712375e-46
44.5 1.11124125e-46
44.75 1.0864875e-46
45 1.0631075e-46
45.25 1.040795e-46
45.5 1.01940125e-46
45.75 9.9883e-47
46 9.7929125e-47
46.25 9.608812500000001e-47
46.5 9.4306625e-47
46.75 9.259075000000001e-47
47 9.094399999999999e-47
47.25 8.936287499999999e-47
47.5 8.788675e-47
47.75 8.642112499999999e-47
48 8.50222625e-47
48.25 8.36677625e-47
48.5 8.23696125e-47
48.75 8.11206375e-47
49 7.9918475e-47
49.25 7.876881249999999e-47
49.5 7.76545875e-47
49.75 7.65965375e-47
50 7.55853875e-47
50.25 7.46022375e-47
50.5 7.36439375e-47
50.75 7.273682499999999e-47
51 7.18612125e-47
51.25 7.098979999999999e-47
51.5 7.01561875e-47
51.75 6.93216125e-47
52 6.85325375e-47
52.25 6.776962500000001e-47
52.5 6.7024825e-47
52.75 6.62972625e-47
53 6.55925375e-47
53.25 6.49072375e-47
53.5 6.42394375e-47
53.75 6.35849375e-47
54 6.294504999999999e-47
54.25 6.232764999999999e-47
54.5 6.17287125e-47
54.75 6.11482375e-47
55 6.058946249999999e-47
55.25 6.003025e-47
55.5 5.950315e-47
55.75 5.898226250000001e-47
56 5.8471175e-47
56.25 5.7975225e-47
56.5 5.749905e-47
56.75 5.70310125e-47
57 5.6564375e-47
57.25 5.6109025e-47
57.5 5.5667675e-47
57.75 5.523455e-47
58 5.481647500000001e-47
58.25 5.440522499999999e-47
58.5 5.400298749999999e-47
58.75 5.36041625e-47
59 5.321041250000001e-47
59.25 5.282235e-47
59.5 5.245318750000001e-47
59.75 5.20919875e-47
60 5.17251e-47
60.25 5.13629375e-47
60.5 5.099954999999999e-47
60.75 5.0639925e-47
61 5.028406250000001e-47
61.25 4.992741250000001e-47
61.5 4.95914125e-47
61.75 4.92583875e-47
62 4.89367375e-47
62.25 4.861683749999999e-47
62.5 4.8307525e-47
62.75 4.7999e-47
63 4.76868e-47
63.25 4.73781e-47
63.5 4.7078325e-47
63.75 4.678047499999999e-47
64 4.6495225e-47
64.25 4.620525e-47
64.5 4.5925075e-47
64.75 4.56472625e-47
65 4.53704125e-47
65.25 4.510493750000001e-47
65.5 4.48384125e-47
65.75 4.45746875e-47
66 4.431498750000001e-47
66.25 4.40605375e-47
66.5 4.3804425e-47
66.75 4.3551725e-47
67 4.330165e-47
67.25 4.306049999999999e-47
67.5 4.28225e-47
67.75 4.25851125e-47
68 4.23535e-47
68.25 4.2124425e-47
68.5 4.1895525e-47
68.75 4.1669075e-47
69 4.14495375e-47
69.25 4.12323625e-47
69.5 4.10193e-47
69.75 4.0809825e-47
70 4.05909875e-47
70.25 4.038895e-47
70.5 4.0180525e-47
70.75 3.9985225e-47
71 3.97767125e-47
71.25 3.95824625e-47
71.5 3.93925e-47
71.75 3.9204725e-47
72 3.90130125e-47
72.25 3.88238375e-47
72.5 3.8636325e-47
72.75 3.845485e-47
73 3.82715375e-47
73.25 3.80912e-47
73.5 3.79108625e-47
73.75 3.77349e-47
74 3.75603375e-47
74.25 3.73895375e-47
74.5 3.7220925e-47
74.75 3.7054325e-47
75 3.68907e-47
75.25 3.672795e-47
75.5 3.65673875e-47
75.75 3.64091875e-47
76 3.625195e-47
76.25 3.60980375e-47
76.5 3.594465e-47
76.75 3.57947625e-47
77 3.56426875e-47
77.25 3.54937625e-47
77.5 3.53492125e-47
77.75 3.52062375e-47
78 3.50653625e-47
78.25 3.49293875e-47
78.5 3.479105e-47
78.75 3.46593625e-47
79 3.45183125e-47
79.25 3.43872375e-47
79.5 3.42573e-47
79.75 3.41219375e-47
80 3.39915625e-47
80.25 3.38660875e-47
80.5 3.3739825e-47
80.75 3.3618025e-47
81 3.3499725e-47
81.25 3.3380375e-47
81.5 3.32605875e-47
81.75 3.31438625e-47
82 3.30320375e-47
82.25 3.2916975e-47
82.5 3.28031375e-47
82.75 3.26944625e-47
83 3.25884125e-47
83.25 3.2482625e-47
83.5 3.2381475e-47
83.75 3.227175e-47
84 3.21701625e-47
84.25 3.20667375e-47
84.5 3.19697875e-47
84.75 3.1870125e-47
85 3.177545e-47
85.25 3.16729875e-47
85.5 3.157945e-47
85.75 3.14850375e-47
86 3.139325e-47
86.25 3.1304175e-47
86.5 3.12172e-47
86.75 3.11308375e-47
87 3.10436e-47
87.25 3.095715e-47
87.5 3.08728e-47
87.75 3.07897625e-47
88 3.07082125e-47
88.25 3.06278e-47
88.5 3.05508e-47
88.75 3.04712625e-47
89 3.03944375e-47
89.25 3.03207625e-47
89.5 3.0248575e-47
89.75 3.0171575e-47
90 3.00976375e-47
90.25 3.0024925e-47
90.5 2.9955625e-47
90.75 2.9886325e-47
91 2.98171125e-47
91.25 2.974825e-47
91.5 2.96802625e-47
91.75 2.96114875e-47
92 2.9547e-47
92.25 2.94832125e-47
92.5 2.94195125e-47
92.75 2.93563375e-47
93 2.9295e-47
93.25 2.92355e-47
93.5 2.91746875e-47
93.75 2.9118075e-47
94 2.9055775e-47
94.25 2.8997675e-47
94.5 2.89394e-47
94.75 2.88785e-47
95 2.882495e-47
95.25 2.87700875e-47
95.5 2.87182875e-47
95.75 2.86664e-47
96 2.8610575e-47
96.25 2.85609625e-47
96.5 2.85117875e-47
96.75 2.8463225e-47
97 2.84122125e-47
97.25 2.83635625e-47
97.5 2.831535e-47
97.75 2.82697625e-47
98 2.8226625e-47
98.25 2.81824375e-47
98.5 2.81393e-47
98.75 2.8093975e-47
99 2.80504875e-47
99.25 2.80063875e-47
99.5 2.796045e-47
99.75 2.79183625e-47
100 2.787715e-47
100.25 2.7832875e-47
100.5 2.77899125e-47
100.75 2.7748e-47
101 2.77074e-47
101.25 2.76660125e-47
101.5 2.76283875e-47
101.75 2.75862125e-47
102 2.75473625e-47
102.25 2.75071125e-47
102.5 2.74689625e-47
102.75 2.742985e-47
103 2.738995e-47
103.25 2.73538125e-47
103.5 2.7319425e-47
103.75 2.72813625e-47
104 2.72446125e-47
104.25 2.721075e-47
104.5 2.71782e-47
104.75 2.71459125e-47
105 2.7110825e-47
105.25 2.70787125e-47
105.5 2.70454625e-47
105.75 2.7013175e-47
106 2.6979225e-47
106.25 2.69464125e-47
106.5 2.69121125e-47
106.75 2.68806125e-47
107 2.68487625e-47
107.25 2.6816125e-47
107.5 2.67843625e-47
107.75 2.67523375e-47
108 2.67218e-47
108.25 2.66912625e-47
108.5 2.66637e-47
108.75 2.66357875e-47
109 2.66063e-47
109.25 2.658005e-47
109.5 2.65517875e-47
109.75 2.65234375e-47
110 2.64987625e-47
110.25 2.64733e-47
110.5 2.64448625e-47
110.75 2.64198375e-47
111 2.63928875e-47
111.25 2.63690875e-47
111.5 2.63459875e-47
111.75 2.6324025e-47
112 2.62980375e-47
112.25 2.6271525e-47
112.5 2.62464125e-47
112.75 2.6220425e-47
113 2.61961875e-47
113.25 2.61736125e-47
113.5 2.61506875e-47
113.75 2.6126275e-47
114 2.6104575e-47
114.25 2.6080775e-47
114.5 2.6058725e-47
114.75 2.6038425e-47
115 2.60197875e-47
115.25 2.5998175e-47
115.5 2.59770875e-47
115.75 2.59557375e-47
116 2.5935525e-47
116.25 2.59161875e-47
116.5 2.58946625e-47
116.75 2.5875675e-47
117 2.58582625e-47
117.25 2.58388375e-47
117.5 2.58195875e-47
117.75 2.57989375e-47
118 2.57821375e-47
118.25 2.5765075e-47
118.5 2.57467875e-47
118.75 2.57292e-47
119 2.5710125e-47
119.25 2.5691925e-47
119.5 2.567285e-47
119.75 2.56526375e-47
120 2.5634525e-47
120.25 2.5617025e-47
120.5 2.5599875e-47
120.75 2.5583075e-47
121 2.55653125e-47
121.25 2.55481625e-47
121.5 2.55306625e-47
121.75 2.5514825e-47
122 2.5498025e-47
122.25 2.54790375e-47
122.5 2.546145e-47
122.75 2.5446925e-47
123 2.542785e-47
123.25 2.541105e-47
123.5 2.5395475e-47
123.75 2.53782375e-47
124 2.53612625e-47
124.25 2.5345775e-47
124.5 2.53301125e-47
124.75 2.53140125e-47
125 2.52993125e-47
125.25 2.528295e-47
125.5 2.52651875e-47
125.75 2.5250225e-47
126 2.52382375e-47
126.25 2.5223975e-47
126.5 2.520735e-47
126.75 2.5192125e-47
127 2.5176725e-47
127.25 2.51612375e-47
127.5 2.5145925e-47
127.75 2.5131225e-47
128 2.5117225e-47
128.25 2.5100775e-47
128.5 2.50845875e-47
128.75 2.50683125e-47
129 2.50537875e-47
129.25 2.50383875e-47
129.5 2.5023425e-47
129.75 2.50088125e-47
130 2.49946375e-47
130.25 2.49795875e-47
130.5 2.49669e-47
130.75 2.49542125e-47
131 2.4939075e-47
131.25 2.4923325e-47
131.5 2.491055e-47
131.75 2.48968125e-47
132 2.4880625e-47
132.25 2.48661875e-47
132.5 2.4853325e-47
132.75 2.4839675e-47
133 2.48262875e-47
133.25 2.481255e-47
133.5 2.47989875e-47
133.75 2.47858625e-47
134 2.4773175e-47
134.25 2.47587375e-47
134.5 2.47436875e-47
134.75 2.47303875e-47
135 2.471735e-47
135.25 2.47043125e-47
135.5 2.46925e-47
135.75 2.46805125e-47
136 2.46673875e-47
136.25 2.46556625e-47
136.5 2.4642625e-47
136.75 2.462985e-47
137 2.46176875e-47
137.25 2.4605525e-47
137.5 2.4594325e-47
137.75 2.4582775e-47
138 2.45709625e-47
138.25 2.45595875e-47
138.5 2.45471625e-47
138.75 2.45347375e-47
139 2.452415e-47
139.25 2.45111125e-47
139.5 2.44993875e-47
139.75 2.44874e-47
140 2.44759375e-47
140.25 2.4466225e-47
140.5 2.445625e-47
140.75 2.44465375e-47
141 2.443455e-47
141.25 2.442615e-47
141.5 2.44160875e-47
141.75 2.4405325e-47
142 2.439465e-47
142.25 2.4385025e-47
142.5 2.4374525e-47
142.75 2.43648125e-47
143 2.4355275e-47
143.25 2.43446e-47
143.5 2.433375e-47
143.75 2.43231625e-47
144 2.43124875e-47
144.25 2.43014625e-47
144.5 2.42921e-47
144.75 2.42808125e-47
145 2.42706625e-47
145.25 2.426165e-47
145.5 2.42500125e-47
145.75 2.42393375e-47
146 2.42305875e-47
146.25 2.42207e-47
146.5 2.42108125e-47
146.75 2.42003125e-47
147 2.41899875e-47
147.25 2.417975e-47
147.5 2.4169775e-47
147.75 2.41607625e-47
148 2.4152275e-47
148.25 2.41409e-47
148.5 2.41306625e-47
148.75 2.41213e-47
149 2.41115e-47
149.25 2.410205e-47
149.5 2.40911125e-47
149.75 2.40823625e-47
150 2.4074575e-47
150.25 2.40667e-47
150.5 2.4059525e-47
150.75 2.40506875e-47
151 2.4041325e-47
151.25 2.4031525e-47
151.5 2.4022775e-47
151.75 2.40128875e-47
152 2.40032625e-47
152.25 2.3993725e-47
152.5 2.39857625e-47
152.75 2.39777125e-47
153 2.39687875e-47
153.25 2.3961175e-47
153.5 2.39535625e-47
153.75 2.39456875e-47
154 2.39358875e-47
154.25 2.39276625e-47
154.5 2.39204e-47
154.75 2.39113875e-47
155 2.39036875e-47
155.25 2.38954625e-47
155.5 2.38879375e-47
155.75 2.3879625e-47
156 2.3872275e-47
156.25 2.3863175e-47
156.5 2.38546e-47
156.75 2.38466375e-47
157 2.38392875e-47
157.25 2.38303625e-47
157.5 2.382275e-47
157.75 2.381435e-47
158 2.3807525e-47
158.25 2.38002625e-47
158.5 2.3791775e-47
158.75 2.3783375e-47
159 2.37740125e-47
159.25 2.3765875e-47
159.5 2.3758175e-47
159.75 2.37502125e-47
160 2.37428625e-47
160.25 2.37349875e-47
160.5 2.37271125e-47
160.75 2.37185375e-47
161 2.37104875e-47
161.25 2.3703925e-47
161.5 2.36978e-47
161.75 2.369045e-47
162 2.36824875e-47
162.25 2.36747875e-47
162.5 2.366805e-47
162.75 2.36595625e-47
163 2.36530875e-47
163.25 2.3646525e-47
163.5 2.36411e-47
163.75 2.36352375e-47
164 2.36285875e-47
164.25 2.36224625e-47
164.5 2.36165125e-47
164.75 2.36089e-47
165 2.36030375e-47
165.25 2.35969125e-47
165.5 2.3591225e-47
165.75 2.35841375e-47
166 2.35776625e-47
166.25 2.3570225e-47
166.5 2.3562525e-47
166.75 2.35554375e-47
167 2.35487875e-47
167.25 2.3542575e-47
167.5 2.3535225e-47
167.75 2.35276125e-47
168 2.35209625e-47
168.25 2.3513525e-47
168.5 2.3507925e-47
168.75 2.350005e-47
169 2.34934875e-47
169.25 2.34873625e-47
169.5 2.3481675e-47
169.75 2.34766875e-47
170 2.34703e-47
170.25 2.3463125e-47
170.5 2.3456125e-47
170.75 2.345035e-47
171 2.3443525e-47
171.25 2.34373125e-47
171.5 2.343145e-47
171.75 2.342375e-47
172 2.34171e-47
172.25 2.34112375e-47
172.5 2.34040625e-47
172.75 2.3397325e-47
173 2.33907625e-47
173.25 2.33855125e-47
173.5 2.33790375e-47
173.75 2.337405e-47
174 2.33673125e-47
174.25 2.33610125e-47
174.5 2.33548875e-47
174.75 2.3347275e-47
175 2.33415875e-47
175.25 2.33361625e-47
175.5 2.33303e-47
175.75 2.33251375e-47
176 2.33188375e-47
176.25 2.3312975e-47
176.5 2.330825e-47
176.75 2.3303875e-47
177 2.3300025e-47
177.25 2.3295125e-47
177.5 2.32894375e-47
177.75 2.3284275e-47
178 2.32792e-47
178.25 2.3275175e-47
178.5 2.3268875e-47
178.75 2.32631e-47
179 2.3257675e-47
179.25 2.32519e-47
179.5 2.32448125e-47
179.75 2.3239475e-47
180 2.323475e-47
180.25 2.3230375e-47
180.5 2.3224775e-47
180.75 2.3219875e-47
181 2.32133125e-47
181.25 2.3207275e-47
181.5 2.32026375e-47
181.75 2.31966e-47
182 2.319065e-47
182.25 2.31854e-47
182.5 2.3179625e-47
182.75 2.3173675e-47
183 2.3168775e-47
183.25 2.3163175e-47
183.5 2.31587125e-47
183.75 2.315425e-47
184 2.31503125e-47
184.25 2.3145675e-47
184.5 2.314025e-47
184.75 2.3135525e-47
185 2.312975e-47
185.25 2.31251125e-47
185.5 2.31205625e-47
185.75 2.31156625e-47
186 2.31105875e-47
186.25 2.31056e-47
186.5 2.31007e-47
186.75 2.30969375e-47
187 2.30922125e-47
187.25 2.30869625e-47
187.5 2.308145e-47
187.75 2.30773375e-47
188 2.30734e-47
188.25 2.30692e-47
188.5 2.3065e-47
188.75 2.3060275e-47
189 2.3056425e-47
189.25 2.30519625e-47
189.5 2.30467125e-47
189.75 2.3042075e-47
190 2.30372625e-47
190.25 2.30327125e-47
190.5 2.302825e-47
190.75 2.3023525e-47
191 2.30195875e-47
191.25 2.30148625e-47
191.5 2.30104875e-47
191.75 2.30045375e-47
192 2.3000425e-47
192.25 2.29968375e-47
192.5 2.29919375e-47
192.75 2.29884375e-47
193 2.2983625e-47
193.25 2.29793375e-47
193.5 2.2974875e-47
193.75 2.2970325e-47
194 2.29662125e-47
194.25 2.29618375e-47
194.5 2.29572e-47
194.75 2.29522125e-47
195 2.2947925e-47
195.25 2.29438125e-47
195.5 2.2939525e-47
195.75 2.2934625e-47
196 2.29306875e-47
196.25 2.29250875e-47
196.5 2.292115e-47
196.75 2.29165125e-47
197 2.29131875e-47
197.25 2.29089875e-47
197.5 2.29047e-47
197.75 2.29019875e-47
198 2.2897e-47
198.25 2.28934125e-47
198.5 2.28888625e-47
198.75 2.28851875e-47
199 2.28804625e-47
199.25 2.28764375e-47
199.5 2.28715375e-47
199.75 2.2867075e-47
200 2.28634e-47
200.25 2.2860075e-47
200.5 2.2856225e-47
200.75 2.28517625e-47
201 2.28487875e-47
201.25 2.28444125e-47
201.5 2.284065e-47
201.75 2.28368875e-47
202 2.28335625e-47
202.25 2.283015e-47
202.5 2.28255125e-47
202.75 2.282e-47
203 2.28162375e-47
203.25 2.28127375e-47
203.5 2.28101125e-47
203.75 2.2807575e-47
204 2.28036375e-47
204.25 2.27990875e-47
204.5 2.27952375e-47
204.75 2.279165e-47
205 2.27878e-47
205.25 2.27845625e-47
205.5 2.27810625e-47
205.75 2.27772125e-47
206 2.27731e-47
206.25 2.276995e-47
206.5 2.2765925e-47
206.75 2.27633875e-47
207 2.27598e-47
207.25 2.275595e-47
207.5 2.275245e-47
207.75 2.27479875e-47
208 2.27444e-47
208.25 2.27411625e-47
208.5 2.27380125e-47
208.75 2.27350375e-47
209 2.2731625e-47
209.25 2.27271625e-47
209.5 2.27236625e-47
209.75 2.27210375e-47
210 2.2717625e-47
210.25 2.2715e-47
210.5 2.27129875e-47
210.75 2.27107125e-47
211 2.27073875e-47
211.25 2.27037125e-47
211.5 2.27002125e-47
211.75 2.26975875e-47
212 2.26946125e-47
212.25 2.26912875e-47
212.5 2.2687875e-47
212.75 2.26842e-47
213 2.2680875e-47
213.25 2.26765e-47
213.5 2.26737e-47
213.75 2.26713375e-47
214 2.26674e-47
214.25 2.26646e-47
214.5 2.2661975e-47
214.75 2.26589125e-47
215 2.26557625e-47
215.25 2.26527e-47
215.5 2.26503375e-47
215.75 2.26487625e-47
216 2.26459625e-47
216.25 2.264255e-47
216.5 2.26401e-47
216.75 2.26372125e-47
217 2.2633625e-47
217.25 2.2631e-47
217.5 2.2628375e-47
217.75 2.26254875e-47
218 2.26226875e-47
218.25 2.26191e-47
218.5 2.261665e-47
218.75 2.2614025e-47
219 2.26113125e-47
219.25 2.26090375e-47
219.5 2.26064125e-47
219.75 2.26041375e-47
220 2.260195e-47
220.25 2.25992375e-47
220.5 2.25966125e-47
220.75 2.25943375e-47
221 2.259145e-47
221.25 2.25882125e-47
221.5 2.25855e-47
221.75 2.2583575e-47
222 2.25810375e-47
222.25 2.25785875e-47
222.5 2.25771e-47
222.75 2.25747375e-47
223 2.257255e-47
223.25 2.25708e-47
223.5 2.25680875e-47
223.75 2.2566425e-47
224 2.25645875e-47
224.25 2.25621375e-47
224.5 2.2559775e-47
224.75 2.2557675e-47
225 2.25561875e-47
225.25 2.25549625e-47
225.5 2.25530375e-47
225.75 2.25511125e-47
226 2.25490125e-47
226.25 2.25476125e-47
226.5 2.25458625e-47
226.75 2.25442875e-47
227 2.2541925e-47
227.25 2.25397375e-47
227.5 2.25386875e-47
227.75 2.25365e-47
228 2.2535275e-47
228.25 2.25339625e-47
228.5 2.25316e-47
228.75 2.25295875e-47
229 2.25274875e-47
229.25 2.252635e-47
229.5 2.2525125e-47
229.75 2.25222375e-47
230 2.25204e-47
230.25 2.2518825e-47
230.5 2.25164625e-47
230.75 2.25140125e-47
231 2.25126125e-47
231.25 2.251095e-47
231.5 2.250955e-47
231.75 2.25077125e-47
232 2.25071875e-47
232.25 2.2504475e-47
232.5 2.25031625e-47
232.75 2.2502025e-47
233 2.25008875e-47
233.25 2.24991375e-47
233.5 2.2497125e-47
233.75 2.24959875e-47
234 2.24945e-47
234.25 2.2493275e-47
234.5 2.2492575e-47
234.75 2.2491e-47
235 2.24893375e-47
235.25 2.24875875e-47
235.5 2.24856625e-47
235.75 2.24847875e-47
236 2.2484525e-47
236.25 2.2483125e-47
236.5 2.24811125e-47
236.75 2.2479625e-47
237 2.2478575e-47
237.25 2.24769125e-47
237.5 2.24758625e-47
237.75 2.2475075e-47
238 2.247315e-47
238.25 2.2472275e-47
238.5 2.2472275e-47
238.75 2.2471225e-47
239 2.2470175e-47
239.25 2.2470175e-47
239.5 2.24688625e-47
239.75 2.24678125e-47
240 2.246685e-47
240.25 2.24657125e-47
240.5 2.24644e-47
240.75 2.24634375e-47
241 2.24616e-47
241.25 2.24602875e-47
241.5 2.24597625e-47
241.75 2.24592375e-47
242 2.24574875e-47
242.25 2.24557375e-47
242.5 2.24553e-47
242.75 2.24550375e-47
243 2.245355e-47
243.25 2.24529375e-47
243.5 2.2453025e-47
243.75 2.2452325e-47
244 2.2451975e-47
244.25 2.2450925e-47
244.5 2.24506625e-47
244.75 2.24504e-47
245 2.2450225e-47
245.25 2.24490875e-47
245.5 2.2448125e-47
245.75 2.24471625e-47
246 2.2446025e-47
246.25 2.24450625e-47
246.5 2.244375e-47
246.75 2.2442875e-47
247 2.24429625e-47
247.25 2.24422625e-47
247.5 2.24420875e-47
247.75 2.2442e-47
248 2.24415625e-47
248.25 2.2441475e-47
248.5 2.24399e-47
248.75 2.24392875e-47
249 2.2438325e-47
249.25 2.24384125e-47
249.5 2.24377125e-47
249.75 2.2437625e-47
250 2.24378875e-47
250.25 2.24378e-47
250.5 2.24378e-47
250.75 2.24378e-47
251 2.2438325e-47
251.25 2.24377125e-47
251.5 2.2437625e-47
251.75 2.24380625e-47
252 2.243745e-47
252.25 2.24375375e-47
252.5 2.2436575e-47
252.75 2.2435875e-47
253 2.243605e-47
253.25 2.24363125e-47
253.5 2.24371e-47
253.75 2.2437625e-47
254 2.2436925e-47
254.25 2.24370125e-47
254.5 2.2437275e-47
254.75 2.24364875e-47
255 2.24371e-47
255.25 2.24370125e-47
255.5 2.24370125e-47
255.75 2.24378875e-47
256 2.24373625e-47
256.25 2.2436925e-47
256.5 2.24371875e-47
256.75 2.243815e-47
257 2.24378e-47
257.25 2.2436925e-47
257.5 2.2438675e-47
257.75 2.24389375e-47
258 2.24392e-47
258.25 2.24394625e-47
258.5 2.24405125e-47
258.75 2.2441125e-47
259 2.24417375e-47
259.25 2.24419125e-47
259.5 2.24426125e-47
259.75 2.24433125e-47
260 2.24447125e-47
260.25 2.2445675e-47
260.5 2.24462e-47
260.75 2.2447425e-47
261 2.244865e-47
261.25 2.2449175e-47
261.5 2.24503125e-47
261.75 2.24517125e-47
262 2.245285e-47
262.25 2.24538125e-47
262.5 2.24546875e-47
262.75 2.24548625e-47
263 2.24560875e-47
263.25 2.2456875e-47
263.5 2.2457575e-47
263.75 2.245915e-47
264 2.24599375e-47
264.25 2.24609e-47
264.5 2.24627375e-47
264.75 2.2463e-47
265 2.24644e-47
265.25 2.2465975e-47
265.5 2.2467725e-47
265.75 2.24685125e-47
266 2.24693e-47
266.25 2.24711375e-47
266.5 2.24728875e-47
266.75 2.2474025e-47
267 2.24758625e-47
267.25 2.247735e-47
267.5 2.24790125e-47
267.75 2.248085e-47
268 2.24825125e-47
268.25 2.2484175e-47
268.5 2.24856625e-47
268.75 2.24868875e-47
269 2.2488725e-47
269.25 2.24903875e-47
269.5 2.249205e-47
269.75 2.24935375e-47
270 2.24951125e-47
270.25 2.249695e-47
270.5 2.24984375e-47
270.75 2.25007125e-47
271 2.2502025e-47
271.25 2.25040375e-47
271.5 2.25050875e-47
271.75 2.25071875e-47
272 2.2508675e-47
272.25 2.25112125e-47
272.5 2.25127e-47
272.75 2.25150625e-47
273 2.2517775e-47
273.25 2.25192625e-47
273.5 2.25222375e-47
273.75 2.25243375e-47
274 2.252565e-47
274.25 2.2527225e-47
274.5 2.25299375e-47
274.75 2.253195e-47
275 2.2533525e-47
275.25 2.25360625e-47
275.5 2.25374625e-47
275.75 2.25395625e-47
276 2.2541925e-47
276.25 2.2544375e-47
276.5 2.2546125e-47
276.75 2.2547e-47
277 2.25486625e-47
277.25 2.25502375e-47
277.5 2.25525125e-47
277.75 2.25546125e-47
278 2.25570625e-47
278.25 2.2559075e-47
278.5 2.2560825e-47
278.75 2.256345e-47
279 2.2566075e-47
279.25 2.2568525e-47
279.5 2.25701e-47
279.75 2.2571325e-47
280 2.25738625e-47
280.25 2.25761375e-47
280.5 2.257885e-47
280.75 2.2582e-47
281 2.2585675e-47
281.25 2.2588825e-47
281.5 2.25915375e-47
281.75 2.2594425e-47
282 2.25967875e-47
282.25 2.2599675e-47
282.5 2.2602125e-47
282.75 2.2604575e-47
283 2.260685e-47
283.25 2.261e-47
283.5 2.26135875e-47
283.75 2.2615775e-47
284 2.26198875e-47
284.25 2.2623125e-47
284.5 2.26268e-47
284.75 2.26296e-47
285 2.26333625e-47
285.25 2.263625e-47
285.5 2.26400125e-47
285.75 2.26429e-47
286 2.26464e-47
286.25 2.26499875e-47
286.5 2.26531375e-47
286.75 2.26569875e-47
287 2.266005e-47
287.25 2.26645125e-47
287.5 2.26685375e-47
287.75 2.26732625e-47
288 2.26769375e-47
288.25 2.26814875e-47
288.5 2.26849875e-47
288.75 2.2688925e-47
289 2.2693125e-47
289.25 2.26972375e-47
289.5 2.27017e-47
289.75 2.27070375e-47
290 2.2712025e-47
290.25 2.2716575e-47
290.5 2.2722875e-47
290.75 2.27287375e-47
291 2.2733725e-47
291.25 2.27409875e-47
291.5 2.27462375e-47
291.75 2.27534125e-47
292 2.27598e-47
292.25 2.276855e-47
292.5 2.27759875e-47
292.75 2.278465e-47
293 2.27931375e-47
293.25 2.2801625e-47
293.5 2.28111625e-47
293.75 2.28221875e-47
294 2.28339125e-47
294.25 2.28445e-47
294.5 2.286025e-47
294.75 2.28748625e-47
295 2.2891575e-47
295.25 2.29109125e-47
295.5 2.293025e-47
295.75 2.2952825e-47
296 2.29796e-47
296.25 2.30122375e-47
296.5 2.30467125e-47
296.75 2.3091075e-47
297 2.3140075e-47
297.25 2.32085875e-47
297.5 2.3296525e-47
297.75 2.34245375e-47
298 2.36525625e-47
298.25 2.41252375e-47
298.5 2.55114125e-47
298.75 3.26032e-47
299 7.54081125e-47
299.25 4.02679375e-46
299.5 6.9560925e-45
299.75 6.236265e-45
300 3.7420075e-46
300.25 7.17315375e-47
300.5 3.35048875e-47
300.75 2.778895e-47
301 2.70606875e-47
301.25 2.7530825e-47
301.5 2.87735875e-47
301.75 3.10543625e-47
302 3.50804125e-47
302.25 4.27037625e-47
302.5 5.86880875e-47
302.75 1.00498125e-46
303 2.78581625e-46
303.25 3.5247625e-45
303.5 5.14331125e-46
303.75 1.27616125e-46
304 6.633514999999999e-47
304.25 4.57688875e-47
304.5 3.64949375e-47
304.75 3.16493625e-47
305 2.8895125e-47
305.25 2.72248375e-47
305.5 2.61361625e-47
305.75 2.54088625e-47
306 2.48941875e-47
306.25 2.4530625e-47
306.5 2.4262875e-47
306.75 2.40622375e-47
307 2.3909725e-47
307.25 2.37846e-47
307.5 2.3684675e-47
307.75 2.3596475e-47
308 2.35319875e-47
308.25 2.3476075e-47
308.5 2.34296125e-47
308.75 2.33902375e-47
309 2.3358825e-47
309.25 2.33293375e-47
309.5 2.33020375e-47
309.75 2.327185e-47
310 2.3248575e-47
310.25 2.32259125e-47
310.5 2.321165e-47
310.75 2.31980875e-47
311 2.31861875e-47
311.25 2.317455e-47
311.5 2.3166675e-47
311.75 2.315985e-47
312 2.31541625e-47
312.25 2.3151975e-47
312.5 2.31489125e-47
312.75 2.31466375e-47
313 2.3145675e-47
313.25 2.31448875e-47
313.5 2.31457625e-47
313.75 2.31480375e-47
314 2.31496125e-47
314.25 2.31527625e-47
314.5 2.3155475e-47
314.75 2.3160025e-47
315 2.31627375e-47
315.25 2.31672875e-47
315.5 2.3170875e-47
315.75 2.31756875e-47
316 2.31798e-47
316.25 2.3182775e-47
316.5 2.318715e-47
316.75 2.3191525e-47
317 2.31945e-47
317.25 2.3199925e-47
317.5 2.32045625e-47
317.75 2.32092875e-47
318 2.32148875e-47
318.25 2.32201375e-47
318.5 2.32255625e-47
318.75 2.32306375e-47
319 2.32365875e-47
319.25 2.32423625e-47
319.5 2.3247875e-47
319.75 2.32526e-47
320 2.32574125e-47
320.25 2.32631875e-47
320.5 2.32687875e-47
320.75 2.3274825e-47
321 2.32812125e-47
321.25 2.32883e-47
321.5 2.329425e-47
321.75 2.3299325e-47
322 2.330475e-47
322.25 2.33106125e-47
322.5 2.33165625e-47
322.75 2.33218125e-47
323 2.33289875e-47
323.25 2.33356375e-47
323.5 2.33417625e-47
323.75 2.3347975e-47
324 2.33552375e-47
324.25 2.3361975e-47
324.5 2.3368275e-47
324.75 2.337475e-47
325 2.33814875e-47
325.25 2.33884e-47
325.5 2.33942625e-47
325.75 2.34007375e-47
326 2.3407825e-47
326.25 2.34136875e-47
326.5 2.3420775e-47
326.75 2.34273375e-47
327 2.343425e-47
327.25 2.34416e-47
327.5 2.344825e-47
327.75 2.34556875e-47
328 2.34626875e-47
328.25 2.34700375e-47
328.5 2.34779125e-47
328.75 2.34856125e-47
329 2.3492175e-47
329.25 2.349935e-47
329.5 2.35064375e-47
329.75 2.35132625e-47
330 2.3520875e-47
330.25 2.35267375e-47
330.5 2.35339125e-47
330.75 2.3541175e-47
331 2.35486125e-47
331.25 2.35557e-47
331.5 2.3564275e-47
331.75 2.3571275e-47
332 2.35774e-47
332.25 2.3585275e-47
332.5 2.359315e-47
332.75 2.3600675e-47
333 2.3608725e-47
333.25 2.36159875e-47
333.5 2.36247375e-47
333.75 2.36329625e-47
334 2.36396125e-47
334.25 2.3646875e-47
334.5 2.365475e-47
334.75 2.36614875e-47
335 2.366945e-47
335.25 2.36775875e-47
335.5 2.3685375e-47
335.75 2.36929e-47
336 2.37006875e-47
336.25 2.3709e-47
336.5 2.3717225e-47
336.75 2.3724925e-47
337 2.37330625e-47
337.25 2.37412e-47
337.5 2.37493375e-47
337.75 2.375765e-47
338 2.37657e-47
338.25 2.37745375e-47
338.5 2.37825e-47
338.75 2.3791075e-47
339 2.3800175e-47
339.25 2.380805e-47
339.5 2.38174125e-47
339.75 2.3826075e-47
340 2.38357875e-47
340.25 2.38434875e-47
340.5 2.38518e-47
340.75 2.38602e-47
341 2.38688625e-47
341.25 2.38767375e-47
341.5 2.388505e-47
341.75 2.389345e-47
342 2.39019375e-47
342.25 2.39106e-47
342.5 2.3919e-47
342.75 2.3928625e-47
343 2.39371125e-47
343.25 2.39463875e-47
343.5 2.3956275e-47
343.75 2.396625e-47
344 2.3974825e-47
344.25 2.398305e-47
344.5 2.39924125e-47
344.75 2.40013375e-47
345 2.40099125e-47
345.25 2.401875e-47
345.5 2.40275e-47
345.75 2.40373e-47
346 2.40466625e-47
346.25 2.40547125e-47
346.5 2.40643375e-47
346.75 2.40730875e-47
347 2.40825375e-47
347.25 2.40918125e-47
347.5 2.41023125e-47
347.75 2.4110275e-47
348 2.4121125e-47
348.25 2.41303125e-47
348.5 2.41402e-47
348.75 2.41499125e-47
349 2.4158925e-47
349.25 2.4168375e-47
349.5 2.417765e-47
349.75 2.41880625e-47
350 2.41976875e-47
350.25 2.42067875e-47
350.5 2.42164125e-47
350.75 2.42260375e-47
351 2.4235575e-47
351.25 2.424625e-47
351.5 2.42564e-47
351.75 2.4266725e-47
352 2.42764375e-47
352.25 2.428685e-47
352.5 2.42977e-47
352.75 2.43075e-47
353 2.43173e-47
353.25 2.43282375e-47
353.5 2.43382125e-47
353.75 2.43483625e-47
354 2.4358775e-47
354.25 2.4369975e-47
354.5 2.4379075e-47
354.75 2.43884375e-47
355 2.43977125e-47
355.25 2.44080375e-47
355.5 2.44178375e-47
355.75 2.44279e-47
356 2.4437525e-47
356.25 2.444785e-47
356.5 2.44582625e-47
356.75 2.44703375e-47
357 2.44811875e-47
357.25 2.44911625e-47
357.5 2.4501925e-47
357.75 2.4512425e-47
358 2.45226625e-47
358.25 2.453465e-47
358.5 2.4544975e-47
358.75 2.45564375e-47
359 2.45672875e-47
359.25 2.4577875e-47
359.5 2.45889e-47
359.75 2.45994875e-47
360 2.4610775e-47
360.25 2.46225e-47
360.5 2.46341375e-47
360.75 2.46455125e-47
361 2.4656275e-47
361.25 2.46673875e-47
361.5 2.46796375e-47
361.75 2.46903125e-47
362 2.47009e-47
362.25 2.4711925e-47
362.5 2.47230375e-47
362.75 2.47352e-47
363 2.47470125e-47
363.25 2.47589125e-47
363.5 2.4769675e-47
363.75 2.4779475e-47
364 2.47911125e-47
364.25 2.480275e-47
364.5 2.48142125e-47
364.75 2.4824975e-47
365 2.4836525e-47
365.25 2.48476375e-47
365.5 2.4859275e-47
365.75 2.4871525e-47
366 2.4882725e-47
366.25 2.4894625e-47
366.5 2.49066125e-47
366.75 2.491895e-47
367 2.49304125e-47
367.25 2.49421375e-47
367.5 2.49542125e-47
367.75 2.49659375e-47
368 2.49783625e-47
368.25 2.499105e-47
368.5 2.50026875e-47
368.75 2.501485e-47
369 2.50264875e-47
369.25 2.50394375e-47
369.5 2.5052475e-47
369.75 2.50646375e-47
370 2.507785e-47
370.25 2.50887e-47
370.5 2.51017375e-47
370.75 2.5113725e-47
371 2.51260625e-47
371.25 2.51391e-47
371.5 2.515275e-47
371.75 2.5166225e-47
372 2.5178125e-47
372.25 2.5191425e-47
372.5 2.52041125e-47
372.75 2.5216975e-47
373 2.5229575e-47
373.25 2.52429625e-47
373.5 2.52553875e-47
373.75 2.52686e-47
374 2.52812e-47
374.25 2.5293975e-47
374.5 2.53071e-47
374.75 2.53203125e-47
375 2.53332625e-47
375.25 2.5346825e-47
375.5 2.5360125e-47
375.75 2.537325e-47
376 2.53873375e-47
376.25 2.540055e-47
376.5 2.5414025e-47
376.75 2.54275875e-47
377 2.5442375e-47
377.25 2.54561125e-47
377.5 2.5470025e-47
377.75 2.548385e-47
378 2.54968e-47
378.25 2.55112375e-47
378.5 2.5523925e-47
378.75 2.55383625e-47
379 2.55528e-47
379.25 2.55675875e-47
379.5 2.55815875e-47
379.75 2.55962e-47
380 2.561055e-47
380.25 2.56251625e-47
380.5 2.56396875e-47
380.75 2.56536e-47
381 2.56683875e-47
381.25 2.56830875e-47
381.5 2.5697875e-47
381.75 2.57123125e-47
382 2.57264e-47
382.25 2.57404e-47
382.5 2.57536125e-47
382.75 2.57693625e-47
383 2.57837125e-47
383.25 2.579745e-47
383.5 2.58125e-47
383.75 2.58276375e-47
384 2.58426875e-47
384.25 2.58573875e-47
384.5 2.587165e-47
384.75 2.58869625e-47
385 2.59016625e-47
385.25 2.591505e-47
385.5 2.593045e-47
385.75 2.594655e-47
386 2.596265e-47
386.25 2.5978575e-47
386.5 2.59933625e-47
386.75 2.6010425e-47
387 2.60264375e-47
387.25 2.60413125e-47
387.5 2.60582e-47
387.75 2.60740375e-47
388 2.60894375e-47
388.25 2.61058e-47
388.5 2.61216375e-47
388.75 2.6136075e-47
389 2.61527875e-47
389.25 2.61685375e-47
389.5 2.61844625e-47
389.75 2.62010875e-47
390 2.6216925e-47
390.25 2.62332875e-47
390.5 2.62497375e-47
390.75 2.62654e-47
391 2.62814125e-47
391.25 2.62982125e-47
391.5 2.63151e-47
391.75 2.63307625e-47
392 2.63472125e-47
392.25 2.6363925e-47
392.5 2.6379675e-47
392.75 2.6395425e-47
393 2.64124e-47
393.25 2.64308625e-47
393.5 2.6447575e-47
393.75 2.64649875e-47
394 2.64817875e-47
394.25 2.649885e-47
394.5 2.65159125e-47
394.75 2.65328e-47
395 2.65498625e-47
395.25 2.65664875e-47
395.5 2.65827625e-47
395.75 2.65992125e-47
396 2.6616975e-47
396.25 2.66349125e-47
396.5 2.66518e-47
396.75 2.66690375e-47
397 2.6686975e-47
397.25 2.67063125e-47
397.5 2.6722325e-47
397.75 2.67397375e-47
398 2.675715e-47
398.25 2.67729875e-47
398.5 2.67897e-47
398.75 2.68065e-47
399 2.68237375e-47
399.25 2.68415e-47
399.5 2.68594375e-47
399.75 2.6877725e-47
400 2.68960125e-47
400.25 2.69138625e-47
400.5 2.69313625e-47
400.75 2.69493e-47
401 2.6968025e-47
401.25 2.698605e-47
401.5 2.70048625e-47
401.75 2.7022275e-47
402 2.70403e-47
402.25 2.70577125e-47
402.5 2.7075125e-47
402.75 2.70939375e-47
403 2.711275e-47
403.25 2.7131825e-47
403.5 2.71513375e-47
403.75 2.7172075e-47
404 2.71912375e-47
404.25 2.72099625e-47
404.5 2.72293875e-47
404.75 2.7249075e-47
405 2.726885e-47
405.25 2.72874875e-47
405.5 2.73062125e-47
405.75 2.73245875e-47
406 2.7343575e-47
406.25 2.73618625e-47
406.5 2.73816375e-47
406.75 2.7399575e-47
407 2.741865e-47
407.25 2.74379e-47
407.5 2.74565375e-47
407.75 2.74754375e-47
408 2.74946e-47
408.25 2.7514025e-47
408.5 2.753345e-47
408.75 2.7553575e-47
409 2.75730875e-47
409.25 2.7593475e-47
409.5 2.76131625e-47
409.75 2.763215e-47
410 2.7651225e-47
410.25 2.76717875e-47
410.5 2.76919125e-47
410.75 2.77120375e-47
411 2.77312875e-47
411.25 2.77500125e-47
411.5 2.77697e-47
411.75 2.7789475e-47
412 2.780785e-47
412.25 2.7829025e-47
412.5 2.78474875e-47
412.75 2.78677875e-47
413 2.78887875e-47
413.25 2.79111e-47
413.5 2.79321875e-47
413.75 2.79530125e-47
414 2.7974625e-47
414.25 2.79960625e-47
414.5 2.80161e-47
414.75 2.80363125e-47
415 2.805705e-47
415.25 2.80777e-47
415.5 2.809905e-47
415.75 2.81208375e-47
416 2.81421e-47
416.25 2.81628375e-47
416.5 2.818375e-47
416.75 2.82051e-47
417 2.8227325e-47
417.25 2.82477125e-47
417.5 2.82680125e-47
417.75 2.8290325e-47
418 2.83126375e-47
418.25 2.8334775e-47
418.5 2.835595e-47
418.75 2.8377125e-47
419 2.83997e-47
419.25 2.8422275e-47
419.5 2.84433625e-47
419.75 2.84661125e-47
420 2.84897375e-47
420.25 2.85117875e-47
420.5 2.85317375e-47
420.75 2.8553875e-47
421 2.857645e-47
421.25 2.85999e-47
421.5 2.86237875e-47
421.75 2.86465375e-47
422 2.8667975e-47
422.25 2.868985e-47
422.5 2.87132125e-47
422.75 2.87366625e-47
423 2.8759675e-47
423.25 2.8781725e-47
423.5 2.88052625e-47
423.75 2.88285375e-47
424 2.88512875e-47
424.25 2.88729e-47
424.5 2.8896525e-47
424.75 2.8921025e-47
425 2.8945e-47
425.25 2.89688e-47
425.5 2.89907625e-47
425.75 2.90133375e-47
426 2.9037225e-47
426.25 2.9060325e-47
426.5 2.90829875e-47
426.75 2.91067875e-47
427 2.91298875e-47
427.25 2.91538625e-47
427.5 2.91774875e-47
427.75 2.92005e-47
428 2.92257e-47
428.25 2.92509e-47
428.5 2.927435e-47
428.75 2.92975375e-47
429 2.93211625e-47
429.25 2.93458375e-47
429.5 2.93698125e-47
429.75 2.93927375e-47
430 2.9419075e-47
430.25 2.94433125e-47
430.5 2.94693e-47
430.75 2.94924e-47
431 2.951725e-47
431.25 2.95416625e-47
431.5 2.9566425e-47
431.75 2.95896125e-47
432 2.96135875e-47
432.25 2.96391375e-47
432.5 2.966495e-47
432.75 2.96902375e-47
433 2.97164e-47
433.25 2.97409e-47
433.5 2.97661875e-47
433.75 2.979025e-47
434 2.98137875e-47
434.25 2.984135e-47
434.5 2.98668125e-47
434.75 2.98914e-47
435 2.991695e-47
435.25 2.99441625e-47
435.5 2.99691875e-47
435.75 2.99943e-47
436 3.00211625e-47
436.25 3.004505e-47
436.5 3.00701625e-47
436.75 3.00958e-47
437 3.012275e-47
437.25 3.01483875e-47
437.5 3.01746375e-47
437.75 3.02000125e-47
438 3.02264375e-47
438.25 3.0253475e-47
438.5 3.0280425e-47
438.75 3.03064125e-47
439 3.0332225e-47
439.25 3.03575125e-47
439.5 3.03842e-47
439.75 3.04131625e-47
440 3.04436125e-47
440.25 3.04696875e-47
440.5 3.0496375e-47
440.75 3.0522975e-47
441 3.0548175e-47
441.25 3.05732875e-47
441.5 3.06021625e-47
441.75 3.0627975e-47
442 3.06537875e-47
442.25 3.068135e-47
442.5 3.070795e-47
442.75 3.07381375e-47
443 3.076465e-47
443.25 3.079265e-47
443.5 3.08191625e-47
443.75 3.08482125e-47
444 3.08763e-47
444.25 3.0903425e-47
444.5 3.09323875e-47
444.75 3.09600375e-47
445 3.09873375e-47
445.25 3.10172625e-47
445.5 3.1045525e-47
445.75 3.107405e-47
446 3.11017875e-47
446.25 3.1129e-47
446.5 3.1157e-47
446.75 3.1185175e-47
447 3.12137e-47
447.25 3.1243975e-47
447.5 3.12711e-47
447.75 3.1300325e-47
448 3.13285e-47
448.25 3.13544875e-47
448.5 3.1383975e-47
448.75 3.14132e-47
449 3.14421625e-47
449.25 3.14720875e-47
449.5 3.15021875e-47
449.75 3.153325e-47
450 3.15602e-47
450.25 3.1589075e-47
450.5 3.1619875e-47
450.75 3.1650325e-47
451 3.16763125e-47
451.25 3.1705625e-47
451.5 3.17358125e-47
451.75 3.1764775e-47
452 3.17930375e-47
452.25 3.18234e-47
452.5 3.18527125e-47
452.75 3.18814125e-47
453 3.19127375e-47
453.25 3.19444125e-47
453.5 3.1975825e-47
453.75 3.2008025e-47
454 3.2038475e-47
454.25 3.20693625e-47
454.5 3.20994625e-47
454.75 3.21325375e-47
455 3.21626375e-47
455.25 3.2193175e-47
455.5 3.2223625e-47
455.75 3.22552125e-47
456 3.22854e-47
456.25 3.23148e-47
456.5 3.2344725e-47
456.75 3.23757e-47
457 3.240545e-47
457.25 3.24373875e-47
457.5 3.246775e-47
457.75 3.24989875e-47
458 3.253005e-47
458.25 3.25612e-47
458.5 3.25915625e-47
458.75 3.26220125e-47
459 3.26536e-47
459.25 3.2682475e-47
459.5 3.27142375e-47
459.75 3.27478375e-47
460 3.277715e-47
460.25 3.28099625e-47
460.5 3.284295e-47
460.75 3.2873225e-47
461 3.290385e-47
461.25 3.29382375e-47
461.5 3.29713125e-47
461.75 3.3005875e-47
462 3.304035e-47
462.25 3.30743875e-47
462.5 3.31095625e-47
462.75 3.31435125e-47
463 3.31772875e-47
463.25 3.32087e-47
463.5 3.32402e-47
463.75 3.32758125e-47
464 3.33097625e-47
464.25 3.33451125e-47
464.5 3.33769625e-47
464.75 3.340715e-47
465 3.34406625e-47
465.25 3.3475925e-47
465.5 3.35092625e-47
465.75 3.3542425e-47
466 3.3575675e-47
466.25 3.36060375e-47
466.5 3.3637625e-47
466.75 3.366965e-47
467 3.3704475e-47
467.25 3.3739475e-47
467.5 3.37719375e-47
467.75 3.38058875e-47
468 3.38438625e-47
468.25 3.387685e-47
468.5 3.3910975e-47
468.75 3.394475e-47
469 3.39824625e-47
469.25 3.40179e-47
469.5 3.4055175e-47
469.75 3.40913125e-47
470 3.41303375e-47
470.25 3.4165425e-47
470.5 3.4203575e-47
470.75 3.42377e-47
471 3.42748875e-47
471.25 3.4311375e-47
471.5 3.43476875e-47
471.75 3.43849625e-47
472 3.4418475e-47
472.25 3.444315e-47
472.5 3.44827e-47
472.75 3.45219e-47
473 3.4553575e-47
473.25 3.4587875e-47
473.5 3.4624275e-47
473.75 3.46576125e-47
474 3.46913e-47
474.25 3.4722625e-47
474.5 3.4752725e-47
474.75 3.4777925e-47
475 3.480155e-47
475.25 3.48254375e-47
475.5 3.484145e-47
475.75 3.48572e-47
476 3.48711125e-47
476.25 3.487925e-47
476.5 3.48856375e-47
476.75 3.48840625e-47
477 3.48791625e-47
477.25 3.48693625e-47
477.5 3.485615e-47
477.75 3.48357625e-47
478 3.48084625e-47
478.25 3.47785375e-47
478.5 3.4741175e-47
478.75 3.47004875e-47
479 3.46446625e-47
479.25 3.45890125e-47
479.5 3.45240875e-47
479.75 3.445505e-47
480 3.43835625e-47
480.25 3.4299825e-47
480.5 3.42064625e-47
480.75 3.41061875e-47
481 3.40046e-47
481.25 3.38909375e-47
481.5 3.376975e-47
481.75 3.36403375e-47
482 3.3499375e-47
482.25 3.33501875e-47
482.5 3.31954e-47
482.75 3.30243375e-47
483 3.28372625e-47
483.25 3.2643625e-47
483.5 3.24410625e-47
483.75 3.2232375e-47
484 3.20124e-47
484.25 3.17884875e-47
484.5 3.15513625e-47
484.75 3.1296125e-47
485 3.1032925e-47
485.25 3.07671e-47
485.5 3.04885e-47
485.75 3.02054375e-47
486 2.9906975e-47
486.25 2.96086875e-47
486.5 2.93029625e-47
486.75 2.89900625e-47
487 2.86715625e-47
487.25 2.83392375e-47
487.5 2.79967625e-47
487.75 2.76462375e-47
488 2.7286e-47
488.25 2.69094e-47
488.5 2.6528425e-47
488.75 2.61349375e-47
489 2.57394375e-47
489.25 2.53372e-47
489.5 2.492735e-47
489.75 2.45133875e-47
490 2.408805e-47
490.25 2.36641125e-47
490.5 2.3224075e-47
490.75 2.27863125e-47
491 2.23430375e-47
491.25 2.1894775e-47
491.5 2.14447625e-47
491.75 2.098425e-47
492 2.0525575e-47
492.25 2.0062175e-47
492.5 1.961015e-47
492.75 1.915585e-47
493 1.87081125e-47
493.25 1.82618625e-47
493.5 1.78163125e-47
493.75 1.7368925e-47
494 1.69218875e-47
494.25 1.6477475e-47
494.5 1.60349e-47
494.75 1.56044e-47
495 1.5184575e-47
495.25 1.47688625e-47
495.5 1.43562125e-47
495.75 1.39446125e-47
496 1.35366875e-47
496.25 1.3136375e-47
496.5 1.27806e-47
496.75 1.2494125e-47
497 1.22987375e-47
497.25 1.2229e-47
497.5 1.2308975e-47
497.75 1.256675e-47
498 1.30559625e-47
498.25 1.38373375e-47
498.5 1.506085e-47
498.75 1.68903875e-47
499 1.9817175e-47
499.25 2.58694625e-47
499.5 4.77449e-47
499.75 6.92356e-47
500 1.00877e-46
500.25 1.50605e-46
500.5 2.30769e-46
500.75 3.59580375e-46
501 5.69037e-46
501.25 9.1179375e-46
501.5 1.47340375e-45
501.75 2.39721125e-45
502 3.927525e-45
502.25 6.491660000000001e-45
502.5 1.08122875e-44
502.75 1.82718375e-44
503 3.1504025e-44
503.25 5.58481e-44
503.5 1.034915e-43
503.75 2.035705e-43
504 4.33626375e-43
504.25 1.0391325e-42
504.5 2.68046625e-42
504.75 7.99316875e-42
505 1.1123175e-40
505.25 3.79759625e-41
505.5 5.72936e-42
505.75 2.1484575e-42
506 8.141166250000001e-43
506.25 3.47186875e-43
506.5 1.62834e-43
506.75 8.164345000000001e-44
507 4.2988925e-44
507.25 2.35010125e-44
507.5 1.32990375e-44
507.75 7.7507325e-45
508 4.665325e-45
508.25 2.9080975e-45
508.5 1.89175e-45
508.75 1.3107325e-45
509 1.0044125e-45
509.25 8.917300000000001e-46
509.5 9.496025e-46
509.75 1.21179625e-45
510 1.97491875e-45
510.25 4.98647625e-45
510.5 4.815964999999999e-44
510.75 3.05626125e-44
511 4.55454125e-45
511.25 2.40002e-45
511.5 1.90476125e-45
511.75 3.6292725e-42
512 1
