domain units: Hz
measurement data type: Positive<double>
segment length (sec): 4
sampling rate (Hz): 1024
domain bounds (Hz): [0, 512.25)
support bounds (Hz): [20, 512)support indexes: [80, 2048)
---------------
domainValue measuredValue
0 1
0.25 1
0.5 1
0.75 1
1 1
1.25 1
1.5 1
1.75 1
2 1
2.25 1
2.5 1
2.75 1
3 1
3.25 1
3.5 1
3.75 1
4 1
4.25 1
4.5 1
4.75 1
5 1
5.25 1
5.5 1
5.75 1
6 1
6.25 1
6.5 1
6.75 1
7 1
7.25 1
7.5 1
7.75 1
8 1
8.25 1
8.5 1
8.75 1
9 1
9.25 1
9.5 1
9.75 1
10 1
10.25 1
10.5 1
10.75 1
11 1
11.25 1
11.5 1
11.75 1
12 1
12.25 1
12.5 1
12.75 1
13 1
13.25 1
13.5 1
13.75 1
14 1
14.25 1
14.5 1
14.75 1
15 1
15.25 1
15.5 1
15.75 1
16 1
16.25 1
16.5 1
16.75 1
17 1
17.25 1
17.5 1
17.75 1
18 1
18.25 1
18.5 1
18.75 1
19 1
19.25 1
19.5 1
19.75 1
20 1.06218e-44
20.25 9.448075e-45
20.5 8.401907500000001e-45
20.75 7.480935e-45
21 6.664743749999999e-45
21.25 5.946578750000001e-45
21.5 5.30602625e-45
21.75 4.7427975e-45
22 4.2425075e-45
22.25 3.798506250000001e-45
22.5 3.40398625e-45
22.75 3.05659375e-45
23 2.74721125e-45
23.25 2.47253125e-45
23.5 2.2295875e-45
23.75 2.01266625e-45
24 1.8193175e-45
24.25 1.6464175e-45
24.5 1.49211125e-45
24.75 1.3546225e-45
25 1.2307225e-45
25.25 1.120105e-45
25.5 1.02162375e-45
25.75 9.333625000000001e-46
26 8.53923e-46
26.25 7.82698e-46
26.5 7.185360000000001e-46
26.75 6.608700000000001e-46
27 6.088127499999999e-46
27.25 5.6178675e-46
27.5 5.19049125e-46
27.75 4.8051675e-46
28 4.455535e-46
28.25 4.138522499999999e-46
28.5 3.85060375e-46
28.75 3.588865e-46
29 3.35223e-46
29.25 3.13434625e-46
29.5 2.935905e-46
29.75 2.75536625e-46
30 2.58902875e-46
30.25 2.43845875e-46
30.5 2.29901875e-46
30.75 2.17161875e-46
31 2.0547975e-46
31.25 1.94751375e-46
31.5 1.84793875e-46
31.75 1.75660625e-46
32 1.671985e-46
32.25 1.59429375e-46
32.5 1.52198375e-46
32.75 1.45481e-46
33 1.39356e-46
33.25 1.33660625e-46
33.5 1.2836075e-46
33.75 1.234205e-46
34 1.18831125e-46
34.25 1.1458825e-46
34.5 1.106105e-46
34.75 1.06904875e-46
35 1.03439875e-46
35.25 1.0022775e-46
35.5 9.7202875e-47
35.75 9.4397625e-47
36 9.1779625e-47
36.25 8.9357625e-47
36.5 8.70578625e-47
36.75 8.491139999999999e-47
37 8.290257499999999e-47
37.25 8.1035675e-47
37.5 7.930991249999999e-47
37.75 7.76755e-47
38 7.618476250000001e-47
38.25 7.476612499999999e-47
38.5 7.34391e-47
38.75 7.2210425e-47
39 7.10738875e-47
39.25 6.99853875e-47
39.5 6.898500000000001e-47
39.75 6.80430625e-47
40 6.7179175e-47
40.25 6.6359125e-47
40.5 6.5599625e-47
40.75 6.4904175e-47
41 6.42532625e-47
41.25 6.365555e-47
41.5 6.30798875e-47
41.75 6.255795e-47
42 6.20832625e-47
42.25 6.166422500000001e-47
42.5 6.12630375e-47
42.75 6.08986e-47
43 6.057975e-47
43.25 6.02518875e-47
43.5 5.997775e-47
43.75 5.973826250000001e-47
44 5.95170625e-47
44.25 5.931625e-47
44.5 5.91635625e-47
44.75 5.90146375e-47
45 5.890255e-47
45.25 5.88142625e-47
45.5 5.87465375e-47
45.75 5.86838875e-47
46 5.8630425e-47
46.25 5.857355e-47
46.5 5.85631375e-47
46.75 5.856095e-47
47 5.85564875e-47
47.25 5.85510625e-47
47.5 5.85634e-47
47.75 5.85820375e-47
48 5.86019e-47
48.25 5.861905e-47
48.5 5.86476625e-47
48.75 5.86859875e-47
49 5.87176625e-47
49.25 5.87591375e-47
49.5 5.87850375e-47
49.75 5.88182875e-47
50 5.88438375e-47
50.25 5.88616875e-47
50.5 5.8883125e-47
50.75 5.88973875e-47
51 5.88942375e-47
51.25 5.8902725e-47
51.5 5.8873325e-47
51.75 5.88534625e-47
52 5.88161e-47
52.25 5.875625e-47
52.5 5.868485e-47
52.75 5.859113750000001e-47
53 5.847423750000001e-47
53.25 5.83527e-47
53.5 5.8186975e-47
53.75 5.79935125e-47
54 5.778255000000001e-47
54.25 5.75365875e-47
54.5 5.72817875e-47
54.75 5.69669625e-47
55 5.66409375e-47
55.25 5.62937375e-47
55.5 5.59295625e-47
55.75 5.553493749999999e-47
56 5.5107325e-47
56.25 5.46354375e-47
56.5 5.41331e-47
56.75 5.360495e-47
57 5.30343625e-47
57.25 5.2424225e-47
57.5 5.17757625e-47
57.75 5.1096675e-47
58 5.04041125e-47
58.25 4.96831125e-47
58.5 4.8934375e-47
58.75 4.81404e-47
59 4.7299175e-47
59.25 4.63561e-47
59.5 4.5403575e-47
59.75 4.4372825e-47
60 4.3310925e-47
60.25 4.24729375e-47
60.5 4.169375e-47
60.75 4.09612875e-47
61 4.023276250000001e-47
61.25 3.952226249999999e-47
61.5 3.886041249999999e-47
61.75 3.82339125e-47
62 3.7640575e-47
62.25 3.70624625e-47
62.5 3.652075e-47
62.75 3.60002125e-47
63 3.5504175e-47
63.25 3.5042525e-47
63.5 3.4594175e-47
63.75 3.41579875e-47
64 3.37456875e-47
64.25 3.33549125e-47
64.5 3.2989075e-47
64.75 3.26445875e-47
65 3.23082375e-47
65.25 3.19886e-47
65.5 3.16908375e-47
65.75 3.1407425e-47
66 3.11429125e-47
66.25 3.089555e-47
66.5 3.06571125e-47
66.75 3.043285e-47
67 3.021935e-47
67.25 3.00199375e-47
67.5 2.98332125e-47
67.75 2.9657425e-47
68 2.94882875e-47
68.25 2.932895e-47
68.5 2.9180025e-47
68.75 2.903915e-47
69 2.89076375e-47
69.25 2.8784525e-47
69.5 2.8670425e-47
69.75 2.85655125e-47
70 2.84652375e-47
70.25 2.83684625e-47
70.5 2.82844625e-47
70.75 2.82025625e-47
71 2.81253e-47
71.25 2.8055125e-47
71.5 2.79867875e-47
71.75 2.79267625e-47
72 2.7869975e-47
72.25 2.781415e-47
72.5 2.77652375e-47
72.75 2.77213125e-47
73 2.76777375e-47
73.25 2.76385375e-47
73.5 2.76014375e-47
73.75 2.7565475e-47
74 2.75323125e-47
74.25 2.75044e-47
74.5 2.74782375e-47
74.75 2.744875e-47
75 2.74194375e-47
75.25 2.73931875e-47
75.5 2.73706125e-47
75.75 2.73427875e-47
76 2.73181125e-47
76.25 2.7290025e-47
76.5 2.72656125e-47
76.75 2.72405e-47
77 2.72148625e-47
77.25 2.71858125e-47
77.5 2.71576375e-47
77.75 2.71296375e-47
78 2.710505e-47
78.25 2.70773125e-47
78.5 2.7046075e-47
78.75 2.70167625e-47
79 2.69934875e-47
79.25 2.69667125e-47
79.5 2.69423e-47
79.75 2.6916575e-47
80 2.68879625e-47
80.25 2.68629375e-47
80.5 2.68370375e-47
80.75 2.68125375e-47
81 2.67866375e-47
81.25 2.67633625e-47
81.5 2.67374625e-47
81.75 2.67117375e-47
82 2.668855e-47
82.25 2.6663875e-47
82.5 2.66408625e-47
82.75 2.6617675e-47
83 2.65953625e-47
83.25 2.65706e-47
83.5 2.654715e-47
83.75 2.65230875e-47
84 2.64985e-47
84.25 2.64761e-47
84.5 2.645055e-47
84.75 2.64264e-47
85 2.64025125e-47
85.25 2.6377225e-47
85.5 2.6355e-47
85.75 2.63323375e-47
86 2.6310725e-47
86.25 2.62859625e-47
86.5 2.62646125e-47
86.75 2.62437875e-47
87 2.6225325e-47
87.25 2.62035375e-47
87.5 2.61827125e-47
87.75 2.61629375e-47
88 2.61405375e-47
88.25 2.61184e-47
88.5 2.6096875e-47
88.75 2.60754375e-47
89 2.60521625e-47
89.25 2.60304625e-47
89.5 2.600815e-47
89.75 2.59861e-47
90 2.59641375e-47
90.25 2.594305e-47
90.5 2.5920475e-47
90.75 2.58983375e-47
91 2.58748875e-47
91.25 2.585275e-47
91.5 2.58316625e-47
91.75 2.581075e-47
92 2.5790275e-47
92.25 2.57676125e-47
92.5 2.57446875e-47
92.75 2.57242125e-47
93 2.57035625e-47
93.25 2.56844875e-47
93.5 2.5664625e-47
93.75 2.56430125e-47
94 2.56214875e-47
94.25 2.5601975e-47
94.5 2.5581325e-47
94.75 2.556015e-47
95 2.55392375e-47
95.25 2.55194625e-47
95.5 2.54974125e-47
95.75 2.54772e-47
96 2.54571625e-47
96.25 2.54370375e-47
96.5 2.54156e-47
96.75 2.53957375e-47
97 2.53756125e-47
97.25 2.53554875e-47
97.5 2.53358e-47
97.75 2.5316375e-47
98 2.5296075e-47
98.25 2.52777e-47
98.5 2.5256875e-47
98.75 2.5236225e-47
99 2.5216275e-47
99.25 2.51976375e-47
99.5 2.51783e-47
99.75 2.515975e-47
100 2.51402375e-47
100.25 2.51188e-47
100.5 2.5098675e-47
100.75 2.507995e-47
101 2.5062975e-47
101.25 2.5044425e-47
101.5 2.50263125e-47
101.75 2.500855e-47
102 2.499105e-47
102.25 2.49729375e-47
102.5 2.49543875e-47
102.75 2.4935225e-47
103 2.49160625e-47
103.25 2.48983875e-47
103.5 2.48808875e-47
103.75 2.48632125e-47
104 2.48443125e-47
104.25 2.48240125e-47
104.5 2.48051125e-47
104.75 2.4785075e-47
105 2.47660875e-47
105.25 2.47473625e-47
105.5 2.47296e-47
105.75 2.47107e-47
106 2.4694075e-47
106.25 2.46764875e-47
106.5 2.46603e-47
106.75 2.46437625e-47
107 2.46271375e-47
107.25 2.46094625e-47
107.5 2.4591525e-47
107.75 2.4573675e-47
108 2.4555125e-47
108.25 2.45380625e-47
108.5 2.45221375e-47
108.75 2.45042e-47
109 2.44864375e-47
109.25 2.44701625e-47
109.5 2.4453625e-47
109.75 2.44363875e-47
110 2.44192375e-47
110.25 2.4403925e-47
110.5 2.43847625e-47
110.75 2.43684e-47
111 2.4350025e-47
111.25 2.43343625e-47
111.5 2.43184375e-47
111.75 2.4302425e-47
112 2.4285625e-47
112.25 2.426935e-47
112.5 2.42531625e-47
112.75 2.42347875e-47
113 2.421685e-47
113.25 2.42004e-47
113.5 2.41831625e-47
113.75 2.41686375e-47
114 2.415315e-47
114.25 2.41388e-47
114.5 2.4124625e-47
114.75 2.41089625e-47
115 2.409295e-47
115.25 2.40772875e-47
115.5 2.40657375e-47
115.75 2.4045175e-47
116 2.402785e-47
116.25 2.40120125e-47
116.5 2.399635e-47
116.75 2.3980775e-47
117 2.39642375e-47
117.25 2.39477875e-47
117.5 2.39322125e-47
117.75 2.39154125e-47
118 2.3899575e-47
118.25 2.38832125e-47
118.5 2.38685125e-47
118.75 2.38532e-47
119 2.38385e-47
119.25 2.38228375e-47
119.5 2.380735e-47
119.75 2.37902875e-47
120 2.37754125e-47
120.25 2.37610625e-47
120.5 2.3745575e-47
120.75 2.37314e-47
121 2.3715125e-47
121.25 2.370165e-47
121.5 2.3685725e-47
121.75 2.36707625e-47
122 2.365615e-47
122.25 2.36396125e-47
122.5 2.362395e-47
122.75 2.36098625e-47
123 2.359595e-47
123.25 2.35806375e-47
123.5 2.35655e-47
123.75 2.35522875e-47
124 2.353785e-47
124.25 2.35227125e-47
124.5 2.35069625e-47
124.75 2.3491475e-47
125 2.34756375e-47
125.25 2.34614625e-47
125.5 2.34486e-47
125.75 2.34339875e-47
126 2.341955e-47
126.25 2.3405725e-47
126.5 2.339155e-47
126.75 2.33783375e-47
127 2.3364075e-47
127.25 2.33496375e-47
127.5 2.33351125e-47
127.75 2.33205875e-47
128 2.33071125e-47
128.25 2.3293725e-47
128.5 2.32817375e-47
128.75 2.32687e-47
129 2.32553125e-47
129.25 2.3240875e-47
129.5 2.3227575e-47
129.75 2.32134875e-47
130 2.31991375e-47
130.25 2.31858375e-47
130.5 2.3170875e-47
130.75 2.3157575e-47
131 2.31445375e-47
131.25 2.31301875e-47
131.5 2.31165375e-47
131.75 2.31030625e-47
132 2.30890625e-47
132.25 2.30757625e-47
132.5 2.3062375e-47
132.75 2.30482875e-47
133 2.30358625e-47
133.25 2.302265e-47
133.5 2.300795e-47
133.75 2.29945625e-47
134 2.29810875e-47
134.25 2.29672625e-47
134.5 2.29541375e-47
134.75 2.29406625e-47
135 2.29280625e-47
135.25 2.29156375e-47
135.5 2.29030375e-47
135.75 2.2890525e-47
136 2.2876875e-47
136.25 2.28638375e-47
136.5 2.28510625e-47
136.75 2.2839425e-47
137 2.28269125e-47
137.25 2.28129125e-47
137.5 2.28004e-47
137.75 2.27866625e-47
138 2.27745e-47
138.25 2.27612e-47
138.5 2.2749475e-47
138.75 2.27353e-47
139 2.27229625e-47
139.25 2.27094e-47
139.5 2.26965375e-47
139.75 2.26842875e-47
140 2.26716e-47
140.25 2.26599625e-47
140.5 2.2647625e-47
140.75 2.26361625e-47
141 2.26233875e-47
141.25 2.26107e-47
141.5 2.2599325e-47
141.75 2.25876e-47
142 2.25763125e-47
142.25 2.25638e-47
142.5 2.255085e-47
142.75 2.2538775e-47
143 2.25271375e-47
143.25 2.25166375e-47
143.5 2.25036e-47
143.75 2.2492575e-47
144 2.248085e-47
144.25 2.2468075e-47
144.5 2.245635e-47
144.75 2.24447125e-47
145 2.24343e-47
145.25 2.24228375e-47
145.5 2.24112e-47
145.75 2.2399125e-47
146 2.2386875e-47
146.25 2.23754125e-47
146.5 2.23643e-47
146.75 2.23528375e-47
147 2.23405875e-47
147.25 2.2329125e-47
147.5 2.23173125e-47
147.75 2.23066375e-47
148 2.22952625e-47
148.25 2.22837125e-47
148.5 2.22728625e-47
148.75 2.22616625e-47
149 2.22504625e-47
149.25 2.2239875e-47
149.5 2.22289375e-47
149.75 2.22170375e-47
150 2.22063625e-47
150.25 2.21956e-47
150.5 2.21857125e-47
150.75 2.2174775e-47
151 2.21652375e-47
151.25 2.215535e-47
151.5 2.21452e-47
151.75 2.2134175e-47
152 2.21228e-47
152.25 2.21122125e-47
152.5 2.21025875e-47
152.75 2.209165e-47
153 2.2082025e-47
153.25 2.207205e-47
153.5 2.206015e-47
153.75 2.204965e-47
154 2.20387125e-47
154.25 2.20299625e-47
154.5 2.2019725e-47
154.75 2.2008525e-47
155 2.19967125e-47
155.25 2.19863e-47
155.5 2.19769375e-47
155.75 2.1965825e-47
156 2.19564625e-47
156.25 2.194675e-47
156.5 2.1937475e-47
156.75 2.1928025e-47
157 2.1917525e-47
157.25 2.19072e-47
157.5 2.18971375e-47
157.75 2.18876e-47
158 2.18775375e-47
158.25 2.18670375e-47
158.5 2.1857675e-47
158.75 2.18488375e-47
159 2.18388625e-47
159.25 2.18292375e-47
159.5 2.18196125e-47
159.75 2.18099875e-47
160 2.18001e-47
160.25 2.1789775e-47
160.5 2.17800625e-47
160.75 2.177e-47
161 2.17595e-47
161.25 2.17504875e-47
161.5 2.17412125e-47
161.75 2.17312375e-47
162 2.1721525e-47
162.25 2.171295e-47
162.5 2.17028e-47
162.75 2.1694225e-47
163 2.16852125e-47
163.25 2.16755875e-47
163.5 2.16657875e-47
163.75 2.16556375e-47
164 2.16472375e-47
164.25 2.16376125e-47
164.5 2.162825e-47
164.75 2.1618625e-47
165 2.16097875e-47
165.25 2.160025e-47
165.5 2.15910625e-47
165.75 2.15821375e-47
166 2.1573825e-47
166.25 2.1565075e-47
166.5 2.15569375e-47
166.75 2.1547925e-47
167 2.15401375e-47
167.25 2.15312125e-47
167.5 2.1522375e-47
167.75 2.15138875e-47
168 2.150575e-47
168.25 2.14977e-47
168.5 2.14885125e-47
168.75 2.14799375e-47
169 2.14722375e-47
169.25 2.14641e-47
169.5 2.145605e-47
169.75 2.14472125e-47
170 2.14393375e-47
170.25 2.143085e-47
170.5 2.14221e-47
170.75 2.14144875e-47
171 2.1407225e-47
171.25 2.1399175e-47
171.5 2.13908625e-47
171.75 2.1383775e-47
172 2.13751125e-47
172.25 2.13677625e-47
172.5 2.136015e-47
172.75 2.1351575e-47
173 2.1344575e-47
173.25 2.1336e-47
173.5 2.13283875e-47
173.75 2.13203375e-47
174 2.13122e-47
174.25 2.1303975e-47
174.5 2.1295575e-47
174.75 2.12870875e-47
175 2.12786e-47
175.25 2.12706375e-47
175.5 2.12624125e-47
175.75 2.12554125e-47
176 2.12477125e-47
176.25 2.12389625e-47
176.5 2.1232225e-47
176.75 2.12256625e-47
177 2.12184e-47
177.25 2.1210175e-47
177.5 2.1202125e-47
177.75 2.11953e-47
178 2.11869e-47
178.25 2.11792e-47
178.5 2.11728125e-47
178.75 2.11656375e-47
179 2.11582e-47
179.25 2.11514625e-47
179.5 2.11444625e-47
179.75 2.11365875e-47
180 2.11294125e-47
180.25 2.1121975e-47
180.5 2.11143625e-47
180.75 2.1107975e-47
181 2.11005375e-47
181.25 2.1094675e-47
181.5 2.10886375e-47
181.75 2.10821625e-47
182 2.10751625e-47
182.25 2.10686e-47
182.5 2.10616e-47
182.75 2.1055475e-47
183 2.1048475e-47
183.25 2.10415625e-47
183.5 2.10345625e-47
183.75 2.10275625e-47
184 2.1020825e-47
184.25 2.101365e-47
184.5 2.1007175e-47
184.75 2.10007e-47
185 2.0994925e-47
185.25 2.09887125e-47
185.5 2.09818e-47
185.75 2.097585e-47
186 2.09701625e-47
186.25 2.09633375e-47
186.5 2.0956775e-47
186.75 2.0950125e-47
187 2.0943125e-47
187.25 2.09363875e-47
187.5 2.092965e-47
187.75 2.0922825e-47
188 2.09167875e-47
188.25 2.09108375e-47
188.5 2.09048875e-47
188.75 2.089885e-47
189 2.08928125e-47
189.25 2.0886775e-47
189.5 2.08805625e-47
189.75 2.0874525e-47
190 2.08688375e-47
190.25 2.08632375e-47
190.5 2.0857025e-47
190.75 2.08506375e-47
191 2.08445125e-47
191.25 2.0838475e-47
191.5 2.0832875e-47
191.75 2.08268375e-47
192 2.08208875e-47
192.25 2.081555e-47
192.5 2.080995e-47
192.75 2.0803825e-47
193 2.0798575e-47
193.25 2.07932375e-47
193.5 2.0786675e-47
193.75 2.07806375e-47
194 2.0775125e-47
194.25 2.077005e-47
194.5 2.07648e-47
194.75 2.07591125e-47
195 2.0753425e-47
195.25 2.0748175e-47
195.5 2.07419625e-47
195.75 2.07372375e-47
196 2.07319875e-47
196.25 2.0727e-47
196.5 2.07207875e-47
196.75 2.07162375e-47
197 2.07111625e-47
197.25 2.07059125e-47
197.5 2.07010125e-47
197.75 2.06962e-47
198 2.06908625e-47
198.25 2.06843875e-47
198.5 2.06791375e-47
198.75 2.0674325e-47
199 2.06696875e-47
199.25 2.06646125e-47
199.5 2.065945e-47
199.75 2.06535e-47
200 2.06485125e-47
200.25 2.064335e-47
200.5 2.06376625e-47
200.75 2.0633025e-47
201 2.062865e-47
201.25 2.0624275e-47
201.5 2.0617625e-47
201.75 2.0613425e-47
202 2.06087875e-47
202.25 2.06035375e-47
202.5 2.059855e-47
202.75 2.05935625e-47
203 2.05898875e-47
203.25 2.0585425e-47
203.5 2.058105e-47
203.75 2.057615e-47
204 2.05720375e-47
204.25 2.05671375e-47
204.5 2.05632875e-47
204.75 2.05587375e-47
205 2.05541e-47
205.25 2.05499875e-47
205.5 2.05454375e-47
205.75 2.05410625e-47
206 2.05366875e-47
206.25 2.05317875e-47
206.5 2.05267125e-47
206.75 2.05225125e-47
207 2.05184e-47
207.25 2.051525e-47
207.5 2.05114875e-47
207.75 2.05078125e-47
208 2.05041375e-47
208.25 2.04995875e-47
208.5 2.049565e-47
208.75 2.049145e-47
209 2.04862875e-47
209.25 2.04829625e-47
209.5 2.04792e-47
209.75 2.0474125e-47
210 2.04696625e-47
210.25 2.04661625e-47
210.5 2.04623125e-47
210.75 2.04596875e-47
211 2.045505e-47
211.25 2.04502375e-47
211.5 2.044525e-47
211.75 2.04409625e-47
212 2.04372875e-47
212.25 2.04339625e-47
212.5 2.04302e-47
212.75 2.0427225e-47
213 2.04246875e-47
213.25 2.04213625e-47
213.5 2.04175125e-47
213.75 2.0413925e-47
214 2.04108625e-47
214.25 2.040745e-47
214.5 2.04036e-47
214.75 2.0399575e-47
215 2.03954625e-47
215.25 2.0392225e-47
215.5 2.03893375e-47
215.75 2.03861e-47
216 2.03828625e-47
216.25 2.03786625e-47
216.5 2.03755125e-47
216.75 2.03735e-47
217 2.0370525e-47
217.25 2.03674625e-47
217.5 2.036405e-47
217.75 2.0361425e-47
218 2.03590625e-47
218.25 2.0355475e-47
218.5 2.0351975e-47
218.75 2.03497e-47
219 2.03462875e-47
219.25 2.034445e-47
219.5 2.03413875e-47
219.75 2.03378e-47
220 2.03342125e-47
220.25 2.033115e-47
220.5 2.03289625e-47
220.75 2.03263375e-47
221 2.0323975e-47
221.25 2.0320825e-47
221.5 2.03179375e-47
221.75 2.031575e-47
222 2.0313125e-47
222.25 2.0311025e-47
222.5 2.03079625e-47
222.75 2.0305425e-47
223 2.0303325e-47
223.25 2.0300175e-47
223.5 2.02967625e-47
223.75 2.02950125e-47
224 2.0292825e-47
224.25 2.028985e-47
224.5 2.02871375e-47
224.75 2.02846875e-47
225 2.02822375e-47
225.25 2.0279525e-47
225.5 2.02776875e-47
225.75 2.02752375e-47
226 2.027375e-47
226.25 2.02722625e-47
226.5 2.02692875e-47
226.75 2.0266575e-47
227 2.02650875e-47
227.25 2.02631625e-47
227.5 2.02603625e-47
227.75 2.0257125e-47
228 2.025485e-47
228.25 2.02535375e-47
228.5 2.025135e-47
228.75 2.0248725e-47
229 2.02463625e-47
229.25 2.02444375e-47
229.5 2.02426875e-47
229.75 2.02404125e-47
230 2.02384e-47
230.25 2.0236125e-47
230.5 2.02337625e-47
230.75 2.02313125e-47
231 2.02293875e-47
231.25 2.0227375e-47
231.5 2.0224925e-47
231.75 2.0223175e-47
232 2.0221775e-47
232.25 2.0219325e-47
232.5 2.02171375e-47
232.75 2.02153e-47
233 2.0213725e-47
233.25 2.0212675e-47
233.5 2.0209875e-47
233.75 2.02089125e-47
234 2.0206725e-47
234.25 2.02055e-47
234.5 2.02045375e-47
234.75 2.02027e-47
235 2.02017375e-47
235.25 2.02003375e-47
235.5 2.0199725e-47
235.75 2.0197625e-47
236 2.01964875e-47
236.25 2.0195525e-47
236.5 2.0194475e-47
236.75 2.019255e-47
237 2.0191325e-47
237.25 2.01901875e-47
237.5 2.0188875e-47
237.75 2.018695e-47
238 2.018485e-47
238.25 2.01838875e-47
238.5 2.01817875e-47
238.75 2.0181175e-47
239 2.01803875e-47
239.25 2.0178725e-47
239.5 2.01779375e-47
239.75 2.0176625e-47
240 2.0175225e-47
240.25 2.0173475e-47
240.5 2.017225e-47
240.75 2.01719e-47
241 2.0170675e-47
241.25 2.01698875e-47
241.5 2.01679625e-47
241.75 2.0166825e-47
242 2.01662125e-47
242.25 2.01642875e-47
242.5 2.0163325e-47
242.75 2.0162625e-47
243 2.01618375e-47
243.25 2.016105e-47
243.5 2.01602625e-47
243.75 2.0159125e-47
244 2.01583375e-47
244.25 2.01576375e-47
244.5 2.015755e-47
244.75 2.01562375e-47
245 2.01550125e-47
245.25 2.01541375e-47
245.5 2.01529125e-47
245.75 2.01523875e-47
246 2.01518625e-47
246.25 2.0150725e-47
246.5 2.015055e-47
246.75 2.01502875e-47
247 2.01504625e-47
247.25 2.0149325e-47
247.5 2.01499375e-47
247.75 2.014985e-47
248 2.01497625e-47
248.25 2.01494125e-47
248.5 2.0148625e-47
248.75 2.014775e-47
249 2.0147575e-47
249.25 2.01462625e-47
249.5 2.0146175e-47
249.75 2.014635e-47
250 2.01464375e-47
250.25 2.014705e-47
250.5 2.01467875e-47
250.75 2.01460875e-47
251 2.014635e-47
251.25 2.01462625e-47
251.5 2.0146e-47
251.75 2.014635e-47
252 2.014565e-47
252.25 2.01462625e-47
252.5 2.01460875e-47
252.75 2.01464375e-47
253 2.01466125e-47
253.25 2.01467e-47
253.5 2.01469625e-47
253.75 2.0146875e-47
254 2.01464375e-47
254.25 2.01469625e-47
254.5 2.01474e-47
254.75 2.01480125e-47
255 2.014845e-47
255.25 2.0148975e-47
255.5 2.014915e-47
255.75 2.0149675e-47
256 2.01501125e-47
256.25 2.01516875e-47
256.5 2.01511625e-47
256.75 2.015195e-47
257 2.015335e-47
257.25 2.01534375e-47
257.5 2.01537875e-47
257.75 2.01550125e-47
258 2.01558e-47
258.25 2.015615e-47
258.5 2.01557125e-47
258.75 2.01562375e-47
259 2.01567625e-47
259.25 2.01571125e-47
259.5 2.01576375e-47
259.75 2.0158425e-47
260 2.01593875e-47
260.25 2.0160525e-47
260.5 2.0161225e-47
260.75 2.01628875e-47
261 2.0162975e-47
261.25 2.01632375e-47
261.5 2.0165425e-47
261.75 2.0165775e-47
262 2.0167525e-47
262.25 2.01683125e-47
262.5 2.0168575e-47
262.75 2.0170325e-47
263 2.01714625e-47
263.25 2.01728625e-47
263.5 2.0173825e-47
263.75 2.01744375e-47
264 2.01747e-47
264.25 2.01753125e-47
264.5 2.01763625e-47
264.75 2.01772375e-47
265 2.017855e-47
265.25 2.01807375e-47
265.5 2.01814375e-47
265.75 2.017995e-47
266 2.01810875e-47
266.25 2.01823125e-47
266.5 2.0182925e-47
266.75 2.01844125e-47
267 2.01847625e-47
267.25 2.01858125e-47
267.5 2.01870375e-47
267.75 2.018835e-47
268 2.01894e-47
268.25 2.0192025e-47
268.5 2.01935125e-47
268.75 2.01956125e-47
269 2.0196925e-47
269.25 2.0199025e-47
269.5 2.02003375e-47
269.75 2.02020875e-47
270 2.0203225e-47
270.25 2.0204625e-47
270.5 2.0206025e-47
270.75 2.0207075e-47
271 2.02085625e-47
271.25 2.02099625e-47
271.5 2.02115375e-47
271.75 2.02132875e-47
272 2.02138125e-47
272.25 2.0215125e-47
272.5 2.0217225e-47
272.75 2.02185375e-47
273 2.0220375e-47
273.25 2.02216875e-47
273.5 2.02244e-47
273.75 2.02262375e-47
274 2.02286875e-47
274.25 2.02307e-47
274.5 2.02320125e-47
274.75 2.02335e-47
275 2.02346375e-47
275.25 2.02360375e-47
275.5 2.02377875e-47
275.75 2.0239275e-47
276 2.0242075e-47
276.25 2.0244525e-47
276.5 2.024645e-47
276.75 2.024785e-47
277 2.024925e-47
277.25 2.02509125e-47
277.5 2.025345e-47
277.75 2.02561625e-47
278 2.025765e-47
278.25 2.0259575e-47
278.5 2.02619375e-47
278.75 2.02640375e-47
279 2.02656125e-47
279.25 2.0266925e-47
279.5 2.02694625e-47
279.75 2.02722625e-47
280 2.02743625e-47
280.25 2.02768125e-47
280.5 2.0279875e-47
280.75 2.0281625e-47
281 2.028425e-47
281.25 2.02869625e-47
281.5 2.02888e-47
281.75 2.0292125e-47
282 2.029475e-47
282.25 2.02976375e-47
282.5 2.030035e-47
282.75 2.03034125e-47
283 2.03063875e-47
283.25 2.0309625e-47
283.5 2.0312075e-47
283.75 2.03153125e-47
284 2.0319075e-47
284.25 2.03226625e-47
284.5 2.03251125e-47
284.75 2.03279125e-47
285 2.033115e-47
285.25 2.03342125e-47
285.5 2.03368375e-47
285.75 2.03412125e-47
286 2.03445375e-47
286.25 2.03480375e-47
286.5 2.0350925e-47
286.75 2.035425e-47
287 2.03576625e-47
287.25 2.0360725e-47
287.5 2.03644e-47
287.75 2.0367375e-47
288 2.0370525e-47
288.25 2.03727125e-47
288.5 2.03763875e-47
288.75 2.03790125e-47
289 2.03818125e-47
289.25 2.03851375e-47
289.5 2.03896875e-47
289.75 2.03917e-47
290 2.03949375e-47
290.25 2.03982625e-47
290.5 2.04010625e-47
290.75 2.04040375e-47
291 2.04059625e-47
291.25 2.04091125e-47
291.5 2.0412525e-47
291.75 2.0416725e-47
292 2.04211875e-47
292.25 2.0424425e-47
292.5 2.04271375e-47
292.75 2.04299375e-47
293 2.04337e-47
293.25 2.04371125e-47
293.5 2.04407875e-47
293.75 2.0445425e-47
294 2.0447875e-47
294.25 2.04523375e-47
294.5 2.04554e-47
294.75 2.0459425e-47
295 2.04628375e-47
295.25 2.04673e-47
295.5 2.04708e-47
295.75 2.04750875e-47
296 2.04782375e-47
296.25 2.04824375e-47
296.5 2.04862875e-47
296.75 2.04910125e-47
297 2.04955625e-47
297.25 2.04995875e-47
297.5 2.05048375e-47
297.75 2.05086e-47
298 2.05142e-47
298.25 2.0519975e-47
298.5 2.0525225e-47
298.75 2.053065e-47
299 2.0537125e-47
299.25 2.0544475e-47
299.5 2.05508625e-47
299.75 2.05571625e-47
300 2.0565475e-47
300.25 2.057335e-47
300.5 2.058105e-47
300.75 2.058945e-47
301 2.05975875e-47
301.25 2.0607825e-47
301.5 2.0618675e-47
301.75 2.06311875e-47
302 2.064405e-47
302.25 2.06562125e-47
302.5 2.06724e-47
302.75 2.06901625e-47
303 2.07109875e-47
303.25 2.073505e-47
303.5 2.07589375e-47
303.75 2.07928e-47
304 2.0828675e-47
304.25 2.0869275e-47
304.5 2.09206375e-47
304.75 2.09808375e-47
305 2.10583625e-47
305.25 2.1163625e-47
305.5 2.1300475e-47
305.75 2.1522375e-47
306 2.2218e-47
306.25 1.24397875e-45
306.5 2.22684e-47
306.75 2.1555275e-47
307 2.132795e-47
307.25 2.12125375e-47
307.5 2.11369375e-47
307.75 2.1057575e-47
308 2.10035e-47
308.25 2.09692e-47
308.5 2.093595e-47
308.75 2.091215e-47
309 2.08915e-47
309.25 2.08746125e-47
309.5 2.08662125e-47
309.75 2.08579e-47
310 2.085405e-47
310.25 2.08518625e-47
310.5 2.08562375e-47
310.75 2.08618375e-47
311 2.08691875e-47
311.25 2.08779375e-47
311.5 2.08880875e-47
311.75 2.08992875e-47
312 2.09117125e-47
312.25 2.0926325e-47
312.5 2.0946275e-47
312.75 2.09705125e-47
313 2.10133875e-47
313.25 2.10765625e-47
313.5 2.11969625e-47
313.75 2.1464625e-47
314 2.21312875e-47
314.25 2.52294875e-47
314.5 4.596305e-47
314.75 2.057195e-46
315 4.01785125e-45
315.25 2.56820375e-45
315.5 1.67839875e-46
315.75 4.14208375e-47
316 2.457525e-47
316.25 2.2023575e-47
316.5 2.1451675e-47
316.75 2.12316125e-47
317 2.1127575e-47
317.25 2.10721e-47
317.5 2.10490875e-47
317.75 2.1036225e-47
318 2.10212625e-47
318.25 2.10156625e-47
318.5 2.10070875e-47
318.75 2.10028e-47
319 2.09957125e-47
319.25 2.09909e-47
319.5 2.098915e-47
319.75 2.09846875e-47
320 2.09846875e-47
320.25 2.09850375e-47
320.5 2.09871375e-47
320.75 2.09859125e-47
321 2.09874e-47
321.25 2.09894125e-47
321.5 2.09923e-47
321.75 2.0995275e-47
322 2.09985125e-47
322.25 2.10009625e-47
322.5 2.1003675e-47
322.75 2.10081375e-47
323 2.10130375e-47
323.25 2.1017325e-47
323.5 2.10216125e-47
323.75 2.10259875e-47
324 2.1030625e-47
324.25 2.103605e-47
324.5 2.10415625e-47
324.75 2.10464625e-47
325 2.10522375e-47
325.25 2.105775e-47
325.5 2.10629125e-47
325.75 2.106895e-47
326 2.1075075e-47
326.25 2.1081025e-47
326.5 2.10868e-47
326.75 2.10926625e-47
327 2.10982625e-47
327.25 2.1104825e-47
327.5 2.11115625e-47
327.75 2.11180375e-47
328 2.112425e-47
328.25 2.11295e-47
328.5 2.11351875e-47
328.75 2.11414875e-47
329 2.11479625e-47
329.25 2.11537375e-47
329.5 2.115995e-47
329.75 2.11666e-47
330 2.11731625e-47
330.25 2.11803375e-47
330.5 2.11859375e-47
330.75 2.119285e-47
331 2.11985375e-47
331.25 2.120545e-47
331.5 2.12120125e-47
331.75 2.1218575e-47
332 2.1224525e-47
332.25 2.1230825e-47
332.5 2.12377375e-47
332.75 2.12447375e-47
333 2.12513e-47
333.25 2.125865e-47
333.5 2.1265825e-47
333.75 2.12737e-47
334 2.128035e-47
334.25 2.12874375e-47
334.5 2.1295225e-47
334.75 2.13024e-47
335 2.130975e-47
335.25 2.13178875e-47
335.5 2.1324625e-47
335.75 2.13318875e-47
336 2.13395875e-47
336.25 2.13458e-47
336.5 2.13534125e-47
336.75 2.13604125e-47
337 2.1367675e-47
337.25 2.13752e-47
337.5 2.1382025e-47
337.75 2.138885e-47
338 2.1397075e-47
338.25 2.14039e-47
338.5 2.14106375e-47
338.75 2.14178125e-47
339 2.14251625e-47
339.25 2.14333e-47
339.5 2.14417e-47
339.75 2.14479125e-47
340 2.14550875e-47
340.25 2.14627875e-47
340.5 2.1469175e-47
340.75 2.14762625e-47
341 2.14848375e-47
341.25 2.1492275e-47
341.5 2.14998e-47
341.75 2.15068e-47
342 2.15149375e-47
342.25 2.152185e-47
342.5 2.1529025e-47
342.75 2.15362875e-47
343 2.15425e-47
343.25 2.1549675e-47
343.5 2.15571125e-47
343.75 2.15642875e-47
344 2.15721625e-47
344.25 2.15796875e-47
344.5 2.158765e-47
344.75 2.15947375e-47
345 2.1602e-47
345.25 2.16094375e-47
345.5 2.16173125e-47
345.75 2.16250125e-47
346 2.16330625e-47
346.25 2.164085e-47
346.5 2.1649075e-47
346.75 2.16573e-47
347 2.16652625e-47
347.25 2.1673925e-47
347.5 2.168285e-47
347.75 2.16899375e-47
348 2.16972875e-47
348.25 2.17055125e-47
348.5 2.17144375e-47
348.75 2.172275e-47
349 2.17315e-47
349.25 2.17392875e-47
349.5 2.1746725e-47
349.75 2.175565e-47
350 2.17641375e-47
350.25 2.17737625e-47
350.5 2.17811125e-47
350.75 2.17889875e-47
351 2.1797475e-47
351.25 2.180605e-47
351.5 2.1813925e-47
351.75 2.18225875e-47
352 2.183125e-47
352.25 2.1839125e-47
352.5 2.1847525e-47
352.75 2.185575e-47
353 2.18638e-47
353.25 2.18726375e-47
353.5 2.1881825e-47
353.75 2.189075e-47
354 2.18988875e-47
354.25 2.1906325e-47
354.5 2.191525e-47
354.75 2.19254e-47
355 2.19335375e-47
355.25 2.19431625e-47
355.5 2.19513875e-47
355.75 2.19608375e-47
356 2.19694125e-47
356.25 2.19774625e-47
356.5 2.1986475e-47
356.75 2.199505e-47
357 2.2003975e-47
357.25 2.2013075e-47
357.5 2.202165e-47
357.75 2.2031625e-47
358 2.20409e-47
358.25 2.2050525e-47
358.5 2.2059625e-47
358.75 2.20682e-47
359 2.20775625e-47
359.25 2.20863125e-47
359.5 2.2095675e-47
359.75 2.210565e-47
360 2.21146625e-47
360.25 2.212315e-47
360.5 2.2132075e-47
360.75 2.21412625e-47
361 2.2149925e-47
361.25 2.21591125e-47
361.5 2.21685625e-47
361.75 2.21774875e-47
362 2.2186675e-47
362.25 2.21956e-47
362.5 2.22044375e-47
362.75 2.22145875e-47
363 2.22240375e-47
363.25 2.2233575e-47
363.5 2.22432e-47
363.75 2.225265e-47
364 2.22623625e-47
364.25 2.227225e-47
364.5 2.22824875e-47
364.75 2.2291675e-47
365 2.23006e-47
365.25 2.23094375e-47
365.5 2.23195875e-47
365.75 2.23297375e-47
366 2.234015e-47
366.25 2.23496e-47
366.5 2.23594e-47
366.75 2.23691125e-47
367 2.23787375e-47
367.25 2.23883625e-47
367.5 2.23985125e-47
367.75 2.240805e-47
368 2.24175875e-47
368.25 2.24273e-47
368.5 2.24371875e-47
368.75 2.24485625e-47
369 2.24588e-47
369.25 2.24690375e-47
369.5 2.24795375e-47
369.75 2.248995e-47
370 2.2500625e-47
370.25 2.25103375e-47
370.5 2.252005e-47
370.75 2.2530025e-47
371 2.25402625e-47
371.25 2.2550325e-47
371.5 2.25607375e-47
371.75 2.25715875e-47
372 2.2581475e-47
372.25 2.259145e-47
372.5 2.26016875e-47
372.75 2.26127125e-47
373 2.262295e-47
373.25 2.26352e-47
373.5 2.26464875e-47
373.75 2.265515e-47
374 2.2665825e-47
374.25 2.26765875e-47
374.5 2.26863e-47
374.75 2.2697325e-47
375 2.2708e-47
375.25 2.2718325e-47
375.5 2.2728125e-47
375.75 2.27376625e-47
376 2.274825e-47
376.25 2.27597125e-47
376.5 2.27705625e-47
376.75 2.2780975e-47
377 2.27913e-47
377.25 2.27999625e-47
377.5 2.28104625e-47
377.75 2.28200875e-47
378 2.28298e-47
378.25 2.2840125e-47
378.5 2.28500125e-47
378.75 2.2861125e-47
379 2.28717125e-47
379.25 2.2882475e-47
379.5 2.28932375e-47
379.75 2.29046125e-47
380 2.29154625e-47
380.25 2.2926925e-47
380.5 2.29383e-47
380.75 2.294705e-47
381 2.29586875e-47
381.25 2.29691e-47
381.5 2.29812625e-47
381.75 2.2992375e-47
382 2.30029625e-47
382.25 2.30136375e-47
382.5 2.30244875e-47
382.75 2.303665e-47
383 2.3048025e-47
383.25 2.3060275e-47
383.5 2.30710375e-47
383.75 2.30827625e-47
384 2.30950125e-47
384.25 2.3106475e-47
384.5 2.31182e-47
384.75 2.312975e-47
385 2.31412125e-47
385.25 2.31529375e-47
385.5 2.316475e-47
385.75 2.31756875e-47
386 2.3187675e-47
386.25 2.3199925e-47
386.5 2.32122625e-47
386.75 2.32238125e-47
387 2.32351e-47
387.25 2.3246125e-47
387.5 2.32574125e-47
387.75 2.32698375e-47
388 2.32824375e-47
388.25 2.32939e-47
388.5 2.3306325e-47
388.75 2.33181375e-47
389 2.33300375e-47
389.25 2.33414125e-47
389.5 2.33536625e-47
389.75 2.33650375e-47
390 2.33762375e-47
390.25 2.3387875e-47
390.5 2.33993375e-47
390.75 2.34107125e-47
391 2.3422525e-47
391.25 2.34353875e-47
391.5 2.3448425e-47
391.75 2.34621625e-47
392 2.34740625e-47
392.25 2.34864875e-47
392.5 2.34987375e-47
392.75 2.35102875e-47
393 2.35228875e-47
393.25 2.35358375e-47
393.5 2.3547475e-47
393.75 2.35598125e-47
394 2.35725e-47
394.25 2.3584225e-47
394.5 2.35953375e-47
394.75 2.36074125e-47
395 2.36201875e-47
395.25 2.3632875e-47
395.5 2.36453e-47
395.75 2.36576375e-47
396 2.367015e-47
396.25 2.36817875e-47
396.5 2.36943e-47
396.75 2.37073375e-47
397 2.372055e-47
397.25 2.37339375e-47
397.5 2.37467125e-47
397.75 2.37600125e-47
398 2.37734875e-47
398.25 2.37867e-47
398.5 2.37988625e-47
398.75 2.38118125e-47
399 2.38249375e-47
399.25 2.38378875e-47
399.5 2.38520625e-47
399.75 2.38646625e-47
400 2.3877875e-47
400.25 2.3890825e-47
400.5 2.39029e-47
400.75 2.3915325e-47
401 2.39281875e-47
401.25 2.3940875e-47
401.5 2.39528625e-47
401.75 2.3965375e-47
402 2.39780625e-47
402.25 2.3991625e-47
402.5 2.40050125e-47
402.75 2.40184e-47
403 2.4030825e-47
403.25 2.40442125e-47
403.5 2.40569e-47
403.75 2.4068975e-47
404 2.40828875e-47
404.25 2.409715e-47
404.5 2.4111325e-47
404.75 2.4124275e-47
405 2.413775e-47
405.25 2.41521875e-47
405.5 2.4166275e-47
405.75 2.41789625e-47
406 2.419445e-47
406.25 2.4207225e-47
406.5 2.42195625e-47
406.75 2.42323375e-47
407 2.42463375e-47
407.25 2.42599875e-47
407.5 2.427355e-47
407.75 2.42867625e-47
408 2.43005875e-47
408.25 2.43133625e-47
408.5 2.43275375e-47
408.75 2.4340575e-47
409 2.43537875e-47
409.25 2.436735e-47
409.5 2.4381525e-47
409.75 2.43964e-47
410 2.44090875e-47
410.25 2.44237875e-47
410.5 2.44376125e-47
410.75 2.445135e-47
411 2.44649125e-47
411.25 2.44797875e-47
411.5 2.4493525e-47
411.75 2.45084e-47
412 2.45230125e-47
412.25 2.453745e-47
412.5 2.45518875e-47
412.75 2.45660625e-47
413 2.45802375e-47
413.25 2.45945875e-47
413.5 2.4609725e-47
413.75 2.46245125e-47
414 2.4639125e-47
414.25 2.4652425e-47
414.5 2.466765e-47
414.75 2.4681475e-47
415 2.4694775e-47
415.25 2.470965e-47
415.5 2.4725225e-47
415.75 2.4739925e-47
416 2.4754275e-47
416.25 2.47697625e-47
416.5 2.4784375e-47
416.75 2.4798025e-47
417 2.4812375e-47
417.25 2.482725e-47
417.5 2.48422125e-47
417.75 2.48570875e-47
418 2.4871e-47
418.25 2.48864e-47
418.5 2.490005e-47
418.75 2.49146625e-47
419 2.49291875e-47
419.25 2.4945025e-47
419.5 2.4960075e-47
419.75 2.49745125e-47
420 2.49885125e-47
420.25 2.5004e-47
420.5 2.501835e-47
420.75 2.5033925e-47
421 2.50502e-47
421.25 2.5065425e-47
421.5 2.50802125e-47
421.75 2.50950875e-47
422 2.51108375e-47
422.25 2.5127375e-47
422.5 2.51421625e-47
422.75 2.515835e-47
423 2.5174275e-47
423.25 2.51897625e-47
423.5 2.52051625e-47
423.75 2.52216125e-47
424 2.5236925e-47
424.25 2.52531125e-47
424.5 2.52672e-47
424.75 2.52826e-47
425 2.5298875e-47
425.25 2.53134875e-47
425.5 2.53294125e-47
425.75 2.5345075e-47
426 2.53614375e-47
426.25 2.537605e-47
426.5 2.53948625e-47
426.75 2.541e-47
427 2.54254e-47
427.25 2.54414125e-47
427.5 2.54569e-47
427.75 2.5474925e-47
428 2.5491725e-47
428.25 2.5508875e-47
428.5 2.5525325e-47
428.75 2.5541075e-47
429 2.55563875e-47
429.25 2.5573275e-47
429.5 2.55891125e-47
429.75 2.5606525e-47
430 2.562245e-47
430.25 2.56389e-47
430.5 2.56552625e-47
430.75 2.56732e-47
431 2.56899125e-47
431.25 2.57058375e-47
431.5 2.5722375e-47
431.75 2.5738475e-47
432 2.57572875e-47
432.25 2.5773475e-47
432.5 2.57908875e-47
432.75 2.58069875e-47
433 2.5823525e-47
433.25 2.5842775e-47
433.5 2.58600125e-47
433.75 2.587725e-47
434 2.58937875e-47
434.25 2.59104125e-47
434.5 2.59273875e-47
434.75 2.59434875e-47
435 2.59602e-47
435.25 2.59776125e-47
435.5 2.59958125e-47
435.75 2.601235e-47
436 2.60308125e-47
436.25 2.60491e-47
436.5 2.60663375e-47
436.75 2.60826125e-47
437 2.6099325e-47
437.25 2.61179625e-47
437.5 2.6133975e-47
437.75 2.61513875e-47
438 2.61674875e-47
438.25 2.618595e-47
438.5 2.6202225e-47
438.75 2.62187625e-47
439 2.62359125e-47
439.25 2.62530625e-47
439.5 2.627135e-47
439.75 2.6289375e-47
440 2.6307925e-47
440.25 2.63256e-47
440.5 2.6342925e-47
440.75 2.6361825e-47
441 2.63797625e-47
441.25 2.63988375e-47
441.5 2.64168625e-47
441.75 2.64369875e-47
442 2.64525625e-47
442.25 2.64700625e-47
442.5 2.6488e-47
442.75 2.6505675e-47
443 2.652475e-47
443.25 2.65440875e-47
443.5 2.65635125e-47
443.75 2.6581975e-47
444 2.65997375e-47
444.25 2.66188125e-47
444.5 2.66361375e-47
444.75 2.66546875e-47
445 2.66706125e-47
445.25 2.6689425e-47
445.5 2.6709725e-47
445.75 2.673055e-47
446 2.674875e-47
446.25 2.67665125e-47
446.5 2.67873375e-47
446.75 2.6804225e-47
447 2.68212875e-47
447.25 2.683975e-47
447.5 2.6859e-47
447.75 2.68743125e-47
448 2.68907625e-47
448.25 2.69084375e-47
448.5 2.69332e-47
448.75 2.69492125e-47
449 2.69670625e-47
449.25 2.69857e-47
449.5 2.7003725e-47
449.75 2.702385e-47
450 2.704205e-47
450.25 2.70601625e-47
450.5 2.70739e-47
450.75 2.7092275e-47
451 2.71089875e-47
451.25 2.712745e-47
451.5 2.714215e-47
451.75 2.71590375e-47
452 2.71726875e-47
452.25 2.7188e-47
452.5 2.7202e-47
452.75 2.72169625e-47
453 2.72309625e-47
453.25 2.7246975e-47
453.5 2.72600125e-47
453.75 2.7274275e-47
454 2.72866125e-47
454.25 2.72979875e-47
454.5 2.73084e-47
454.75 2.73191625e-47
455 2.7328875e-47
455.25 2.7338325e-47
455.5 2.73497e-47
455.75 2.7357575e-47
456 2.7367725e-47
456.25 2.73777e-47
456.5 2.73825125e-47
456.75 2.73886375e-47
457 2.7397475e-47
457.25 2.74038625e-47
457.5 2.74070125e-47
457.75 2.74099875e-47
458 2.74134e-47
458.25 2.7419875e-47
458.5 2.7419e-47
458.75 2.742215e-47
459 2.74182125e-47
459.25 2.7419e-47
459.5 2.74155e-47
459.75 2.74134e-47
460 2.74099e-47
460.25 2.740535e-47
460.5 2.74014125e-47
460.75 2.7395375e-47
461 2.7388025e-47
461.25 2.73826875e-47
461.5 2.73742875e-47
461.75 2.73658875e-47
462 2.7356875e-47
462.25 2.73469875e-47
462.5 2.73361375e-47
462.75 2.732485e-47
463 2.73125125e-47
463.25 2.72986875e-47
463.5 2.72827625e-47
463.75 2.72663125e-47
464 2.72517875e-47
464.25 2.7234375e-47
464.5 2.72113625e-47
464.75 2.71894875e-47
465 2.7164725e-47
465.25 2.71396125e-47
465.5 2.71166875e-47
465.75 2.70928875e-47
466 2.70669e-47
466.25 2.70318125e-47
466.5 2.700355e-47
466.75 2.697835e-47
467 2.6940725e-47
467.25 2.69124625e-47
467.5 2.68774625e-47
467.75 2.68419375e-47
468 2.68036125e-47
468.25 2.67582875e-47
468.5 2.67141875e-47
468.75 2.6665975e-47
469 2.6621175e-47
469.25 2.6573925e-47
469.5 2.65202875e-47
469.75 2.64712875e-47
470 2.64236e-47
470.25 2.63661125e-47
470.5 2.6308975e-47
470.75 2.6245275e-47
471 2.6186125e-47
471.25 2.612575e-47
471.5 2.6066425e-47
471.75 2.60064875e-47
472 2.59382375e-47
472.25 2.58638625e-47
472.5 2.57947375e-47
472.75 2.57109125e-47
473 2.5628925e-47
473.25 2.55478125e-47
473.5 2.5465825e-47
473.75 2.538025e-47
474 2.52875875e-47
474.25 2.5200175e-47
474.5 2.51090875e-47
474.75 2.50124e-47
475 2.4915625e-47
475.25 2.48157875e-47
475.5 2.471175e-47
475.75 2.46063125e-47
476 2.449685e-47
476.25 2.43894e-47
476.5 2.42774e-47
476.75 2.4163475e-47
477 2.404535e-47
477.25 2.39269625e-47
477.5 2.38028875e-47
477.75 2.36735625e-47
478 2.35424875e-47
478.25 2.3405375e-47
478.5 2.32719375e-47
478.75 2.3135525e-47
479 2.2997975e-47
479.25 2.28592e-47
479.5 2.27184125e-47
479.75 2.25778e-47
480 2.2435175e-47
480.25 2.22903625e-47
480.5 2.214135e-47
480.75 2.199225e-47
481 2.1841225e-47
481.25 2.16880125e-47
481.5 2.15308625e-47
481.75 2.1377475e-47
482 2.1217875e-47
482.25 2.1059325e-47
482.5 2.0901475e-47
482.75 2.07421375e-47
483 2.0577025e-47
483.25 2.04147125e-47
483.5 2.02505625e-47
483.75 2.00850125e-47
484 1.99203375e-47
484.25 1.97540875e-47
484.5 1.95853e-47
484.75 1.94117e-47
485 1.92416875e-47
485.25 1.90673e-47
485.5 1.8885825e-47
485.75 1.8702775e-47
486 1.85173625e-47
486.25 1.8333e-47
486.5 1.8151175e-47
486.75 1.79627e-47
487 1.77673125e-47
487.25 1.757315e-47
487.5 1.7377325e-47
487.75 1.71845625e-47
488 1.69915375e-47
488.25 1.6794575e-47
488.5 1.65907e-47
488.75 1.63912875e-47
489 1.61931e-47
489.25 1.5988525e-47
489.5 1.5773275e-47
489.75 1.55567125e-47
490 1.53320125e-47
490.25 1.510285e-47
490.5 1.487605e-47
490.75 1.4652925e-47
491 1.44360125e-47
491.25 1.42149875e-47
491.5 1.39827625e-47
491.75 1.3747125e-47
492 1.350965e-47
492.25 1.32869625e-47
492.5 1.30669875e-47
492.75 1.285795e-47
493 1.265355e-47
493.25 1.2462975e-47
493.5 1.2284825e-47
493.75 1.21058e-47
494 1.19343875e-47
494.25 1.17686625e-47
494.5 1.1618075e-47
494.75 1.14674875e-47
495 1.13246875e-47
495.25 1.11883625e-47
495.5 1.10609625e-47
495.75 1.0945725e-47
496 1.08378375e-47
496.25 1.07408e-47
496.5 1.06483125e-47
496.75 1.0572975e-47
497 1.05091875e-47
497.25 1.04671875e-47
497.5 1.043315e-47
497.75 1.04260625e-47
498 1.04307e-47
498.25 1.04545e-47
498.5 1.05042875e-47
498.75 1.0591175e-47
499 1.0688125e-47
499.25 1.07807875e-47
499.5 1.08941875e-47
499.75 1.1030425e-47
500 1.11818875e-47
500.25 1.13435875e-47
500.5 1.15350375e-47
500.75 1.17439e-47
501 1.19900375e-47
501.25 1.2266275e-47
501.5 1.25636e-47
501.75 1.288105e-47
502 1.3239975e-47
502.25 1.3613075e-47
502.5 1.40273875e-47
502.75 1.447145e-47
503 1.4962325e-47
503.25 1.54994e-47
503.5 1.61037625e-47
503.75 1.68105e-47
504 1.7619175e-47
504.25 1.85521875e-47
504.5 1.9662475e-47
504.75 2.0917575e-47
505 2.242975e-47
505.25 2.42398625e-47
505.5 2.647295e-47
505.75 2.93132e-47
506 3.30892625e-47
506.25 3.8367875e-47
506.5 4.54120625e-47
506.75 5.61540875e-47
507 7.409220000000001e-47
507.25 1.05690375e-46
507.5 1.62442875e-46
507.75 2.639665e-46
508 4.505375e-46
508.25 8.44734625e-46
508.5 1.82350875e-45
508.75 5.1903775e-45
509 4.61120625e-44
509.25 3.72061375e-44
509.5 4.7637975e-45
509.75 1.72377625e-45
510 8.17261375e-46
510.25 4.5759525e-46
510.5 2.9363075e-46
510.75 2.1446775e-46
511 1.70475375e-46
511.25 1.46188875e-46
511.5 1.3335175e-46
511.75 1.9703075e-43
512 1
