domain units: Hz
measurement data type: std::complex<double>
segment length (sec): 4
sampling rate (Hz): 1024
domain bounds (Hz): [0, 512.25)
support bounds (Hz): [20, 512)support indexes: [80, 2048)
---------------
domainValue measuredValue
0 (0,0)
0.25 (0,0)
0.5 (0,0)
0.75 (0,0)
1 (0,0)
1.25 (0,0)
1.5 (0,0)
1.75 (0,0)
2 (0,0)
2.25 (0,0)
2.5 (0,0)
2.75 (0,0)
3 (0,0)
3.25 (0,0)
3.5 (0,0)
3.75 (0,0)
4 (0,0)
4.25 (0,0)
4.5 (0,0)
4.75 (0,0)
5 (0,0)
5.25 (0,0)
5.5 (0,0)
5.75 (0,0)
6 (0,0)
6.25 (0,0)
6.5 (0,0)
6.75 (0,0)
7 (0,0)
7.25 (0,0)
7.5 (0,0)
7.75 (0,0)
8 (0,0)
8.25 (0,0)
8.5 (0,0)
8.75 (0,0)
9 (0,0)
9.25 (0,0)
9.5 (0,0)
9.75 (0,0)
10 (0,0)
10.25 (0,0)
10.5 (0,0)
10.75 (0,0)
11 (0,0)
11.25 (0,0)
11.5 (0,0)
11.75 (0,0)
12 (0,0)
12.25 (0,0)
12.5 (0,0)
12.75 (0,0)
13 (0,0)
13.25 (0,0)
13.5 (0,0)
13.75 (0,0)
14 (0,0)
14.25 (0,0)
14.5 (0,0)
14.75 (0,0)
15 (0,0)
15.25 (0,0)
15.5 (0,0)
15.75 (0,0)
16 (0,0)
16.25 (0,0)
16.5 (0,0)
16.75 (0,0)
17 (0,0)
17.25 (0,0)
17.5 (0,0)
17.75 (0,0)
18 (0,0)
18.25 (0,0)
18.5 (0,0)
18.75 (0,0)
19 (0,0)
19.25 (0,0)
19.5 (0,0)
19.75 (0,0)
20 (0.1012602196528378,-0.1440055040069309)
20.25 (0.1935679332459688,-0.009015645802665824)
20.5 (0.3883044357851384,-0.3877489269525618)
20.75 (0.5335573310237794,-2.278780472426384)
21 (-0.5432750089743374,0.1176645751441068)
21.25 (-0.588402191615139,-0.00217708944563305)
21.5 (-1.616544952133418,0.5675100721433364)
21.75 (1.719112168568478,0.784037603459237)
22 (1.576776373572718,0.3067680078624839)
22.25 (1.6965364826088,1.711406058860708)
22.5 (-0.4224718229518427,0.8743211406490442)
22.75 (-0.9558386318026745,-1.088222186315223)
23 (-0.5892076237383213,0.980375844479383)
23.25 (-0.9720050487290252,-1.027946973743228)
23.5 (-1.923164276385159,-0.4189328972268268)
23.75 (0.9765228285714799,-1.501301040642598)
24 (0.8145479782030248,-0.258655697745944)
24.25 (0.4338989250225634,0.7858923626725438)
24.5 (-2.056706692529861,-1.411630765372596)
24.75 (-0.6305810291412304,0.5337801465738355)
25 (0.3792420619748111,0.8143390382033655)
25.25 (0.8700309714155433,-0.4293023129796614)
25.5 (-0.07751484674681755,0.6337289516756573)
25.75 (0.4749626662348059,1.334996516664925)
26 (-0.2893315664477313,-0.5918637892192307)
26.25 (1.263177328514413,-0.5093179880897717)
26.5 (-1.346345325802172,0.09691127724119863)
26.75 (0.9661419780707622,0.9685666898954387)
27 (-1.43121903360158,-2.121007496366685)
27.25 (0.3126511109426047,0.4633726484838734)
27.5 (0.6811257896625575,-0.2059061893402155)
27.75 (0.7268180710578651,1.089890766748896)
28 (-0.9463489628748282,-0.4118666488583048)
28.25 (1.043960834391266,-1.36245100948267)
28.5 (0.4001713450456508,0.7848374164735481)
28.75 (0.01692789894492334,0.432867683984513)
29 (-0.04192047151541418,-0.4510537569995343)
29.25 (-1.206970756066841,-1.174147712998187)
29.5 (-0.6737614843569699,0.7059610212792757)
29.75 (-0.04268929232171603,0.5634427884567031)
30 (-1.075386030632039,0.2530979336828142)
30.25 (1.755935017606034,-0.1186202428299888)
30.5 (0.1701273321848303,0.5330871639663725)
30.75 (-0.1713724033679702,0.6535657052478124)
31 (0.1632859878212428,-1.227397455087228)
31.25 (-0.6174301810893483,-0.07360962234104398)
31.5 (1.703705164127835,0.973123973797184)
31.75 (-0.7993515327791647,-1.440216956413295)
32 (1.550532155553242,0.1153306177893946)
32.25 (-1.466938964040941,0.01672692489535418)
32.5 (-0.5304618048329044,0.6305699486784103)
32.75 (-0.936862046220079,0.4120975169518625)
33 (0.9810794910634038,-0.04834600062914952)
33.25 (-1.617453187605885,0.6342116831833799)
33.5 (2.243464084554727,-0.1907251966223616)
33.75 (-0.05534971020443678,1.905751224231971)
34 (0.2240137902181744,-1.764957512283928)
34.25 (-0.9039057921513337,-0.3132921608958781)
34.5 (-0.9328604215512519,-0.9091651134496758)
34.75 (1.071965568244504,-0.4609517420274311)
35 (-1.406422714413895,-0.3160904715971134)
35.25 (-0.6400365646161083,0.02603849682162062)
35.5 (1.535212972360704,0.3137666264774834)
35.75 (-0.5285900427694205,0.252248111817625)
36 (1.400010935737891,1.394376674619547)
36.25 (-1.551761292711032,0.7493430959412337)
36.5 (-0.2697714025061956,0.72370452283561)
36.75 (0.6141176106775342,-0.2264191054832002)
37 (0.4026283435240972,0.2589115985213927)
37.25 (-0.5392826456422224,-1.746332907310916)
37.5 (2.761380321799379,-1.03997209272798)
37.75 (-0.6312667702527185,-0.1614629617646885)
38 (-1.011016857151622,2.273029014965882)
38.25 (-1.083255506177782,-1.103926140682706)
38.5 (1.756557382038096,-2.08641299877264)
38.75 (-0.6782520894268508,0.8136055975591108)
39 (-1.162039428246072,1.262978758264638)
39.25 (0.2972318202340901,-1.155195918873389)
39.5 (-0.6698109442129014,-0.1001720589187976)
39.75 (-0.04322850714761621,-0.4743510110941063)
40 (2.282801593223349,1.315079612484541)
40.25 (-0.1000093256340358,0.3333980324453917)
40.5 (-0.7625974870205485,0.1457104464419784)
40.75 (0.6865002898538224,-0.7089873361750387)
41 (-0.6493983904603797,1.01131095050474)
41.25 (-0.4860873131105607,-0.1805703817406082)
41.5 (0.8762749177735605,-1.378368151737625)
41.75 (-0.2458329137998876,-1.846433851317912)
42 (0.3763364010977284,2.043869172634334)
42.25 (-0.8786759537939497,0.0308577066457152)
42.5 (-0.3867182204857924,1.162188745260354)
42.75 (-0.8143180502278791,0.161988139068448)
43 (0.4174579014943147,0.5476358992372329)
43.25 (0.1058275937035082,0.3833102533574096)
43.5 (0.1119864493310724,0.7480685446514077)
43.75 (0.9541346753940901,-1.317674902408863)
44 (-0.2191566270738576,0.2242177666936496)
44.25 (-0.6484815497142943,-0.437848920688799)
44.5 (1.235106740736172,-2.086954127303045)
44.75 (0.003999492812130757,1.422206717289504)
45 (0.1336885524374844,0.0631982532492497)
45.25 (-0.1593171087493717,-3.334286303555394)
45.5 (0.4826796889258251,1.259427814229497)
45.75 (-0.004359915267965717,0.3279056209677804)
46 (-1.890169585423995,1.077803182362545)
46.25 (-0.6183148340007565,0.8224600490986796)
46.5 (1.391087619261131,-0.250086604817872)
46.75 (-1.42647944125405,1.24537778437338)
47 (0.3374049373740184,-1.900303732093242)
47.25 (0.4471806409146899,-1.077344865669658)
47.5 (0.7104923914309416,2.118216878597523)
47.75 (0.01456128908105117,-0.1537580119836537)
48 (1.115883717813335,-0.3412708870256468)
48.25 (0.386088795338459,0.8241131594077595)
48.5 (0.501708867321829,0.5286647815436638)
48.75 (-0.9759211705648673,-1.276615021966516)
49 (0.2266862255813856,-1.448940367486055)
49.25 (-0.8600465875213581,0.5727621683959347)
49.5 (-0.2776880868675789,1.595378921000832)
49.75 (-1.247149257563717,-0.5100030717326628)
50 (0.9747306126426563,-1.925302533746347)
50.25 (-0.1838315832816589,1.033001630036072)
50.5 (-0.7858478601040776,1.365282328028337)
50.75 (-0.491420029216743,-1.343784959963245)
51 (1.821340107784294,0.6841740589099531)
51.25 (-0.4674195650513864,-0.09175981755715439)
51.5 (1.210574723268213,-1.612949085291766)
51.75 (-1.430462343392673,1.805692547889066)
52 (0.799412221450014,-0.01611040301676145)
52.25 (0.03782497163901123,-0.769632675976285)
52.5 (0.2815150384800972,0.2240760413241402)
52.75 (-0.2746954802678709,-0.3747043598348195)
53 (-0.4479592071143657,2.041973513432869)
53.25 (0.7116755540366254,-1.691518679646457)
53.5 (-0.6572104729535193,1.825097251596296)
53.75 (0.7352364139917656,-0.7578307125201785)
54 (-0.6332590437933158,-1.515132209760855)
54.25 (-0.7404364962909059,-1.022006482880541)
54.5 (0.2818078979123976,0.2558882237590179)
54.75 (-0.6151364281773054,0.3587091648608223)
55 (-0.2070097548990749,1.089608958508506)
55.25 (0.4351685966921211,0.01663242440383277)
55.5 (0.7465253121648088,1.264014447736387)
55.75 (1.313027912508311,-0.6738703350623565)
56 (-1.236092849360011,-0.2018821453502373)
56.25 (1.573047994631384,0.1914168111649285)
56.5 (0.6163458414622274,1.006044720659124)
56.75 (-0.5574162799954855,-0.9307872148186528)
57 (-0.3070596033518622,0.2330272421772362)
57.25 (-0.07269524285474963,-1.766342199225888)
57.5 (-1.019215740136313,1.38883707493291)
57.75 (-0.8798140336516059,-0.9169703837770425)
58 (-0.2227530851097674,-0.1873693091793555)
58.25 (-0.5014184140407965,-0.0800238263230348)
58.5 (-0.6991116474431891,2.429032575080676)
58.75 (1.239622631449665,-1.021860266101963)
59 (-0.6900164244734706,-1.821544952090081)
59.25 (-0.1925010840522013,-0.3708732288817349)
59.5 (2.013808173429828,1.805592835532525)
59.75 (0.598835535082775,-1.741641284539893)
60 (1.159703866650169,1.207917862271063)
60.25 (-0.4198479318770053,2.016601190197022)
60.5 (-0.07849138560401209,0.6715224855504758)
60.75 (-0.8970774257109008,-0.09691163586244515)
61 (-1.323734413841603,0.1082595299613424)
61.25 (-0.1975477861783926,-3.174171353245983)
61.5 (-0.787058574740373,-0.1142895456917486)
61.75 (0.789614622489285,0.9088814356895863)
62 (1.417363094411929,-0.8058926881922038)
62.25 (-0.3434872077120917,-1.057424050426472)
62.5 (0.9858975011706367,1.007452249405499)
62.75 (-1.594324706702644,-0.7540162790455388)
63 (-0.6755274823447486,1.247528705247229)
63.25 (0.0363067800452213,-0.203521718913527)
63.5 (-1.126197142689887,0.5599789685701184)
63.75 (-0.1424522915837796,-2.041671529795916)
64 (2.483009155723441,0.8681610657507828)
64.25 (3.008080787553515,2.17001733247344)
64.5 (-1.125115303769269,0.3943920910046823)
64.75 (-1.519103302435627,-1.914513113732033)
65 (0.04913461227613196,1.745983189672959)
65.25 (0.7243385940253007,-0.850235269312887)
65.5 (-0.2845246239522059,0.7968240325943902)
65.75 (-1.712292929731966,-1.613102996490364)
66 (1.072147638913163,0.8825053970616491)
66.25 (-2.144949300928729,-1.264918786239103)
66.5 (0.6936767162668612,1.622995025246346)
66.75 (-0.4792609251793157,0.2835698321753428)
67 (1.230577174737143,1.576293239660246)
67.25 (1.663712682153777,-2.002686146093246)
67.5 (-1.211611350924283,-0.3944535681886921)
67.75 (-0.6474090985116506,-2.442900475238325)
68 (0.6888882190601365,0.7378085697983431)
68.25 (-0.6652166262629158,0.6758623774507068)
68.5 (-1.489128218726596,-1.016689128159202)
68.75 (1.886999363786126,1.2590343420821)
69 (1.263296930718006,-0.2668172395393667)
69.25 (0.8647261059843986,0.9693132141400381)
69.5 (-1.062506693311321,0.7235333674189415)
69.75 (0.2175041449119336,-0.7831395093668971)
70 (-0.8850537504393922,1.130343821100621)
70.25 (0.943386709031975,-0.6005168806276355)
70.5 (-0.188987560959827,0.3005500665515019)
70.75 (-1.338217479134939,-1.317227761917512)
71 (-1.585377606207058,0.4680366211100074)
71.25 (-0.1102935140079094,-1.536904980558167)
71.5 (1.209486988799658,1.589039109350133)
71.75 (0.9627596375444556,-1.795733114947538)
72 (2.088821195526445,0.06189122918671895)
72.25 (-0.75154814345861,-0.02584670261377403)
72.5 (-0.8213381813871766,3.29470372973257)
72.75 (-0.2766064645097365,-1.360273320624008)
73 (-0.9417262306166384,1.63395320565517)
73.25 (0.11531743548505,-1.084929808525046)
73.5 (-0.2710323029243033,0.8008109834158733)
73.75 (0.4927016985221099,-1.816170330620943)
74 (-1.227705644886898,1.67051059237492)
74.25 (-1.379881533381422,-2.411297776858722)
74.5 (0.9141666033190716,1.001650155144529)
74.75 (0.8422306613914523,-1.335092654068297)
75 (0.5696537873821377,0.09806835094227954)
75.25 (0.7331202587039278,0.5883592012221383)
75.5 (1.421523368595855,0.6060894067011007)
75.75 (-1.241905042955044,0.07741370154711275)
76 (0.3087137904032763,0.600793736938756)
76.25 (-0.1712029438366929,-1.017315992630485)
76.5 (1.388086780996005,0.4072828247472209)
76.75 (-1.060517822770262,-0.9766415564114611)
77 (0.8972277886413115,0.3387216479144496)
77.25 (-1.12433274104368,-1.68940021682597)
77.5 (-1.960031299273759,0.9088553285765198)
77.75 (1.521272599519515,1.880451899323816)
78 (-1.273801457653565,0.5033804337219023)
78.25 (1.189723093318835,-1.552086039008465)
78.5 (-0.3778510542108048,0.2252029823654385)
78.75 (-0.9436725298393682,0.5861453270694862)
79 (0.5052251701929287,-0.1124349858135921)
79.25 (0.7497233688299011,-1.827288725281996)
79.5 (0.9459158922493935,2.263889790230706)
79.75 (-1.538763790684881,-0.3082755361105373)
80 (0.1489511498786926,1.423527503627549)
80.25 (0.9258377391520628,-1.684710886646872)
80.5 (-1.45873995082756,0.6380742745608208)
80.75 (1.066860143985508,-2.028251877720101)
81 (0.6267453965804469,1.009289343576505)
81.25 (-0.7502081312811115,-0.2803257862286667)
81.5 (-0.6408326054762222,-0.03115540632018306)
81.75 (-0.1384017892362314,0.1909011981972883)
82 (-0.2959112307518704,0.9012607924304572)
82.25 (0.7216470574069349,-0.8093818847490801)
82.5 (0.2661820537370108,1.572941345436022)
82.75 (0.6380627158864938,-1.40217411108151)
83 (-1.215754716521179,0.943601911364885)
83.25 (0.07703220319023613,-0.8994458072612971)
83.5 (-0.3784448787654104,-0.3970694577645398)
83.75 (0.3020750090136838,-1.627164965298504)
84 (-1.167445742875331,1.011153227916336)
84.25 (1.632224221939051,0.4532371430665212)
84.5 (1.441194563505395,0.6712377499275981)
84.75 (-0.2498082724731799,1.434469139225707)
85 (0.5465079289136791,-1.419082477589628)
85.25 (-1.364072558435558,-0.2160398275044005)
85.5 (-0.3864725167381302,0.8027807256703988)
85.75 (-1.134435124037477,-2.389437909063298)
86 (0.9066166535267985,0.9553972192538612)
86.25 (0.6869773506390295,-0.04892210049597519)
86.5 (-0.785942287109281,0.9905759603622083)
86.75 (-0.01844099059480721,-1.085765363578453)
87 (-0.5584775935221774,1.157799985505526)
87.25 (1.376080282419269,-1.000606152786107)
87.5 (1.157261311855193,1.25226411366585)
87.75 (0.8677256837681701,-1.370465062878361)
88 (-1.781612646521242,0.5428325192616373)
88.25 (0.2079373450772988,-0.1716575588325135)
88.5 (-1.537019676649357,0.9178499759825579)
88.75 (0.5045606825440005,-1.318128712769283)
89 (-2.116990689958746,1.012014771440602)
89.25 (0.8845766728833789,0.08346201879501319)
89.5 (1.752446222218251,0.6738888591790207)
89.75 (1.942307275141127,0.2495308152358057)
90 (0.01676820019869787,0.9879805451792262)
90.25 (-1.381159640568949,-1.475364901638136)
90.5 (-0.8876254399848673,0.2771264871990929)
90.75 (-0.2129647645835276,-1.780720223161122)
91 (-0.452087681777366,0.0348150759691418)
91.25 (-0.5338108329890977,0.3931721396844286)
91.5 (-0.1753045984051493,1.215156976845113)
91.75 (-0.4551396683272029,-2.597332161627924)
92 (-0.786825616852876,0.8825646399388973)
92.25 (2.301847613394083,-0.7103074765268548)
92.5 (0.3840964443735552,2.719905342143077)
92.75 (1.298426089445625,-1.513454704799527)
93 (0.3259066301741158,0.7627409888107094)
93.25 (-0.04527593809737865,0.215711147938031)
93.5 (-1.683290982654895,-0.06532045042398252)
93.75 (0.1876913476702781,-1.02153302308895)
94 (-0.4261475188051632,-0.9824681489686641)
94.25 (-0.4940244196909622,0.588501694866152)
94.5 (0.2868815159204028,0.4713352411989272)
94.75 (0.6443818765415003,1.381869260397814)
95 (-0.05527580621358451,1.153200015758723)
95.25 (-0.7768017667088986,-0.0702781559459924)
95.5 (1.025652322077473,-1.403751739313944)
95.75 (-0.0422495620588198,0.3451213831545797)
96 (-0.1621373659552071,-1.181144396645955)
96.25 (0.107923207401582,0.4297386816946442)
96.5 (-0.6215858198420993,1.329999945740158)
96.75 (-0.7669923070303706,-2.081910016363022)
97 (-0.823132210168331,-0.204344053411981)
97.25 (0.4716270495680956,0.6577493113667177)
97.5 (1.136747337589984,-0.3469565424175974)
97.75 (1.441457021613478,-1.226802280298354)
98 (0.3768008481415644,-0.4520080358498752)
98.25 (-0.9600581188941012,1.937543497774754)
98.5 (1.238117253246618,-0.1138168582238701)
98.75 (-1.224327631126976,0.1384936865588356)
99 (0.2888167487597726,2.242913101106331)
99.25 (-0.7162050266223099,-0.3467442922945514)
99.5 (0.5965880512498222,0.2244413606050495)
99.75 (0.9165483844948106,-1.758853803775653)
100 (-0.8398919346452195,-1.276778809734958)
100.25 (-0.51751001264997,0.1071154085754922)
100.5 (-0.4683272057253188,2.258480523344947)
100.75 (-0.1844015552293301,-0.6632881816021087)
101 (0.9921172790002777,-1.276477042674148)
101.25 (-1.505421741286616,-0.4502123651748827)
101.5 (0.9156577634164137,-0.627552473026816)
101.75 (-0.9249291673828639,-0.4457790039994329)
102 (-0.08926941594095757,1.416792413461521)
102.25 (-0.5677886325354083,-0.5045027237776162)
102.5 (-0.1038958024554368,0.9213788177764337)
102.75 (1.073997915850348,0.3866373500787973)
103 (0.1690461586431706,1.052885738615225)
103.25 (-0.5679383412213421,0.6338194340393929)
103.5 (3.492972100126692,-0.4319471207366525)
103.75 (-0.7854241493817542,-1.080725543543747)
104 (-1.488214727315197,-0.05962613419343007)
104.25 (0.4458312784655609,-2.625018488012763)
104.5 (0.2269960894953551,2.220772062428692)
104.75 (-1.95870566220604,1.530210738629523)
105 (1.027136976654319,-1.101351060879858)
105.25 (0.2267923324031393,-0.6196745584400182)
105.5 (-0.0387315376451404,1.797860206728433)
105.75 (-0.3031590498712524,-1.196404289335548)
106 (-0.2274418225295048,0.6827494328076315)
106.25 (0.2964859744243703,0.9187341990233387)
106.5 (1.992581081779033,-0.5102493167278614)
106.75 (-1.541254245334728,-0.8498775370856387)
107 (0.9527512054214515,0.4348241657742087)
107.25 (-1.591756925300287,-0.948175385799871)
107.5 (-0.5378018429330593,0.2837389732901585)
107.75 (0.5365140222368344,-0.4503593046462502)
108 (-0.7258162878836739,0.5479874887337918)
108.25 (-0.5285495163102515,-1.501300639289581)
108.5 (1.629829081820579,-1.522341103858439)
108.75 (-0.4981027846260231,0.3188716481251543)
109 (0.163098940364734,2.546038044185734)
109.25 (0.4057174556584215,-0.1593993803781833)
109.5 (0.7871746689566335,-1.16053178145637)
109.75 (-1.770153426187984,-0.6811937435805739)
110 (0.8153037920940115,0.4574673522388282)
110.25 (1.176835529629012,2.103940054441547)
110.5 (-0.198137787467496,-0.150656645750683)
110.75 (-1.994831392371366,-0.07345015501162745)
111 (1.20961279165882,-1.144275408514176)
111.25 (-0.02951088798102317,-0.6777046838328932)
111.5 (0.9163040381783398,0.01455366748237871)
111.75 (-0.7687048726905756,1.91242968631702)
112 (-0.2005104702746158,-0.5803208884856319)
112.25 (-0.3727714938672037,1.294332941893804)
112.5 (0.1346527940833152,0.1263992097682368)
112.75 (-1.114853731296163,0.000761666725525755)
113 (0.9461946248858707,-1.765793858326693)
113.25 (-0.8870957600265447,-0.01197267707191043)
113.5 (0.8241933770462434,0.5846916441234722)
113.75 (1.097551108385562,0.2730246729768941)
114 (0.4354755892069469,0.304696114863979)
114.25 (-1.653695461393902,0.5169666651215505)
114.5 (0.4878637347093203,-0.8714889623512403)
114.75 (0.08279550963668812,0.5779443935759122)
115 (1.054170370880745,-0.6924317884101097)
115.25 (-0.6667726445694939,-1.683439045860864)
115.5 (-0.135826936451646,0.8828788796103685)
115.75 (-0.9908975941291077,0.8845511406257284)
116 (0.8429848066470642,-0.9710995669263488)
116.25 (1.470123890934196,0.218237978631102)
116.5 (-1.719624848341934,0.1899465959312954)
116.75 (-1.057987203348859,0.8084330967991209)
117 (1.128980720892101,-0.260054999661604)
117.25 (-0.4788971775792291,1.262115749977953)
117.5 (0.591061400515325,-2.21189442153198)
117.75 (-1.270562224590313,1.169848609443177)
118 (0.02498372834197616,-0.4244622991796812)
118.25 (0.788328511916773,-0.8821365002933904)
118.5 (0.558290293040359,0.420357285087316)
118.75 (1.167156282782788,-0.5582314676253672)
119 (0.2427229495701566,-1.4634332053399)
119.25 (1.14878071907583,2.242017637115104)
119.5 (-0.9224807671306861,-1.371358684373011)
119.75 (-1.928087687159618,1.006357181831512)
120 (0.6442455875827958,1.366305629526686)
120.25 (-1.850808812186585,0.1421348665859279)
120.5 (-0.171504867229694,-1.269121131544655)
120.75 (-0.6291188336204299,1.156550481017678)
121 (0.4714933170215366,0.06719991560509894)
121.25 (0.5884725680833921,0.0665681360400578)
121.5 (1.015563456017074,-1.143469780124385)
121.75 (0.9362473368997416,-0.9167299170715473)
122 (0.3521068546117054,-0.2997090963752025)
122.25 (-0.4741465081061009,0.3058033502175573)
122.5 (-1.297470838904744,-0.398017339692412)
122.75 (0.1979307698077238,0.9391690992175105)
123 (-0.8556379261461448,-0.9572100796563272)
123.25 (1.235090569278718,1.403344480384956)
123.5 (0.1913606355876414,-0.2547105401314008)
123.75 (-0.2585141006059036,2.768674165486373)
124 (-1.327326272776824,-1.77642480448877)
124.25 (0.1662697231256882,0.4930530125379366)
124.5 (0.6141949718269695,-2.113164642875367)
124.75 (1.480704098886141,0.8757890117809163)
125 (-1.121394362074657,-0.1924914119428868)
125.25 (0.1100998313350118,-0.7786159501751407)
125.5 (0.3079813494348656,1.215357480847471)
125.75 (0.1873011361345529,0.2990723552753916)
126 (-0.5366455281871785,-0.4481139871046972)
126.25 (2.573687091094128,-0.7452625822745952)
126.5 (-1.15882792667976,0.1552450352475183)
126.75 (-2.159878134577249,1.568931495365309)
127 (-0.1883182091866678,-0.7290548160197552)
127.25 (0.3038806849702215,-0.704096005626103)
127.5 (0.8203471892028638,-1.100405902957248)
127.75 (-1.25812763166306,-0.009676337816041278)
128 (0.6509346570178742,1.544251488618912)
128.25 (1.309251757308437,0.2262636674031338)
128.5 (-0.632135988010976,-0.3063056311043644)
128.75 (0.4635296851718859,0.08182795747351879)
129 (-0.128317947277076,-0.3803853726696637)
129.25 (-0.1172847322968506,2.095922959034455)
129.5 (-0.01664642687893889,-2.225464533064674)
129.75 (-0.8631125705907869,0.9144250988276337)
130 (0.1435208518048929,0.3807734019315072)
130.25 (-0.5765962256420359,-0.3917017642420926)
130.5 (1.387779344179068,-1.301411600256527)
130.75 (0.732058411967115,0.7626815470041862)
131 (0.528061141019041,-0.7690317142705677)
131.25 (-0.6271172458659169,-0.2676542648412393)
131.5 (-1.089105098228416,0.6796040117656728)
131.75 (-0.682386481567072,-0.0569235895411644)
132 (0.2423455039520141,-0.4807083861689491)
132.25 (-0.0632009416151627,0.3910383898797208)
132.5 (0.317755806967675,-0.2006857354331192)
132.75 (-0.4484926683645084,0.908365264574347)
133 (-0.02980095994040554,-0.2204136902568926)
133.25 (0.4588307406322821,1.027558253780337)
133.5 (0.8830313857740502,-0.2746346235731412)
133.75 (1.088402439400777,-0.9914762292970233)
134 (-2.414479284609253,-0.635008558941451)
134.25 (-0.2531506248028175,1.03913989840258)
134.5 (0.6518424499847761,-0.3417457061940199)
134.75 (-0.5184803319095719,-0.5889208949151664)
135 (0.5815977859177419,3.332540616145106)
135.25 (-0.1317227871517953,-0.563352962284106)
135.5 (-0.2987672048522007,-0.716525075295994)
135.75 (0.8639026884580244,-1.485997777700013)
136 (-0.4402677746474217,-1.436138372823886)
136.25 (-0.2864362024906026,0.2877862902907995)
136.5 (0.1019584256459746,-0.2368128760933009)
136.75 (-0.5155048738126841,0.2871194167964114)
137 (-0.5197827496431001,1.88864991629637)
137.25 (2.266778271577923,0.2116273536195122)
137.5 (1.005389169686643,0.7546076745633146)
137.75 (0.2152545183746613,0.5890624904640278)
138 (-0.5146511513131039,0.8181538033761639)
138.25 (-1.943910025867574,-1.877208706029595)
138.5 (0.7915734288588595,-1.724107248588034)
138.75 (-1.084818085696922,-0.3475838839965376)
139 (-0.4041070791203855,-1.260304083543881)
139.25 (-0.4879761739453239,0.3721996597189078)
139.5 (1.186980015166803,2.023568255166151)
139.75 (1.190836412402472,-1.108705259765113)
140 (-3.460613083906264,0.8616884312060989)
140.25 (2.098794487164682,0.6890616668730533)
140.5 (0.9998964984748354,0.9499046073085949)
140.75 (-0.2764130440467709,-1.350366727792942)
141 (-0.8898380175259399,0.7294289421673524)
141.25 (1.955737550399838,0.378988472189697)
141.5 (-0.5966885649755245,0.659071338060264)
141.75 (0.4449925329373062,-0.4699674493762968)
142 (-0.4313444234735109,-0.2734101381805299)
142.25 (-0.2222378237520269,-1.695614308483107)
142.5 (0.7598587569950866,-0.6683268055280507)
142.75 (-0.5016256166658662,-0.7342603660672058)
143 (-0.1287703010109458,0.03864437660161859)
143.25 (0.3779935505011955,1.387843222907915)
143.5 (-0.9436321340809992,-0.1923737447232929)
143.75 (-1.335550229774821,-0.0225351811778725)
144 (0.3429425334901249,-0.5983894035857801)
144.25 (0.1962587083658675,1.992001528693218)
144.5 (1.038215141530555,-1.566235528742085)
144.75 (-0.8974725737079818,2.232111013539935)
145 (0.4468254325718012,-1.098226599499724)
145.25 (-0.2394399727356386,1.118431298729041)
145.5 (-0.4166725017773576,0.9533677780114982)
145.75 (0.408143132906665,0.1124060362224566)
146 (0.4725601144642847,-2.006198326413442)
146.25 (0.4571618143859515,-0.9235976593863856)
146.5 (0.226691390236296,-1.100032133103704)
146.75 (-1.699838390954626,0.5619302036782866)
147 (0.6168347548901933,1.324520337317576)
147.25 (0.3791331321336059,1.239976397589055)
147.5 (1.813074479888948,-0.7053755595581684)
147.75 (-1.426093889587505,-1.035102068006701)
148 (0.2363730586172358,-0.1524628699739725)
148.25 (-1.299956614862068,0.02222404900507064)
148.5 (-0.1687092185116088,-1.369720666849221)
148.75 (2.002428464102208,0.2518681417799296)
149 (-0.5359232572353991,0.6196322980502758)
149.25 (0.01565697820320043,-0.573904274110722)
149.5 (-1.188861026476133,0.4011864904190998)
149.75 (-0.07540312800241331,1.704948686189924)
150 (0.6179139557422705,-0.7355253400699852)
150.25 (-0.7537087093777721,0.4020367273397413)
150.5 (1.42485938058269,-0.3215908650897156)
150.75 (0.9869767786188867,1.456549705699268)
151 (-1.043994915623934,-0.5627225856672423)
151.25 (-1.359789611168575,-0.9181385333302735)
151.5 (-0.5794092903423185,-2.29592740547367)
151.75 (0.1624845774217531,0.633076798545588)
152 (1.183527682917866,0.2747567417294854)
152.25 (-0.2311727231910972,1.680954682133934)
152.5 (1.16583890648249,0.8075707375010259)
152.75 (0.1712363154590459,-0.2715623793000573)
153 (1.642900108534005,0.2882307324046888)
153.25 (0.1706444083677483,-1.590149822279781)
153.5 (-2.452115441494932,1.438036375478108)
153.75 (-0.2063832336619479,-1.474799561469214)
154 (-1.366747703306176,0.7992344703515941)
154.25 (-1.557382440090038,0.9020624463298398)
154.5 (-0.3005408619234979,0.05582592636964238)
154.75 (1.796473879942644,-1.531309177267375)
155 (0.5670816244605136,-1.134353766949328)
155.25 (2.264429529697872,1.094762967315143)
155.5 (-1.024605509695401,-0.8368518633829096)
155.75 (0.3951117034400048,1.020362503568137)
156 (-0.3826572865493451,-0.1667769564339953)
156.25 (-0.3101181164321319,0.2075846204356712)
156.5 (-0.4874384966913954,-0.3442392586247339)
156.75 (-0.4259852932697547,0.3123314160778607)
157 (0.5734340507199581,0.02013806281363141)
157.25 (0.3896156158188434,-0.4518917423952914)
157.5 (0.7644887248428783,0.5249154370930009)
157.75 (-1.23543641577093,0.2628035908094579)
158 (-0.6497141112003191,0.4194520841140583)
158.25 (1.0985964750663,-0.5148757283542268)
158.5 (-0.7582630654899236,-0.1456055025834072)
158.75 (-0.3060001180410635,0.2888304638094881)
159 (0.7207125602855113,-0.2262615481860844)
159.25 (-0.2695781119075615,0.9896694317579786)
159.5 (-0.2263627172813469,-0.9587206652230729)
159.75 (1.079926210891616,0.4809521421077376)
160 (-1.201778147766488,0.1744849320525464)
160.25 (1.572585276666837,0.1583562680913468)
160.5 (-0.6841388574464031,-0.2927458428704983)
160.75 (1.454229668771339,-1.724525163596012)
161 (-1.206096495094906,1.352837147335502)
161.25 (-0.6108884479288234,0.6652545372609279)
161.5 (-0.003806713507321726,-0.6724475008159135)
161.75 (0.1920635483749537,-1.597201679159487)
162 (-0.4680592001181527,0.5783427731827603)
162.25 (1.057333460317784,1.58599044436729)
162.5 (-0.5183765411466331,-0.4024583140477266)
162.75 (-0.4492847999708521,-0.6313646051101944)
163 (-1.807569777258747,0.6923919469968278)
163.25 (0.7802909705749795,0.4422442388492752)
163.5 (1.690377329627964,-2.099056017734868)
163.75 (-0.2998409998495115,0.9660845196579444)
164 (0.03910912747353652,-0.771322756632199)
164.25 (1.631427032204514,1.620756490730838)
164.5 (-1.2697850238938,-0.5912593889951389)
164.75 (-1.187698628307159,-0.9260348788210826)
165 (-0.7219052183434469,0.797602886616909)
165.25 (-0.1367695594095785,-0.009353368418423416)
165.5 (0.3443287905980258,-1.508038105033123)
165.75 (0.6070951265781315,1.028212612308927)
166 (0.3075563710276736,0.5802478608719278)
166.25 (1.885006392280332,0.3812106356996664)
166.5 (-0.4479396248622025,1.162054257655894)
166.75 (0.7491285717897903,-1.909864541495627)
167 (-1.664053709970524,0.6329361336276212)
167.25 (-0.251902251631491,0.2652968176903244)
167.5 (1.021693737627416,1.897760441449251)
167.75 (-1.200293917185003,-0.7282616808143634)
168 (-0.2039567868470715,-0.9132139562709475)
168.25 (-1.163524528813748,-1.127011509729514)
168.5 (0.14499355460383,-1.972701370943793)
168.75 (0.9708684784423282,0.4488587245931657)
169 (1.38523616369501,1.794049588510775)
169.25 (0.2787327329457476,-0.4714426811726372)
169.5 (-0.3954071964115273,0.1694052037411212)
169.75 (-0.5384560305838554,0.5525423378952556)
170 (-1.529996731546853,-0.08871050641774209)
170.25 (1.533041815824591,-0.6580050108002056)
170.5 (-0.897598596484381,0.4681825905132966)
170.75 (-1.001781936950018,1.820297144580093)
171 (1.330385283976848,0.666718040672435)
171.25 (0.9666000926767009,-2.016426463491716)
171.5 (-1.217851269257169,-0.7054490093789805)
171.75 (0.8424784284692496,0.08746616946670527)
172 (0.1307690751872936,-0.4496037865707204)
172.25 (0.5954392961941382,-1.402107913676613)
172.5 (-1.264239306866527,-0.5625987053092707)
172.75 (0.4020228188904431,1.466741961916989)
173 (-0.5656699318086906,2.310595112302142)
173.25 (-0.8671428014908741,-0.6288481979554221)
173.5 (0.6968561388918451,0.6951952344760199)
173.75 (1.479190097425514,-0.2702283108626812)
174 (0.1208893014459288,0.2551503859139328)
174.25 (-2.212037744117718,0.190516855772619)
174.5 (1.367056134550156,-1.347524721024431)
174.75 (-0.5337808535513175,-1.371527746876486)
175 (-0.7114114027648005,0.05030825243958424)
175.25 (0.2304570098747631,-0.9142817718157031)
175.5 (0.6592850806821747,1.687047021485334)
175.75 (0.5679822853502339,1.031525697761118)
176 (0.4264455051367537,2.181587315844924)
176.25 (-0.1246181562097763,-2.866745815254383)
176.5 (0.3480301006662576,0.6642492209712145)
176.75 (-2.660978308003236,-0.236771685946902)
177 (2.348387874958951,0.1802971983809634)
177.25 (0.8223003263226533,-1.73636584256331)
177.5 (0.04333532039420349,-0.1186830255810037)
177.75 (0.10961987181101,-0.5384318963556524)
178 (-1.630051628102754,0.8774125958843058)
178.25 (0.7883923600004439,2.096481694719327)
178.5 (-0.9956641817161602,0.2077744867442192)
178.75 (-1.459261637309753,0.9770984314445154)
179 (0.162011196990442,-1.059974750404487)
179.25 (0.8452399627138817,-0.07526374690210276)
179.5 (0.2658663966873386,0.02842708303599335)
179.75 (-1.188495695143063,-0.6180452663869576)
180 (0.1456165487394841,-0.2029403057934817)
180.25 (1.280436087303096,-1.368430190243659)
180.5 (0.1090097151074813,0.2248979516878288)
180.75 (-2.071657000088692,1.156268423874104)
181 (0.8066636315360215,-0.8925164069696649)
181.25 (0.4724285885275929,-0.03324181930562979)
181.5 (2.469340104985044,0.7497730979206805)
181.75 (-0.2523788002757694,-1.397662232993325)
182 (-1.346674354682557,0.2785387463271896)
182.25 (-0.1854108298350921,0.4641366428060217)
182.5 (0.5220609138233264,1.30723078007067)
182.75 (-0.4371256237338941,-1.029631168028105)
183 (0.3153067082131428,1.599278834609903)
183.25 (1.164181045263687,-0.3065760198105128)
183.5 (0.4524642487064909,0.3263365115431808)
183.75 (-0.6323712814176824,-1.480061304605727)
184 (-1.203885525245431,-0.4186872209900077)
184.25 (0.7839778204670752,0.8110610274765765)
184.5 (0.9053376997674271,-0.4122569698994932)
184.75 (-0.9706998885239746,1.582954688394439)
185 (-1.300815712283046,-1.335728815133786)
185.25 (-1.887128840420193,-0.1150574101311657)
185.5 (1.769146978624429,0.328240560054993)
185.75 (-0.439485510650876,-1.634580486476019)
186 (1.150885915568522,0.3189436876994843)
186.25 (0.1382673148903566,-0.1203406234880967)
186.5 (-0.7183507156354556,0.6275606147256275)
186.75 (1.477090217500972,0.5329140408971927)
187 (-1.119331959910081,-1.031249849531022)
187.25 (0.4013305883464559,0.903522537000598)
187.5 (-1.332363161676413,0.2867940862207863)
187.75 (-0.5221660706094441,0.3163184964202824)
188 (1.115783492914521,-0.119187588343851)
188.25 (0.7545541721756518,0.7819098109162158)
188.5 (-0.8138985478293603,-0.7755530921720596)
188.75 (0.07057492343204069,0.001826074386559284)
189 (0.3439767680417998,-0.3376234385603707)
189.25 (0.09482154408667837,-0.05054760654218089)
189.5 (-0.3572163997960011,-0.8496203512259538)
189.75 (-0.5910414590673809,-0.1274133550948615)
190 (1.645843985438943,1.114313841249406)
190.25 (-0.4485647117718198,0.1471580564528048)
190.5 (-2.830394703627861,-0.2122526442635194)
190.75 (1.316877686203624,0.5115387461302513)
191 (1.009674508665919,0.7252773761886669)
191.25 (-0.2170130863809327,-0.6680246270964953)
191.5 (0.9511437291041323,-2.032683189396788)
191.75 (0.1564547793860814,2.267998948970658)
192 (2.072147885722336,-1.466328656696752)
192.25 (-0.9473796583434896,0.9407930532059334)
192.5 (-1.049733604440769,0.7999061509988489)
192.75 (-1.047423390586726,-0.559989393201842)
193 (-0.1264329214168612,-1.482284080103665)
193.25 (-0.2708993732089928,-0.2098045182921111)
193.5 (0.2772489399557145,-0.1791669969456537)
193.75 (0.4876030908219194,0.6545639442623352)
194 (-0.4347216999743846,-0.5504878453088534)
194.25 (0.9912514923334754,1.193593900797338)
194.5 (-0.9473679145039744,-0.433193730370136)
194.75 (0.4273060149141162,1.189567348926523)
195 (1.226747805313787,0.669824202498157)
195.25 (-1.077694662087813,0.1343340185190227)
195.5 (0.5136241170714936,1.012412491528224)
195.75 (0.09213448987703415,-1.682363663348442)
196 (-1.099424311647534,-0.7305678826587115)
196.25 (0.8107202215083279,-1.095475084607406)
196.5 (-1.091478068663609,0.6520152464920491)
196.75 (1.111967941672696,-1.962912845568402)
197 (-0.39970561680507,0.4629350638595688)
197.25 (-0.9447197619784836,0.696097276944311)
197.5 (-1.135228870802471,-0.07622199482891447)
197.75 (0.5097278595133824,0.8524401953416666)
198 (2.003081808194096e-05,1.662148626835654)
198.25 (0.7156557270621361,-0.08826032552537857)
198.5 (1.220049058297208,-0.6468064801814555)
198.75 (0.581032772307624,-0.3727830319193947)
199 (-1.089203554150529,0.5405275512097094)
199.25 (0.3228092358057033,0.4595925006014751)
199.5 (-0.2509690686021357,-1.193716181504564)
199.75 (-0.5826906098605883,1.203024467017049)
200 (0.6834782214260375,-1.508210246808135)
200.25 (0.8870461818341562,-0.8246578461950134)
200.5 (0.7501999528260861,-0.5821329644549004)
200.75 (-2.222769035475462,0.7225458942165968)
201 (1.436673726889287,-0.3399924803588845)
201.25 (0.1362069552673568,0.5421092477922209)
201.5 (-2.092281237309097,0.7125974570655316)
201.75 (0.1589815055481911,-0.4880265104226193)
202 (1.277251458724827,-1.004863271253473)
202.25 (-0.4514253138888325,0.6607944313797867)
202.5 (-1.828855614502365,1.236535500178463)
202.75 (1.029558806572091,1.433424139130513)
203 (-0.12567405612596,0.1013303982023817)
203.25 (1.340074539302074,0.1195531942131733)
203.5 (0.4605690919298101,-0.747834841985185)
203.75 (-0.5216517146638689,-1.827695790327755)
204 (-0.5624814637076868,-0.08183835011114345)
204.25 (-0.334868020417057,-0.2153806242809481)
204.5 (-0.1482623228266814,-0.5153671469199125)
204.75 (0.3565444869960538,0.2794532616122955)
205 (1.780292170299126,0.6996107772209683)
205.25 (0.1171054167568888,1.200949886900769)
205.5 (-0.4748504745628824,-1.617758650991255)
205.75 (-0.3588271040900538,1.489450850202977)
206 (-0.04446302066586823,-0.1796973770991838)
206.25 (-1.725083306305266,-1.175834734851346)
206.5 (0.158908359468065,0.5858537362745537)
206.75 (-0.07981974421659435,0.8785146836075596)
207 (0.3858857236316215,0.2082765377961301)
207.25 (1.238323429957264,0.8220215133887369)
207.5 (-0.8715153814883414,-3.11406555178935)
207.75 (-0.8379295748751378,1.62925269683143)
208 (0.1613165429731053,-1.162518087486154)
208.25 (-0.6956793211672815,0.3900031869294109)
208.5 (0.2676923104643829,-0.5623793369944159)
208.75 (1.866468975668177,2.144099324102726)
209 (0.4060128877602032,0.3539815128226776)
209.25 (0.04068366513492837,-1.252266671200808)
209.5 (-0.8127992527558884,-0.9531101998465601)
209.75 (0.8367658784767804,-1.113674862732285)
210 (-1.305247449022605,-0.3759997120841506)
210.25 (0.1796013470560593,1.125316021110896)
210.5 (0.9140390183098367,1.162658370950441)
210.75 (0.6642968305428097,1.825282131752199)
211 (-2.496601091130096,-1.637815327976436)
211.25 (0.4400919327341671,-1.051225826961813)
211.5 (0.5959289429832818,-0.3038162641680358)
211.75 (0.5476178677675376,-0.005290954819561387)
212 (0.5573055477933053,1.107291777298534)
212.25 (-1.729435920362675,1.072614582669195)
212.5 (-0.3441627661690632,-1.746928747998624)
212.75 (0.3069475324805268,0.3805996897520431)
213 (-0.5380034107396472,0.5746411306467791)
213.25 (-2.499031838032605,-0.1769348929724755)
213.5 (1.936317103682003,0.8213581791469597)
213.75 (0.6104607946282112,-1.055107366715187)
214 (0.4014670810111801,0.9242513479880081)
214.25 (1.899764685698283,-1.036849673579493)
214.5 (-0.483840584158197,1.845754185686933)
214.75 (-0.6910642563823409,-0.4899869807229281)
215 (0.9587892168428305,-0.6640973991750132)
215.25 (-0.5188250752274495,-0.5930934124180063)
215.5 (-0.4385519907464919,-0.2690497151492507)
215.75 (0.6815080655992218,-0.1655316744847685)
216 (-0.7406077330185992,-0.1380402165552464)
216.25 (-0.444307858064062,-0.05958238887439041)
216.5 (0.1944283358338708,0.4203119841045054)
216.75 (1.470377117075377,-0.3914288197549308)
217 (1.401534032003121,-0.490763826148565)
217.25 (-0.9754812435946824,-0.8415852142286474)
217.5 (-0.1790695145309484,1.659096183764523)
217.75 (-1.720536878479543,1.360209890971547)
218 (-1.346659546020451,-0.3923297983833215)
218.25 (0.4169064311734072,-0.7396738258978092)
218.5 (1.064809512364445,0.7181599173335467)
218.75 (0.2479917346888593,-1.32842085679041)
219 (-0.1231169939938961,2.345315416552907)
219.25 (0.5978729024854712,-0.1224607570607823)
219.5 (-0.318289828732868,0.2532009745093727)
219.75 (-1.172497788915452,-1.419367363590507)
220 (0.1412603319345308,0.2395393019217971)
220.25 (1.384587521316623,0.1142798499471984)
220.5 (-0.4854280533902012,-0.4734934783642277)
220.75 (0.8068569008124415,-0.8725192734837459)
221 (-0.4577907425361784,-0.6688090062096986)
221.25 (-0.6087077417002504,0.8468219904316934)
221.5 (0.9548870381646735,1.724861016038418)
221.75 (-1.012021512472775,-0.40671261253298)
222 (-0.8819498461637865,-0.09353122495269221)
222.25 (-0.9417670805387184,-1.018547412584662)
222.5 (1.446729656074597,-1.020491503617345)
222.75 (0.2721838557470257,0.5001219789949073)
223 (0.3077145194478664,0.7481732264538432)
223.25 (0.2153545285098784,-0.3482545791862908)
223.5 (-0.566441801626021,0.1156934693949143)
223.75 (0.2560551469277106,0.5451864794718128)
224 (-0.08055934985546075,-0.5344709607663831)
224.25 (0.8126816695814233,0.7972334156533701)
224.5 (1.065511344700504,0.5881540727314385)
224.75 (-1.790954261980012,-0.632553737497768)
225 (-0.4639629578855974,0.814909783313812)
225.25 (1.345089194870388,-0.7937301579549189)
225.5 (-0.04104034086188971,-1.739772975689908)
225.75 (-1.261731324199982,0.07543171576659471)
226 (0.9759976581470217,1.260749106651576)
226.25 (0.649823787729228,0.2562798396592046)
226.5 (-1.608994438646478,0.8132284103921763)
226.75 (-0.1847483380328386,-0.5876026637863061)
227 (-0.1223723306086651,-1.441832903620781)
227.25 (0.6366444564462579,-0.2053802555474044)
227.5 (-0.3173818318649541,-0.7695978728470865)
227.75 (-0.3878078503746459,1.300319060866218)
228 (1.338294634373577,-0.2954774479410007)
228.25 (-0.6257642236659777,0.961212962829709)
228.5 (-1.558490321341025,0.4984478892992544)
228.75 (0.5851630145373031,0.4289785716583208)
229 (1.250438254671564,-0.6408880165851893)
229.25 (1.431445971584387,0.684140557091928)
229.5 (1.572011787636364,-0.2583734177670782)
229.75 (-0.3931890348582075,-0.295100902440782)
230 (-1.273541910923781,-2.017788522763813)
230.25 (-2.147481577315801,-0.09668127239192782)
230.5 (0.2409622624451902,-0.3787404593133367)
230.75 (-1.962803619387606,0.7793507064039956)
231 (-0.03912459990577443,0.7537874783955584)
231.25 (1.645013943119462,0.8172227532794157)
231.5 (-0.6470701770428281,2.109759220048371)
231.75 (0.7496183423794383,-0.9056383368470645)
232 (2.689635407854074,0.01399642172766883)
232.25 (-2.457666730667588,0.0007711207192139081)
232.5 (-0.4507071593235726,-1.131296132978096)
232.75 (1.668282008122296,0.6395392443641449)
233 (-1.698942885861961,-2.267540882140908)
233.25 (-0.5446201766459972,-0.5371517449516149)
233.5 (0.6129025418019689,-0.9333610172155254)
233.75 (-1.907504842825482,1.751902357344092)
234 (1.558966386550191,0.7754636820793552)
234.25 (0.2619787134263177,1.791006360185346)
234.5 (2.628517950214279,-0.2246780646449296)
234.75 (-0.9045068138488905,0.7682585730082626)
235 (0.5681223794541252,-0.1196944349489274)
235.25 (-0.5698827890764062,-1.524574593171278)
235.5 (1.460585756419296,-1.261850012847398)
235.75 (-0.8771892570141414,-0.9496125320290182)
236 (-0.4171514366873297,1.063494048348196)
236.25 (-2.663220193409409,-1.23819599420228)
236.5 (1.321823613669544,-0.1460713827635029)
236.75 (-1.139331143922831,1.939098393532422)
237 (-1.169292862119651,-0.03939191335115215)
237.25 (2.665840603847398,-0.5444695165088557)
237.5 (1.207027243905644,1.028705359578882)
237.75 (-0.935931486855468,0.2230036776307242)
238 (0.32140751900927,-0.8064069824176442)
238.25 (1.386924072913152,-1.198165236511566)
238.5 (-1.030417945543164,0.8509717820126834)
238.75 (0.1635585129872828,0.4403759937851971)
239 (-0.3816106658501536,-1.089278259465059)
239.25 (-1.075231219288169,0.09652694247408405)
239.5 (-1.181119817457837,1.353011519106962)
239.75 (-0.05309587123410792,2.493711437414)
240 (0.5639635977784201,-0.6367859102657409)
240.25 (0.515281399219875,-0.2669645104702506)
240.5 (1.453251398264813,-0.04942060637175174)
240.75 (-0.9731564000513094,-2.561324766772139)
241 (0.1301169449845729,-0.8708968307826562)
241.25 (0.1174682604193579,0.3353114072017572)
241.5 (1.324240804929183,-0.2852170350706095)
241.75 (0.09559170227673258,0.1772244300261278)
242 (-0.6532813252472663,0.3472248436784772)
242.25 (-2.069623793352906,1.15345823871566)
242.5 (-0.5398979923081124,0.5024350036605024)
242.75 (1.16382447211968,1.183771788957646)
243 (0.9100887693275428,1.06403118701891)
243.25 (0.9637578523705431,-1.794961725259667)
243.5 (-0.7632523544806771,-1.303267254258741)
243.75 (-1.426831852187352,0.04316814200663553)
244 (0.5836157038411716,-0.6757382141615252)
244.25 (2.173035811249322,1.849684042922599)
244.5 (-0.8444778086069493,-1.247256815305813)
244.75 (-0.575028803242063,0.3891775185770202)
245 (-0.3449433162632349,0.6197197591663207)
245.25 (-0.306345590823906,-0.7567326924891271)
245.5 (-0.4983540552956394,-0.9337867532768447)
245.75 (-1.369672265404754,-0.2250893231427973)
246 (0.7603217597807385,-1.01558163848043)
246.25 (0.190968088659613,0.1719586839995851)
246.5 (0.3735474050523423,0.9898529169851906)
246.75 (2.952709517299958e-05,0.6705796606531648)
247 (1.91451625260517,0.2551747921537668)
247.25 (-1.934496473330946,-0.670249602430127)
247.5 (1.245990260891084,1.377825835108652)
247.75 (0.3151185589526317,-0.04062805347777664)
248 (-0.5883176742144547,0.6021752384772268)
248.25 (-0.06240898824914951,-0.6819967911317415)
248.5 (0.6403317536074853,-0.5310612959695702)
248.75 (-0.718500084826035,0.6834395805421161)
249 (-0.4130196486408118,-0.1111402285173053)
249.25 (0.2083327081411013,0.03629757341744001)
249.5 (-0.6331145999340441,0.3875395189405649)
249.75 (-0.06435991614187528,-0.4794233671606896)
250 (0.7337793982502083,-1.627562446306245)
250.25 (-0.4022272904529495,-0.425807576780768)
250.5 (-0.4257313575490571,0.2996124725208387)
250.75 (0.4977474559903101,0.3478142639096723)
251 (0.5043067486640641,1.208456389777811)
251.25 (-1.258906063653736,-1.276812358544219)
251.5 (0.5896870149901724,0.7427195830775232)
251.75 (1.073981467930601,-0.561054547947524)
252 (1.214631361243131,1.941133087308258)
252.25 (-0.6725448530235353,0.423072625262954)
252.5 (0.2245999355627785,-0.448914673421857)
252.75 (-1.706912359173157,-0.3339856567087321)
253 (-0.2601809119286353,1.908470529889671)
253.25 (1.160360383311952,-1.928682962160805)
253.5 (-0.7161805445163255,-1.087320738374651)
253.75 (0.03218982617983895,-0.5005464424367779)
254 (-0.3469821477688574,-0.181669628076474)
254.25 (0.3942497372735709,1.079587861638145)
254.5 (-0.3559011400194045,0.03676540173550743)
254.75 (0.3067425528648047,-0.2628696439683966)
255 (1.301260643559244,-0.3224834045040188)
255.25 (0.1958998132231712,1.608387161712392)
255.5 (0.2169854094207868,-0.9485806873477601)
255.75 (-0.9369869973595512,-0.1352311053931525)
256 (-1.708515924627751,-1.37823687511205)
256.25 (0.4667786526696914,1.535395710770361)
256.5 (0.8930462862965115,0.8468584435078442)
256.75 (-1.292996281930198,0.7480808957689781)
257 (-0.5421923652245461,-0.7337861521279572)
257.25 (0.6509998042502674,-0.921800628173715)
257.5 (-0.7726500128957122,-0.7967271439551371)
257.75 (0.3394712713490766,-2.452962189474475)
258 (1.118420599983273,0.3437997249060938)
258.25 (-0.07368659541281194,0.7085066245600919)
258.5 (2.442317468743052,-0.4544700159265284)
258.75 (1.52930137927539,2.387227029791541)
259 (-1.265405984236877,1.464398845053333)
259.25 (-2.150816574202276,0.1769474688296134)
259.5 (-0.5702104996831753,-1.068054042976013)
259.75 (1.09414927408981,-0.1691650715000664)
260 (-1.977833386463025,-0.6710172846830617)
260.25 (-1.077089257610163,1.124545037000705)
260.5 (-0.618900834352146,0.1419251609254988)
260.75 (0.2263204844028718,-0.9644396382432874)
261 (2.896823375085857,-0.06229235785601631)
261.25 (0.6724461049084988,0.2016597741301565)
261.5 (2.935081423698411,0.2814189383427295)
261.75 (-1.723809774488456,-0.2361184596491908)
262 (-1.408882557411109,-0.8432479722272224)
262.25 (-1.324916256391103,0.3817899899766543)
262.5 (0.6309813082123095,1.503080834550806)
262.75 (0.01410037420382796,-1.398648781688777)
263 (-0.1691392611380988,0.9826001561981351)
263.25 (-1.615651032157482,-1.445657417808343)
263.5 (0.7435083567699599,0.9378611848410542)
263.75 (-0.1484333493544782,1.060503264210964)
264 (0.7121364570547023,-1.683382440209926)
264.25 (0.1259771707530364,0.9124973590958749)
264.5 (-0.1850467001073857,-0.7752347084656072)
264.75 (0.2793423612280521,0.1152000277656729)
265 (-0.2254242850355295,-0.4343959252562898)
265.25 (0.4843254877376321,-0.1951851643063056)
265.5 (0.8593424567833861,1.232755417215648)
265.75 (0.8034700889126145,0.03374096208167302)
266 (-1.226318880066478,-0.2500298588187722)
266.25 (0.7365255732375694,-0.4875362962461902)
266.5 (-0.4300773867921213,0.7385100990210773)
266.75 (0.4474306545232559,-1.066863790065701)
267 (0.3201937563030804,1.009881879608046)
267.25 (-0.3306963776944555,0.2226083194715963)
267.5 (-2.301217047028906,-1.320573553274041)
267.75 (0.3896946835680984,-1.644264540658455)
268 (-0.4823220063022262,2.505988409323775)
268.25 (0.4638417034695871,-1.482505425496123)
268.5 (-1.320012628708908,0.5814023019631296)
268.75 (1.099357315469614,-0.5015735582775548)
269 (1.067665964105048,-0.05852925906086357)
269.25 (1.135534662205167,1.498387108563376)
269.5 (0.7615356782339514,0.9819523044597894)
269.75 (-1.629317744153147,1.313370688792213)
270 (-1.417685723700994,0.5266575688094682)
270.25 (-1.274941093207271,-2.711725126598316)
270.5 (1.795879961637549,-0.4675198915415869)
270.75 (0.5757669971756997,-2.30933650677394)
271 (0.07607818390896925,0.362262995356909)
271.25 (-0.527811028595519,1.779841890841442)
271.5 (0.7494926119340927,0.2345973184905038)
271.75 (0.6184269804594625,1.26956257843858)
272 (0.1419623522982564,0.01798267901830078)
272.25 (0.08357757241321609,1.157338061419665)
272.5 (0.8457638594524443,-1.443600994629703)
272.75 (-1.200809809812607,-1.387530899178555)
273 (-0.4430138349308581,-0.6099072925533194)
273.25 (-1.461994735513786,0.2819731382830702)
273.5 (-0.04094762690854786,0.5273745671850376)
273.75 (0.1063868669211207,0.3801025657429019)
274 (-0.1157379752543455,-0.396121252582966)
274.25 (0.7258084258813224,0.1388713129721216)
274.5 (0.3236785529963583,-0.3076727118049383)
274.75 (-0.092997547836054,-0.3660827062840897)
275 (1.58862258299221,2.389954035617037)
275.25 (-2.214801385056366,-1.168093939151508)
275.5 (0.4516194019614221,0.7086557203303683)
275.75 (1.421252016416779,-0.7945286838894701)
276 (-0.1125450989515192,1.392130857692596)
276.25 (-1.774119542514388,-1.363840799769788)
276.5 (-0.6439858990095458,-1.399633752149407)
276.75 (-0.2782928922774935,0.3941593175432105)
277 (0.310629982320273,1.244370612583068)
277.25 (1.138486193440815,-2.357965704655657)
277.5 (-1.471318923132108,0.3447979674544607)
277.75 (1.639275689148149,1.030922151261701)
278 (-0.552738455287753,1.502625449059756)
278.25 (1.004502113862722,-0.02224949498722588)
278.5 (0.6171107633523728,0.2894456979861491)
278.75 (0.04193314663290682,-0.2805103676620534)
279 (-1.023986313983977,-1.563532664425686)
279.25 (0.288570374098818,-0.4673561048889305)
279.5 (0.9829572532657469,0.0611312567278914)
279.75 (-1.36650822900168,0.5742269092869626)
280 (0.7922988671884154,-0.4148170011635035)
280.25 (-0.9935349416809484,-0.6751208023384511)
280.5 (-0.9661384330505535,0.0560420042661895)
280.75 (1.806467373848287,-0.8058605070556444)
281 (0.1237973172420746,2.313418128781898)
281.25 (-0.1705304340435941,0.7638986847612329)
281.5 (-0.161791058127329,-0.1974586616231846)
281.75 (-0.2294962990899847,-1.5946813081974)
282 (0.1661833318150714,1.014130718732958)
282.25 (0.7361138789403003,-0.9052164880998773)
282.5 (-1.181453396155362,0.05302374751124306)
282.75 (-0.9125368618489766,0.08465410174943459)
283 (-0.005884251558355835,0.3689528843555215)
283.25 (0.4302433958750786,-1.831053877930115)
283.5 (0.05690336041948223,-0.6201771459560669)
283.75 (0.1450838462831575,1.773269813855662)
284 (0.7160135209902604,0.8252918916118154)
284.25 (-0.1282903608773641,0.970480835710969)
284.5 (-0.1703396814144667,0.4012843721106842)
284.75 (-0.2527000950574743,1.642374870426442)
285 (1.370164878962289,-0.5098816098447346)
285.25 (0.5710918918504339,-0.5675662146999488)
285.5 (-0.221158938706755,-0.5920621676834469)
285.75 (-0.3191321652261876,-0.2398187293971565)
286 (-0.7671312820305145,-1.364993795577527)
286.25 (-1.591900172815308,-1.934828195764488)
286.5 (-0.4264625586450242,-1.326202839987688)
286.75 (0.138230387417171,2.929696120046743)
287 (0.4029088683978995,2.495635770000718)
287.25 (0.04525310617299391,0.7633478124508464)
287.5 (0.7945975594957964,-1.654432579038906)
287.75 (0.446414936477204,0.07050492998162008)
288 (0.1688853971276295,0.1003530394015455)
288.25 (0.07103419175105327,-0.4203288141301075)
288.5 (0.08282991217943619,0.1280210390236747)
288.75 (0.4121902424270122,-0.5693383712933452)
289 (-0.1671888469860877,-0.8806195698818721)
289.25 (-0.00441097960009396,-0.4501819286107264)
289.5 (-0.3180961626054302,0.4238855291242195)
289.75 (-0.05130076926279315,0.6020767107895709)
290 (0.7435501748941179,1.02722207720293)
290.25 (-0.1438969249443036,0.8339287611597898)
290.5 (0.3011395160212273,-1.24276094943141)
290.75 (-0.7030383202351564,-1.943210203260673)
291 (-1.049742053103642,0.4958946155066327)
291.25 (0.4466554153057461,-0.9048803968039605)
291.5 (-1.873695780656728,2.838688888623419)
291.75 (0.3947385626531146,-1.054235674912504)
292 (-0.01495089901040766,-0.3044914443095621)
292.25 (1.504420276990017,-0.2908464526737113)
292.5 (1.321586496606697,-0.07014249251734132)
292.75 (-0.6740144404106715,-0.1028389909717628)
293 (-1.848136222960955,0.9101110821512709)
293.25 (0.610588112207646,0.4300273327408852)
293.5 (-0.2512099359623248,-0.5299843545589651)
293.75 (0.4523077768416841,-1.929556690694327)
294 (0.733722866098466,0.7594747238094877)
294.25 (0.05740356423975759,0.001009108028380794)
294.5 (0.2911801047041349,1.280276595588241)
294.75 (-0.7074791224987228,0.5747307880583881)
295 (-0.5082006584897886,0.9124368103268335)
295.25 (1.725509174581077,-1.623201915035041)
295.5 (0.4012560810791104,-0.9094021337025594)
295.75 (0.9640469322316995,-0.3163834091651708)
296 (-1.888234515131565,1.108820672001462)
296.25 (0.3818911734312255,1.391227685818234)
296.5 (-0.4120733897257149,0.1952712008653394)
296.75 (-1.193010771638859,-0.3586361283748197)
297 (-1.699554071556576,-0.2290941249114386)
297.25 (1.399588035515658,-0.7171405774706161)
297.5 (0.2288204927124147,-0.3783603267403619)
297.75 (0.2863808170821929,-0.2986971858827397)
298 (0.1515736605666781,1.016851158398632)
298.25 (0.495629335890247,0.3662980478011183)
298.5 (-0.6472005291903116,-2.367921691048928)
298.75 (-1.506345872241415,-2.819174799827634)
299 (-0.5528745386745029,-1.331004055423668)
299.25 (-0.5025614160868607,0.4928999587653059)
299.5 (-0.01443288631278845,-0.02390808974251065)
299.75 (0.3340771533052083,0.6803523996527832)
300 (1.115203524741768,0.1474017878563554)
300.25 (-0.6715517817469261,0.3813316950800723)
300.5 (-0.7299833042920864,-2.069381172539901)
300.75 (0.1278138258043903,-0.2540101103527205)
301 (-0.5015777633321657,-2.581635589508725)
301.25 (-0.0104327811205698,-1.855346597215543)
301.5 (-1.637386061452605,0.2755130826918836)
301.75 (-0.143633846682951,-1.095450385284451)
302 (0.3853462979676369,4.003889331385199)
302.25 (-0.9253014818042812,1.707779005477459)
302.5 (2.781584809788056,2.244322425317093)
302.75 (0.9535632833461559,1.128166683521263)
303 (0.187330605738902,-0.1715804237732146)
303.25 (-0.6147646495241812,-1.655788937114941)
303.5 (-0.6171094204422581,-0.9245697945371636)
303.75 (0.7372098197666265,2.047725310375783)
304 (0.6270167244395588,1.252301600127699)
304.25 (0.132539841634827,1.683822782217792)
304.5 (-0.6131567483217715,1.634305155782617)
304.75 (-0.3133712800624946,2.827318350912367)
305 (1.101653244141752,1.524742722997674)
305.25 (0.01804377682668794,-0.8044222708508472)
305.5 (1.392665501705095,0.7906410960884523)
305.75 (0.7209346740841581,-0.4638517717262699)
306 (-1.174362357368339,-1.494182499352001)
306.25 (0.5510189471316022,-1.372093470081607)
306.5 (0.1015462474776835,1.453713428715611)
306.75 (0.5664394062442137,0.1632566418827699)
307 (-0.3196800262189903,-0.7622878627548936)
307.25 (-1.387340973099868,0.8226363092150677)
307.5 (-0.8557090779241598,-2.350896992643243)
307.75 (-0.3770041830919922,-0.4948593516263233)
308 (-0.07275146812981187,2.313799464278441)
308.25 (0.8035379571957016,-0.7528918621698983)
308.5 (0.6964413455128013,1.681292259950292)
308.75 (1.196294937808475,-0.2573925354293748)
309 (0.4281722453991846,-1.335404495509628)
309.25 (0.2305645874664624,1.410506633996396)
309.5 (0.4797875561127973,-1.086266840531893)
309.75 (-0.5754987324417644,1.168879814619049)
310 (0.2188598441574024,-0.4643727876201719)
310.25 (0.2836197626054007,-0.4969050002651992)
310.5 (-2.330009458784966,0.2478871018867663)
310.75 (-1.79227224771695,-0.002410714534670893)
311 (0.3619981503643964,-1.06162019868805)
311.25 (1.553799539270866,-0.07405408776736862)
311.5 (0.0254120864787685,1.617491045176648)
311.75 (0.818218052822586,2.104086216742218)
312 (-0.8295452458228362,-2.141928760685754)
312.25 (-0.7647928915955491,0.2690978084744886)
312.5 (0.2549565181460699,-0.8899558537544867)
312.75 (-1.013570000246955,-0.978657409666102)
313 (2.218075451179486,0.3415789311271407)
313.25 (-0.8855173316140481,-0.08668719191178463)
313.5 (0.9185439398325292,1.362219881457)
313.75 (-0.08522041843950671,0.900421064868828)
314 (1.436831853243657,-0.8025090907086676)
314.25 (-0.1689967325022653,-0.4121945733793295)
314.5 (-1.549376390481183,0.5125643630813276)
314.75 (-0.2637170427548214,-1.559620320873791)
315 (0.1975404450669078,-0.8140060286389507)
315.25 (-0.9192678189849207,0.07061126244613748)
315.5 (1.231459929299438,0.02936803966996043)
315.75 (-1.522371233740999,0.7259430389534959)
316 (2.583090825996382,1.519117791491877)
316.25 (-1.659630974353338,0.01619959506860255)
316.5 (-1.037956753137482,-0.3954443909646488)
316.75 (0.5756945817103648,-0.1392675389390377)
317 (2.832734740414915,0.8714511900912321)
317.25 (-1.179087981215509,-0.2832105801739442)
317.5 (0.5858936438764659,-0.5855136656420705)
317.75 (-0.04190337894596385,-1.06715941925614)
318 (-1.918213493962315,0.5439090357258178)
318.25 (-0.7508313705620191,-0.4694541024617648)
318.5 (0.6572254519938415,0.7412246708522918)
318.75 (0.2984850633697742,0.443572578172669)
319 (-0.4975005485137428,1.02282364496306)
319.25 (0.8734844686569864,-0.9693090183877791)
319.5 (0.9857108619699332,-1.566741644819942)
319.75 (-1.328475778136155,-1.321260095548729)
320 (0.1192647801479088,2.180998959466592)
320.25 (-0.00252897770355814,1.075142916014737)
320.5 (-0.9806214290636115,-0.9394171265093167)
320.75 (0.4224898250488082,-0.2268358813852943)
321 (0.663983883375722,0.2327408840756974)
321.25 (-0.02077537439698307,-0.1081933472454775)
321.5 (0.03234269021268046,-0.7724655345363399)
321.75 (0.5659937055165128,0.03010364358162135)
322 (0.7630319116268883,0.2617522701696013)
322.25 (-1.718268682457284,1.14236756436324)
322.5 (0.970314584506994,0.9581009945464239)
322.75 (-0.2372183404228365,-0.1197425798127458)
323 (2.294223875829747,0.3808465583648787)
323.25 (-2.245420400302281,-0.5944337779065232)
323.5 (0.1215208628693453,-1.184797992246114)
323.75 (-0.7911843279064413,-0.5969807798925342)
324 (-1.369581036521382,-0.6760706739004306)
324.25 (1.76104068630769,0.3381306414472161)
324.5 (0.6157348451070769,-0.2757458463505422)
324.75 (-0.5844105684512177,1.189284873041341)
325 (0.1945827876115918,-0.6893063264404047)
325.25 (0.9901457343786321,0.9698954300154862)
325.5 (-1.10498052143548,-0.02117300449678507)
325.75 (-1.183371298676723,-0.1908584635884867)
326 (-0.8013118453901397,-1.730449099105935)
326.25 (1.078033755674774,0.714854750609197)
326.5 (-0.2277238499956735,1.381080709382714)
326.75 (0.5616115062192439,-0.04662773663306558)
327 (0.5154158627819226,1.247097652282175)
327.25 (-0.9765961163548367,-1.373152785997599)
327.5 (0.6895482243750658,0.02491744375363749)
327.75 (0.5518182466939904,-1.47161552006956)
328 (0.4944183180416906,1.280024159258765)
328.25 (-1.086240695726268,0.1818019480485121)
328.5 (0.1538762807935647,0.2541854547688502)
328.75 (1.090239498807135,0.3355127561989644)
329 (-0.8621522526878207,-0.6220650906683284)
329.25 (1.414988165312156,0.1666250954212484)
329.5 (-1.807510475957229,-1.95709667872997)
329.75 (0.5156108423598261,1.402894317113814)
330 (0.5431331656512207,-0.373780064686546)
330.25 (-1.813785916623537,1.399792493500235)
330.5 (-1.188311409869001,0.68752945482553)
330.75 (0.3975709878625244,-1.78807851612923)
331 (0.5132128719706932,-0.5579414791212222)
331.25 (0.6112646741614228,0.2820408536489825)
331.5 (1.66417846875054,-0.8121380429936025)
331.75 (0.8731194583765884,0.7704077779012656)
332 (-0.4748046563447952,0.9922188119599998)
332.25 (0.7059992785655198,0.3486812938342267)
332.5 (-1.411886353580778,0.4755662448391088)
332.75 (0.4634007933230361,-0.7025129531039928)
333 (-0.2687797569343555,-0.5899950865850113)
333.25 (-1.473500767591811,1.432776818749611)
333.5 (-0.5171102399003308,-0.4812687228362346)
333.75 (-0.5701840045443501,0.9082944744339333)
334 (1.658494248539885,-0.6582980244892129)
334.25 (0.5943927867983028,0.4269782339445855)
334.5 (-0.02683594738332869,-1.344651240286043)
334.75 (-1.699124455004438,0.1225090235867203)
335 (-0.6640071137099801,-2.307857289646038)
335.25 (0.8359608981158158,1.571963968494811)
335.5 (0.8393338881024551,0.608370556159801)
335.75 (1.530232666556664,0.2716364907878303)
336 (-1.261492772379445,-1.115081621653114)
336.25 (-1.605187812454427,-0.3354192019379098)
336.5 (1.569783017366838,-0.1385748502947453)
336.75 (0.5145973023763873,-0.1374022888854655)
337 (0.8490613050581822,2.241557808728816)
337.25 (-1.128529219291639,-0.02348884948410333)
337.5 (-0.6170517292235385,-1.782967517245942)
337.75 (-0.9867254700613171,-0.4792705064502483)
338 (0.3082192750423785,-0.6945467311390526)
338.25 (0.4344016550568285,1.21732816350579)
338.5 (0.3284090294553452,0.01466323595172457)
338.75 (0.7676698484668486,0.7707564854887403)
339 (-0.7750340190811221,0.7821354104837799)
339.25 (1.012598528433263,0.9634048868848519)
339.5 (-0.04243756075023726,-0.9651839484000838)
339.75 (-0.3090922997225932,-1.173578990818523)
340 (0.5507023500652296,-0.8750603945311626)
340.25 (-0.827411317564908,1.508018128641945)
340.5 (0.0233668661580449,0.3351385016093029)
340.75 (-1.139769130247461,1.798602490378745)
341 (0.451317376128726,0.4855495765775621)
341.25 (-1.068613822652992,-0.7064880531725977)
341.5 (2.518763540428565,-2.331545284086958)
341.75 (-0.5354875311598682,-1.37904454723042)
342 (-0.3489991363212948,0.8386688283060769)
342.25 (0.319579975991146,-0.2764635801203322)
342.5 (0.6886656360615249,-1.65385362101209)
342.75 (-1.561344244504546,1.210700838687063)
343 (-1.298830044068728,0.1387464035268393)
343.25 (0.4457736104131861,-0.06504182732079247)
343.5 (0.3776455244875223,2.027816959999614)
343.75 (0.1228158051313886,0.3295798146575378)
344 (0.9139730773648638,1.014480223505875)
344.25 (1.347515616949515,-0.8387802735240585)
344.5 (-1.014197015539114,0.3803160968591638)
344.75 (0.04725150040078717,-0.3266663961448285)
345 (1.835148663703471,-0.2897867943314728)
345.25 (-0.5564767318436777,-1.722471414493127)
345.5 (-2.078092082295412,0.2814927982907056)
345.75 (-0.9062139012295405,-1.166427594488412)
346 (0.5848461494455321,-0.4132787203037199)
346.25 (0.5729649556828628,1.177803306855406)
346.5 (-2.267449688510882,1.172838801715735)
346.75 (1.152510704903597,1.445685920104199)
347 (1.053797462146062,-0.2547689497996572)
347.25 (0.3442002113076093,-0.6513647744555415)
347.5 (1.119127820534292,0.5037890377117374)
347.75 (-0.2915909569927543,-1.23019864927491)
348 (-0.7818140096778599,0.4764814489662043)
348.25 (-1.04886463119537,-0.7801473135001077)
348.5 (0.9568053227735928,-1.168863970733858)
348.75 (-0.104535468705017,1.281011494429816)
349 (-1.19520804003078,-0.3649507812900856)
349.25 (0.5581195601563951,-0.4911291221010057)
349.5 (0.2651059364844817,0.4682077329572814)
349.75 (-0.2682509977763174,1.420710365043661)
350 (1.163043734334075,-0.476124483349842)
350.25 (-0.6645836342883579,-1.309449612965607)
350.5 (0.8139759585861238,-0.5857876185191842)
350.75 (-0.824712675831576,1.984906809368679)
351 (-0.5571627062200747,-0.003649873998832999)
351.25 (-0.4775801463922983,-0.3370925381864228)
351.5 (1.127453390636463,-0.5906512917033366)
351.75 (0.09377010903702875,0.3130139380416347)
352 (0.3982136765444692,-1.650268040529068)
352.25 (-0.907324795966966,1.198738175187337)
352.5 (-0.7629047753695901,0.1784959751894218)
352.75 (-0.2744573707248386,0.1745517393333549)
353 (2.471653629831971,-0.3913365301516278)
353.25 (1.110869931108491,1.368615422918447)
353.5 (0.1761011163483452,1.418581666797879)
353.75 (-1.51989100670829,-0.5142189393881454)
354 (-0.5173752558514489,-1.749817173765124)
354.25 (1.467649341268391,-0.1392666628945447)
354.5 (-2.04286910525982,-0.09550493248710379)
354.75 (-1.32997173715273,0.4716393917556401)
355 (1.037078085089585,-1.261246792034728)
355.25 (-0.9152977202298046,1.640190330575424)
355.5 (-1.108106881809462,-0.01451118165748596)
355.75 (2.228413207253238,0.1235756321617978)
356 (-0.8846101796339472,-0.01823193083624995)
356.25 (2.476246741567561,-1.372578399841097)
356.5 (1.10293939514052,-0.09380167294264934)
356.75 (-0.8245803838819777,0.9447474465081562)
357 (0.1531236324642205,0.7967876331319617)
357.25 (-0.6576776052082329,-0.05038716808022328)
357.5 (-1.21652168896984,0.2622535285036109)
357.75 (-1.293717587785679,-0.6570730759810728)
358 (1.507162432756727,-1.169832648484484)
358.25 (-0.6239014369258711,-1.210640473562752)
358.5 (-0.1702911684916068,-0.2088466369113267)
358.75 (0.7938488487001379,0.650764835653706)
359 (-0.281457136176897,1.727346549285837)
359.25 (1.099445670814784,-0.1549362697570592)
359.5 (-0.949696539835957,0.7513830180339079)
359.75 (1.527787381177172,-0.1254273581505318)
360 (-0.3917983229110382,-1.694311529335146)
360.25 (-0.06631549453459605,0.3668056653186745)
360.5 (0.4082484888544348,-1.850614313139354)
360.75 (-1.381483448669564,1.659802519908787)
361 (0.4403409155263056,1.539967693368108)
361.25 (-1.500792020416358,1.380997784017355)
361.5 (0.3191168018436807,0.4629730526766412)
361.75 (1.587086380587836,-0.2217873409466914)
362 (-2.130715240411334,-1.316720338489005)
362.25 (-0.9958549332717525,-0.3205922077291682)
362.5 (1.047448390644402,-0.3731837512631492)
362.75 (-0.1508434994380479,-0.2303283056825842)
363 (-0.04095035071093005,-0.6910264883617057)
363.25 (1.725570789741642,-0.4270544165283494)
363.5 (0.1189057946596763,0.5074730797716912)
363.75 (2.615444081396588,0.7072325622149949)
364 (-1.623790246828549,-2.234786187108912)
364.25 (-0.6392084868132728,0.2717997762908651)
364.5 (0.5524895633769731,-1.019290369007591)
364.75 (-0.1073349754996871,2.693231486754826)
365 (-2.821006221484628,0.5840601777698405)
365.25 (-0.02899137994167771,0.1058053610452658)
365.5 (1.474095217978629,0.1791454877771338)
365.75 (0.6060609628680527,1.456754467521988)
366 (0.507025242820859,-0.911480591693864)
366.25 (-0.09139093257729758,-2.362506637842098)
366.5 (0.185114900846757,0.2785053089010049)
366.75 (-0.4481277467860413,-1.078752385511629)
367 (-1.777252461069634,1.117425533946549)
367.25 (-0.1064918391185307,0.3277285057801677)
367.5 (-0.3808015257016244,1.686664767468575)
367.75 (-0.1544378807760647,-0.3314430705414423)
368 (1.520217149079036,0.0297454867090256)
368.25 (-0.9057636828029643,-1.623921310134114)
368.5 (2.889609824422741,-2.14661595343077)
368.75 (0.8252123764017708,1.327287384983556)
369 (-1.284411232774416,0.2441184543675089)
369.25 (-1.63993654798877,1.926117002003881)
369.5 (-0.9772765897784055,0.3196244707999482)
369.75 (-0.0772042204838648,0.4458631368579519)
370 (1.979538328172982,-0.6472277825015514)
370.25 (-1.2248936336602,0.08622129424403643)
370.5 (-0.6649325447277896,-0.8405621535572617)
370.75 (0.9143791793739932,1.318097915228163)
371 (0.4348127137356034,-0.5251954096055724)
371.25 (0.8853437887152346,-0.3932282150768577)
371.5 (0.943530447665507,-0.5657497820810423)
371.75 (-0.8336603332903351,-0.5653064481126752)
372 (-0.342855094400516,0.08699451882060967)
372.25 (-0.3430022899587038,-0.779379700188177)
372.5 (-0.05092130204709856,0.8461908477359085)
372.75 (0.07399162034246969,-1.148637469789556)
373 (0.5441476269657799,1.308217876529159)
373.25 (-0.5330193787713097,0.5603558508584288)
373.5 (-0.8309227895923881,-0.7771689113961647)
373.75 (-0.1742504884509133,1.591664737966627)
374 (-0.2613647560740094,-1.224317748379437)
374.25 (-0.399068637746878,0.3090000608005399)
374.5 (0.9727061921002104,1.511784375806283)
374.75 (-0.3988947700862658,-0.3734701193432141)
375 (-0.3368880669377589,0.1138926520007668)
375.25 (1.4665157717058,-1.924870158341893)
375.5 (1.146849708634781,0.8639963374768509)
375.75 (-0.7084069453105649,0.5082975378637915)
376 (0.2936416582454939,-0.3710282707735594)
376.25 (-0.5647912867894629,-0.841629129385687)
376.5 (-0.5269060474046042,-0.4611739325082008)
376.75 (-0.1491730239471011,0.2756931199132831)
377 (0.5156539600352055,0.7583609556743427)
377.25 (0.4577891554541493,-1.350273533052795)
377.5 (0.3941243275667878,0.2622916228496772)
377.75 (-1.712369814757169,0.8230318225929194)
378 (0.2090571928834498,0.2486079655994903)
378.25 (-0.2087709605066567,-1.945523396448508)
378.5 (0.4858410369007167,1.405836467427247)
378.75 (0.7338676125975053,-1.055686561897949)
379 (-0.359341253140583,1.036643352996678)
379.25 (-1.217391543844263,-0.2177301226307164)
379.5 (1.385370265620885,0.8042659626775585)
379.75 (-0.403978598147983,-0.1379738160475836)
380 (-0.1666656515905085,0.2494295903463644)
380.25 (0.6563458293409978,-1.887873611103454)
380.5 (-1.968639317932492,0.7963521093866596)
380.75 (1.055519861879223,-1.050745029361038)
381 (1.299029471174737,2.38003617829066)
381.25 (0.2865503486395961,1.168976604794437)
381.5 (-2.26302710640639,1.101139580270037)
381.75 (1.113506722519577,-1.984717623273342)
382 (0.5474301816867089,-1.98968462047764)
382.25 (0.269128722023646,1.76825112361696)
382.5 (-1.939541671632111,-0.4231046566714763)
382.75 (0.9493681313914711,-0.1310898995183049)
383 (-2.032813428995581,-1.054677066723253)
383.25 (0.7146865998694905,-0.9199080306044353)
383.5 (0.9836491906877264,1.994911831667872)
383.75 (1.411414898000481,-0.7371316666005618)
384 (0.2190164973718205,0.7827038680618063)
384.25 (0.5321762126273106,0.7572758752307712)
384.5 (-1.714137130853342,0.966655009492617)
384.75 (-0.4859978954325129,-1.306834847715598)
385 (0.7010933282895,-0.66255263545343)
385.25 (0.1374929712916586,-0.1305545748913804)
385.5 (-1.078601497985716,-0.2215503071020311)
385.75 (0.2451319029217214,0.3972432551193744)
386 (0.1144155574108043,0.3898633799865175)
386.25 (0.0435653684365958,0.5941333582963927)
386.5 (1.908525143328832,-0.2836183542200078)
386.75 (-0.7317232683031325,-0.1324565129837741)
387 (-0.3150803831993841,-0.09893866218272954)
387.25 (0.1291041444776759,-0.5467961596623466)
387.5 (-0.3487247105546917,1.255061230737938)
387.75 (-0.3364016148189389,-0.4780300485951538)
388 (0.05386703655434105,-0.8742103893361342)
388.25 (-1.058422984064894,0.8936054213959946)
388.5 (0.8211143769681285,-0.7446197980974565)
388.75 (-0.2896039798998769,0.6940358344481931)
389 (1.350019130927588,-0.8691222501823318)
389.25 (-1.174656464102726,0.2218566573715023)
389.5 (0.9618438126942981,-0.8354319821299789)
389.75 (0.1652570265193051,0.7650646458882329)
390 (-1.985367619268492,-0.1062038992155582)
390.25 (1.620776877838922,0.4033033651097152)
390.5 (-0.0122241512779163,-0.378193854725409)
390.75 (-0.2661917298205445,-0.312244892054069)
391 (-0.3365576145102837,-0.2327222879507813)
391.25 (-0.2265776816166394,0.2453595554449292)
391.5 (0.4590053409133965,0.6484778470209445)
391.75 (-0.9459620487822329,0.3047725387743326)
392 (-0.3104805363129381,-0.8196066231754139)
392.25 (-0.4807221376066631,0.2958957551918046)
392.5 (0.4327553832203158,0.4683223850930084)
392.75 (1.641392439477803,0.3925729521216449)
393 (-0.862023116312558,-1.652183763689625)
393.25 (0.763942077158916,-0.1077903045701154)
393.5 (1.544837403214575,0.6736504079564275)
393.75 (-0.9600714707527596,1.844590372820301)
394 (0.8752919401690291,-0.4900423761261722)
394.25 (-1.951713432026764,-0.1128405844047874)
394.5 (0.5860861558557398,-1.40829168920224)
394.75 (-0.9740676958663245,-0.7846570212209457)
395 (0.2369502001971401,0.7289388551229709)
395.25 (0.176863342538087,-0.3244468139485432)
395.5 (0.09351593858447138,-0.6990957043752042)
395.75 (-1.514336975198836,0.4462039332812087)
396 (0.6724120936487058,1.25685158275304)
396.25 (0.6457681503160032,1.304905841573865)
396.5 (0.8729190803115189,0.7868884523798135)
396.75 (-0.8728808962445669,-2.289187700387851)
397 (-0.4080442774071245,-0.8920882977372667)
397.25 (1.51281962079866,0.2369014383435544)
397.5 (0.2467431230144829,-0.04026402408706835)
397.75 (-0.9504268263632165,0.1640698032926721)
398 (1.044600897869036,-0.8224498414196412)
398.25 (-1.305433804078059,-0.127156426606921)
398.5 (-0.6660824834147678,2.748413205304292)
398.75 (-0.1211511279093412,-1.097846954532412)
399 (2.617323639126644,0.9579789406074856)
399.25 (-1.812173975067136,0.8342536427567605)
399.5 (-1.157951322592346,-0.09557321035641997)
399.75 (0.1032516326689387,-1.251796434782973)
400 (0.8472783204922721,-0.05584161683101949)
400.25 (1.144877167947499,-0.8107488922695225)
400.5 (0.1545398517814053,0.1780183260584356)
400.75 (0.1066655756822656,-1.166293484929838)
401 (0.2798621945024497,0.6583874611122262)
401.25 (-1.106494467568978,-0.2511814762460652)
401.5 (-0.4837099563495603,0.8198011600335544)
401.75 (-1.223608321766299,-1.108730338024651)
402 (0.7062123648122253,1.469606926521326)
402.25 (0.6212555627689662,0.2410716906983787)
402.5 (0.7219336913835662,-0.3108037267193838)
402.75 (-2.027158159742987,0.9461064048928595)
403 (-0.3556786243874945,-0.692134699078687)
403.25 (1.935507888120009,-0.9368754446345553)
403.5 (-0.1024431682619505,-0.05159334002686842)
403.75 (0.6370013984062537,-0.4042759474290072)
404 (-0.4122765336530984,-0.6450196995218392)
404.25 (-0.4916751937642568,2.163895149612989)
404.5 (0.5560070483406709,-1.338805725623258)
404.75 (0.5900151607154617,1.568980382172317)
405 (-0.9760964277840466,-0.6983245051065377)
405.25 (0.2006966113599682,0.1544166101944794)
405.5 (-0.6793695593647284,-0.4780793054145004)
405.75 (1.11010126370376,-0.260491883268599)
406 (0.112664822373394,0.254743486693169)
406.25 (-2.87859761130427,-0.001525534633082389)
406.5 (1.476517371296232,0.9693258167151296)
406.75 (1.289837547625972,-1.45483065884826)
407 (-0.1364375988669931,0.1961352141350074)
407.25 (1.145771806426807,0.5368802109227531)
407.5 (0.4994202613587486,-0.4835411309759622)
407.75 (-1.767155031651866,-0.06068875999128788)
408 (-0.9755925871203487,0.08655220486146098)
408.25 (-0.02080907437215,0.7905662400877532)
408.5 (-1.860183262156676,0.08869337440868166)
408.75 (-0.2951517571609386,1.075107565297449)
409 (0.8163820779792444,0.2266544729773533)
409.25 (1.420580554815325,-0.3374908689697386)
409.5 (2.431015359929566,-1.670536364691009)
409.75 (-0.7685723736433067,0.4611227057847301)
410 (1.677705068101467,-1.82231833012667)
410.25 (-0.9126442919758261,0.1472910357188693)
410.5 (-1.648307976182072,0.8275628842391148)
410.75 (-0.4806671296378076,-0.7755680051990623)
411 (-2.092746664153818,-0.2504851773344969)
411.25 (-0.8083868868229374,0.8804560424068174)
411.5 (2.821499686064534,1.803692035956259)
411.75 (-0.8964729894767552,-0.1311454713958409)
412 (1.86041232183483,-1.442897785872494)
412.25 (-0.4909929411799043,0.7703049659799467)
412.5 (0.6390070393028999,-0.6841329383465292)
412.75 (-0.03137254085564221,-0.4280620667907815)
413 (0.7332432917403924,1.256086682122629)
413.25 (-0.6669640124505158,0.4208809970378189)
413.5 (-0.4308341009843238,-0.2802206817914993)
413.75 (-0.2275568453296421,-1.019968586959246)
414 (-2.155857707604726,0.4819754091947276)
414.25 (0.772456025754051,-0.1281075745812575)
414.5 (1.502922272719084,-0.09368472983660266)
414.75 (0.2104734357036178,0.4174362325192417)
415 (1.062855246276885,-0.1603397274224931)
415.25 (-1.626509422130462,-0.2719414952230656)
415.5 (0.7483193522605186,-0.670470533818657)
415.75 (-0.8979737989408713,-0.512948998121701)
416 (-0.5209133879330829,0.7333791151041705)
416.25 (0.2876058262794382,0.0989293160903508)
416.5 (-0.4156372039571982,-0.3099084555567534)
416.75 (-0.458192339665471,0.6382091410628513)
417 (1.647738449110363,1.720718572391977)
417.25 (0.4077972364876051,1.968550799717378)
417.5 (-1.299099114734581,-1.293314144866983)
417.75 (0.1592765418281089,-0.659220998305129)
418 (-0.3702812377744207,-1.263350848918083)
418.25 (1.516867039016314,0.3473943547406331)
418.5 (1.729040804529283,-0.08269875358318135)
418.75 (0.07218111402324927,-0.6527810555137031)
419 (-2.270466070956107,-0.0524777694264083)
419.25 (-0.07681988514532707,2.456939213240209)
419.5 (-0.06995328323170789,-0.7100525078109584)
419.75 (-0.6536833980941591,-2.827919602186774)
420 (0.2045711697079148,0.4549471587419618)
420.25 (0.3563177942647918,-0.1974343895297206)
420.5 (0.95470878469739,1.604657590518161)
420.75 (-0.5484819661782722,-0.4443141772839738)
421 (-0.9671742825944332,-0.04563706323701733)
421.25 (0.3441579203449131,0.006434637469873463)
421.5 (-0.9844504509912783,-1.137783188767127)
421.75 (2.026245005603264,0.01555858672014786)
422 (-1.250858312287762,-0.1740798365747583)
422.25 (-0.4609664780149905,1.394236143001513)
422.5 (1.272763253731468,-0.6247745520642151)
422.75 (-0.7162648806752883,-0.2822223885615674)
423 (0.1529006543614527,0.2832373252561687)
423.25 (-0.007785465843817536,0.852536846148889)
423.5 (1.637200171174673,1.405199045707467)
423.75 (-2.14070699791157,-2.608365985210932)
424 (1.037720124173406,-0.7420976496365865)
424.25 (-0.3139920618172982,0.700168478146684)
424.5 (-0.4595943667504345,-1.577830620578625)
424.75 (-1.6310588080119,1.77026501735911)
425 (1.682238299050457,1.42685834934608)
425.25 (0.2064528578831475,0.5186918027792636)
425.5 (0.8768475431005096,0.5373117699949812)
425.75 (0.1235265375592708,-1.099338008499758)
426 (-0.3307155392985279,1.024802444319304)
426.25 (-0.09471439231045069,-2.521693906587673)
426.5 (0.4055863345321389,-0.9270250465757517)
426.75 (-0.2069646106105708,0.7205762946769817)
427 (1.104918129303764,0.02543519741216492)
427.25 (-0.1171899674014823,1.120322726329343)
427.5 (-1.435537494140583,0.7882648738736742)
427.75 (-1.374801047032537,-1.11972696168825)
428 (1.037502513740059,0.6796497246249453)
428.25 (-1.659214529932137,-1.929964433473607)
428.5 (1.372152723710883,0.930578485239491)
428.75 (-0.2682545064701261,0.1024174231665719)
429 (-0.2773366596035605,-0.3337293762775058)
429.25 (1.139134872810637,1.546462959359103)
429.5 (-1.274235104812472,0.7807893991626986)
429.75 (-0.4083700088427573,0.2169476050848018)
430 (2.094613696657814,-1.103433012228623)
430.25 (-2.036012507888767,0.01672471294500077)
430.5 (1.964759804167574,-1.147481627268807)
430.75 (1.267712618305683,-0.1472645858294298)
431 (-1.491233846116504,-0.6237107272930023)
431.25 (-0.09622727846424065,0.7522155474506974)
431.5 (-0.6268619427050148,1.339332076014374)
431.75 (0.740126439989508,0.8272529249776434)
432 (0.9885542409610772,-0.9339864516581109)
432.25 (-1.390146210686525,-1.574067085240072)
432.5 (0.3226518079636286,0.7290838407320789)
432.75 (-1.128022803722422,-0.5273576008379528)
433 (1.555705038048897,-0.09069695503949568)
433.25 (-0.90147513092591,0.5090809657779818)
433.5 (-0.01219963823981391,-0.3315003552393381)
433.75 (1.320512115988465,0.2318660951005782)
434 (0.5833349011741793,0.5257060580941645)
434.25 (-1.014989391231666,0.7320896568410006)
434.5 (-1.752210110352423,1.016528103964353)
434.75 (-0.9932116786501688,-1.963081347407635)
435 (-0.3430936622769652,-2.998109381017664)
435.25 (0.9531673734199199,2.084467397583086)
435.5 (1.808045469768143,-0.003318464502721225)
435.75 (-0.3525158727676679,0.6402252522422355)
436 (-1.484212768008291,1.019223619015841)
436.25 (1.378125923110791,1.090425727464564)
436.5 (0.8408832778136529,-0.6172125355713273)
436.75 (-0.181449891039987,-0.2086951642866703)
437 (-0.4690648701367771,-2.150741769674417)
437.25 (-1.234160253015132,0.00485834953367131)
437.5 (2.202671602352829,0.8192346962975817)
437.75 (0.7970076455688164,0.2422438152807749)
438 (-0.1480953742107543,0.3122671048644107)
438.25 (-0.9717534489744784,-1.693299004400179)
438.5 (-1.470526196868407,-0.3896143075790297)
438.75 (-0.4532899895288085,2.001217071371264)
439 (0.1938760401762997,-0.6702428799601394)
439.25 (2.396452727740197,0.1633802056473113)
439.5 (0.519480304620046,-0.564733363096529)
439.75 (-1.079229385906897,0.1991277118042576)
440 (-0.8567033610250285,1.519393427611342)
440.25 (-0.8545825549126645,-0.6824633230247484)
440.5 (-0.9888899676395055,0.5867737732302226)
440.75 (2.791906026405,0.6091989779101605)
441 (0.1912799548482661,0.337054763571413)
441.25 (-0.5086716013897126,-1.409052582005219)
441.5 (0.9465531644227122,-0.6441374299408026)
441.75 (-0.6483610833720401,0.09239048209998607)
442 (0.7722540388268124,-0.02591379736007712)
442.25 (-0.8324308862731434,-0.004225447086269127)
442.5 (-0.4258071304651106,-0.9234756377448986)
442.75 (-0.5755484779198287,-0.2433996342677232)
443 (-1.478082743324652,0.5080348733500414)
443.25 (-0.3153687920230449,-0.3329040772194991)
443.5 (2.016498976470141,-0.03311572345488279)
443.75 (0.7321611033374191,1.158893641565037)
444 (0.2185342828869973,0.9935149205914564)
444.25 (-0.318883493918633,-0.00558154933933414)
444.5 (-1.362371219423808,0.7123402389161099)
444.75 (0.003491813267739477,-0.7102066489397083)
445 (-1.25324600035601,-1.338932551336993)
445.25 (1.35342631277791,-0.3312880848553412)
445.5 (0.7507433061123938,0.7524462962901213)
445.75 (-0.7020835968639381,0.4206162604621425)
446 (-0.2331307680797204,-0.9415333133076069)
446.25 (-0.5394686850253192,0.4625138226531895)
446.5 (-0.42625818493098,-1.114377905593863)
446.75 (2.416483299203247,-0.6161948034911896)
447 (-0.6168177004270576,0.2915984492718851)
447.25 (1.095088559612051,1.683985259378463)
447.5 (0.8685333573984676,0.2951936343425757)
447.75 (-1.760660321430527,0.8766313372255617)
448 (0.5153996081462325,0.3058854862838169)
448.25 (-0.2686830356706477,-0.466068475789757)
448.5 (-0.1965831108400986,-0.3853806388575926)
448.75 (-0.1325748515573456,-0.2995080310831658)
449 (-0.08046251843276774,-0.2164883595748651)
449.25 (-0.04186747674521595,-0.142923123710669)
449.5 (-0.01639228435306004,-0.0832266727481718)
449.75 (-0.002089426843038598,-0.039318041055614)
450 (0.003886017226033379,-0.01078761106013443)
450.25 (0.004600800527013922,0.004590200834697199)
450.5 (0.002779040973335098,0.0101177141656801)
450.75 (0.0004389781283048153,0.009413671812417925)
451 (-0.0012407052598475,0.005754700279709908)
451.25 (-0.001847539023679178,0.001629886820870842)
451.5 (-0.001523017430590885,-0.00144532569550856)
451.75 (-0.0006943101062555411,-0.002885566497954825)
452 (0.0001725373772970861,-0.002818379449298868)
452.25 (0.0007431472961992564,-0.001783834187672441)
452.5 (0.0008879534780623877,-0.0004374868468826891)
452.75 (0.0006667039945899725,0.0006787571198743833)
453 (0.0002551649704981284,0.001261564741844322)
453.25 (-0.0001468212364261557,0.001266430244773758)
453.5 (-0.0003917815693579773,0.000847133152243911)
453.75 (-0.0004241542950964054,0.0002534857471918068)
454 (-0.0002788368594569682,-0.0002723617577740813)
454.25 (-4.853165454419778e-05,-0.0005706937279125978)
454.5 (0.000161976941971896,-0.0005949898699157525)
454.75 (0.0002762691790556806,-0.000400040005441987)
455 (0.0002685329694099868,-0.0001010592478461796)
455.25 (0.0001632994744323203,0.0001773995304450344)
455.5 (1.722757790523842e-05,0.000344165677273803)
455.75 (-0.0001074624024061715,0.000364464327660328)
456 (-0.0001669223078193779,0.000259912957863247)
456.25 (-0.0001488717024351418,9.008021778250549e-05)
456.5 (-7.210911354934904e-05,-7.472061646944755e-05)
456.75 (2.526968525832855e-05,-0.0001789881504354323)
457 (0.0001029537103129729,-0.000197947759861448)
457.25 (0.0001337711795207744,-0.0001403240836643041)
457.5 (0.0001120047357037055,-3.949999485972114e-05)
457.75 (5.258450217168035e-05,6.208500397816339e-05)
458 (-1.72234493783198e-05,0.0001288636829134941)
458.25 (-6.962956199604007e-05,0.0001431094388148838)
458.5 (-8.680667020834754e-05,0.0001080729309610963)
458.75 (-6.636401431407516e-05,4.3505509819111e-05)
459 (-2.041830410834366e-05,-2.369720638133033e-05)
459.25 (3.062989964385435e-05,-6.983637892624061e-05)
459.5 (6.669285415248318e-05,-8.206802954939749e-05)
459.75 (7.550726699310244e-05,-6.121468887211439e-05)
460 (5.641506132817298e-05,-1.947390623783102e-05)
460.25 (1.937378465064129e-05,2.545796456485893e-05)
460.5 (-1.985061095728768e-05,5.727802068182531e-05)
460.75 (-4.620937221541083e-05,6.654376799856443e-05)
461 (-5.095072139590108e-05,5.298667088904855e-05)
461.25 (-3.430665420050221e-05,2.435578829053505e-05)
461.5 (-4.570918067961507e-06,-7.355475226812016e-06)
461.75 (2.577145579549012e-05,-3.066235840150474e-05)
462 (4.511157269362315e-05,-3.852258566073696e-05)
462.25 (4.700492504293825e-05,-3.021774858157043e-05)
462.5 (3.214206609336332e-05,-1.078996369267298e-05)
462.75 (7.482629805950333e-06,1.145184502696082e-05)
463 (-1.689054956297552e-05,2.825315829539313e-05)
463.25 (-3.181629150574791e-05,3.429808783633427e-05)
463.5 (-3.242060518394945e-05,2.870804383342174e-05)
463.75 (-1.96065261136222e-05,1.481053576649057e-05)
464 (7.321832279276134e-07,-1.533573532989169e-06)
464.25 (2.031756480515687e-05,-1.429906076716997e-05)
464.5 (3.177643275141729e-05,-1.943288143484579e-05)
464.75 (3.133949824401096e-05,-1.604661549731577e-05)
465 (1.99894146546632e-05,-6.359911303693127e-06)
465.25 (2.753011902471872e-06,5.437403928394977e-06)
465.5 (-1.348095200831685e-05,1.489172794482138e-05)
465.75 (-2.268015673413077e-05,1.888536118617734e-05)
466 (-2.187220332319758e-05,1.658455332505337e-05)
466.25 (-1.205151126466204e-05,9.477426162633429e-06)
466.5 (2.46559392534961e-06,5.868908137187513e-07)
466.75 (1.587964985626693e-05,-6.765148078972666e-06)
467 (2.31840580787516e-05,-1.016580911598487e-05)
467.25 (2.199484632853886e-05,-8.865269307240702e-06)
467.5 (1.327552798231186e-05,-3.859521018377844e-06)
467.75 (7.598778270183976e-07,2.652903447812748e-06)
468 (-1.061973850573663e-05,8.177247788320808e-06)
468.25 (-1.666218015577098e-05,1.083970173460007e-05)
468.5 (-1.542612943022152e-05,9.981136806045975e-06)
468.75 (-7.823329443940359e-06,6.261871965846716e-06)
469 (2.895672668864885e-06,1.285950089716501e-06)
469.25 (1.249953161236857e-05,-3.066514000692092e-06)
469.5 (1.742263628106879e-05,-5.33551828189068e-06)
469.75 (1.606503584350169e-05,-4.953209202847808e-06)
470 (9.277943485077828e-06,-2.350013192771601e-06)
470.25 (-9.247407074896674e-08,1.302681545143317e-06)
470.5 (-8.388665373613872e-06,4.586342997982363e-06)
470.75 (-1.255800205533108e-05,6.363411285940808e-06)
471 (-1.126382443485721e-05,6.149253977234526e-06)
471.25 (-5.296141699002344e-06,4.216095657033725e-06)
471.5 (2.841740040143314e-06,1.415668680855213e-06)
471.75 (9.963496200502037e-06,-1.18302424708833e-06)
472 (1.343292176249037e-05,-2.694931141603294e-06)
472.25 (1.212412092022458e-05,-2.712395008051608e-06)
472.5 (6.760170152145455e-06,-1.397014919396271e-06)
472.75 (-4.41145114473519e-07,6.352529616489234e-07)
473 (-6.686823643115835e-06,2.582571818625246e-06)
473.25 (-9.681688300731638e-06,3.75892952715146e-06)
473.5 (-8.465390559319932e-06,3.823732640396172e-06)
473.75 (-3.708244928539038e-06,2.86489522098891e-06)
474 (2.622215798833599e-06,1.320544224074509e-06)
474.25 (8.061651140704204e-06,-2.128241757077575e-07)
474.5 (1.059831116878774e-05,-1.207741728306777e-06)
474.75 (9.407080390711366e-06,-1.383276536029362e-06)
475 (5.101726900105013e-06,-7.759399910958136e-07)
475.25 (-5.61015588344164e-07,3.08516076282146e-07)
475.5 (-5.394405666010197e-06,1.432603820062397e-06)
475.75 (-7.622072759697695e-06,2.194858574276838e-06)
476 (-6.52648306310878e-06,2.365785498773364e-06)
476.25 (-2.671474020532569e-06,1.947929362497063e-06)
476.5 (2.367088169746297e-06,1.147363838455634e-06)
476.75 (6.636711173304879e-06,2.783998487406445e-07)
477 (8.55753682267649e-06,-3.585877151722339e-07)
477.25 (7.499968517545473e-06,-5.789189365502164e-07)
477.5 (3.980721338253054e-06,-3.63017896078455e-07)
477.75 (-5.785386653305625e-07,1.575437928260353e-07)
478 (-4.423346736208745e-06,7.644192079676745e-07)
478.25 (-6.137920091928813e-06,1.238048282321636e-06)
478.5 (-5.164469045403288e-06,1.432529716177782e-06)
478.75 (-1.977812119866388e-06,1.314834313246371e-06)
479 (2.132741224520078e-06,9.60759089560132e-07)
479.25 (5.579865102989749e-06,5.136595056321351e-07)
479.5 (7.08578905974398e-06,1.278555563540016e-07)
479.75 (6.150434222433414e-06,-8.432062743159476e-08)
480 (3.211598605977172e-06,-8.27363841343104e-08)
480.25 (-5.537820000746002e-07,9.867120842441067e-08)
480.5 (-3.700478788536097e-06,3.746399867283748e-07)
480.75 (-5.06618346068941e-06,6.438462104311596e-07)
481 (-4.198868608281706e-06,8.229995005875552e-07)
481.25 (-1.504076756321181e-06,8.693063748370895e-07)
481.5 (1.938840124299121e-06,7.856872978872302e-07)
481.75 (4.803911362647515e-06,6.117245811972868e-07)
482 (6.026184080591239e-06,4.057023417940868e-07)
482.25 (5.193202023005181e-06,2.253360803390097e-07)
482.5 (2.68018228937645e-06,1.131462855101433e-07)
482.75 (-5.152168830552357e-07,8.886977946430924e-08)
483 (-3.16903337118185e-06,1.4874549907323e-07)
483.25 (-4.296216017204849e-06,2.697409179804714e-07)
483.5 (-3.515557866546599e-06,4.164046839797606e-07)
483.75 (-1.176177059590106e-06,5.487727391652271e-07)
484 (1.793900858868948e-06,6.307231392185886e-07)
484.25 (4.253428159760055e-06,6.37789250647437e-07)
484.5 (5.284333229070612e-06,5.64020640157806e-07)
484.75 (4.531629783042861e-06,4.25142896486191e-07)
485 (2.321226689832934e-06,2.567359309279207e-07)
485.25 (-4.771928311320513e-07,1.065225263963544e-07)
485.5 (-2.791813885241454e-06,2.109665069510645e-08)
485.75 (-3.758099267817049e-06,3.0713380136607e-08)
486 (-3.040935533618059e-06,1.373543089554073e-07)
486.25 (-9.476352871902631e-07,3.107175858868704e-07)
486.5 (1.699147689988312e-06,4.951950599914056e-07)
486.75 (3.884624480901209e-06,6.267174897095969e-07)
487 (4.788482524619355e-06,6.546007328026867e-07)
487.25 (4.091898167468908e-06,5.609636696079367e-07)
487.5 (2.086664533000501e-06,3.696754482553399e-07)
487.75 (-4.44990633421432e-07,1.412226889760329e-07)
488 (-2.534463302245846e-06,-4.650628432234131e-08)
488.25 (-3.396560755088301e-06,-1.254207676529472e-07)
488.5 (-2.721674440433488e-06,-6.2672729799494e-08)
488.75 (-7.876458978125545e-07,1.250214183888122e-07)
489 (1.654816318434507e-06,3.745299170069354e-07)
489.25 (3.671256308814603e-06,5.968736598969593e-07)
489.5 (4.500451316634022e-06,7.086357714096924e-07)
489.75 (3.839875566617352e-06,6.629383665971311e-07)
490 (1.956281656414537e-06,4.687407854083396e-07)
490.25 (-4.227895744841079e-07,1.898472393070209e-07)
490.5 (-2.387395373715137e-06,-7.577883159216062e-08)
490.75 (-3.19182089519287e-06,-2.310874832063268e-07)
491 (-2.536783516777027e-06,-2.157202730960533e-07)
491.25 (-6.792542564280522e-07,-2.995162547360573e-08)
491.5 (1.668061365526873e-06,2.630172758014484e-07)
491.75 (3.609928576513307e-06,5.581337399307257e-07)
492 (4.407637315718867e-06,7.456248435006384e-07)
492.25 (3.760889927698638e-06,7.518305845862915e-07)
492.5 (1.918558979185086e-06,5.67348511351125e-07)
492.75 (-4.12353002299079e-07,2.536615108002895e-07)
493 (-2.339972661414824e-06,-7.809343530223492e-08)
493.25 (-3.125762647232854e-06,-3.063334743736025e-07)
493.5 (-2.4662952482148e-06,-3.440700823668398e-07)
493.75 (-6.088090771851329e-07,-1.722100741254249e-07)
494 (1.742366721167241e-06,1.513352139436278e-07)
494.25 (3.691750777131559e-06,5.106387421760848e-07)
494.5 (4.493421440508984e-06,7.730079155263157e-07)
494.75 (3.834727360075826e-06,8.374474230826021e-07)
495 (1.961729727386308e-06,6.736946065816978e-07)
495.25 (-4.126935076749097e-07,3.35534717966223e-07)
495.5 (-2.379989132344148e-06,-5.717156337471407e-08)
495.75 (-3.180634973343828e-06,-3.609797842682998e-07)
496 (-2.494223693386405e-06,-4.612778581327639e-07)
496.25 (-5.661356319613116e-07,-3.155375266236464e-07)
496.5 (1.876708695474731e-06,2.857735904636693e-08)
496.75 (3.89068477384309e-06,4.461233966129271e-07)
497 (4.686989724925675e-06,7.798259788707926e-07)
497.25 (3.952475874933931e-06,9.001759458647188e-07)
497.5 (1.992150838720469e-06,7.588762823738021e-07)
497.75 (-3.949855513131954e-07,4.101753052685297e-07)
498 (-2.25382395663709e-06,-1.053035148505888e-08)
498.25 (-2.881139346768714e-06,-3.42229591288928e-07)
498.5 (-2.118076596098525e-06,-4.655879607400344e-07)
498.75 (-4.102269006795954e-07,-3.537884177695343e-07)
499 (1.423662368480652e-06,-7.944855349630436e-08)
499.25 (2.512910800888872e-06,2.129314553934107e-07)
499.5 (2.203078018863819e-06,3.364896076582881e-07)
499.75 (1.537731012709682e-06,3.504665005029439e-07)
500 (6.461639178028281e-07,2.629055599864486e-07)
500.25 (-1.015697650409076e-07,1.303730927025472e-07)
500.5 (-4.911557827586523e-07,1.145010698604944e-08)
500.75 (-5.179162384322926e-07,-5.908869160315994e-08)
501 (-3.138827699197752e-07,-7.622114606539311e-08)
501.25 (-4.68065537679279e-08,-5.546964283960615e-08)
501.5 (1.574356928912881e-07,-1.964579010187687e-08)
501.75 (2.457255242473121e-07,1.22325338914872e-08)
502 (2.280770918851753e-07,3.007291234077437e-08)
502.25 (1.491369580922756e-07,3.267244863777521e-08)
502.5 (5.882287314331652e-08,2.472474338898343e-08)
502.75 (-8.314408126904299e-09,1.276002193776062e-08)
503 (-3.91116582574915e-08,2.271305537022053e-09)
503.25 (-3.8703683963729e-08,-3.87321546906906e-09)
503.5 (-2.157887580087821e-08,-5.462084299085845e-09)
503.75 (-2.693549283420209e-09,-4.04635712751196e-09)
504 (8.836408129556098e-09,-1.680630468502231e-09)
504.25 (1.125418748592512e-08,1.263823244510898e-10)
504.5 (8.311896979638169e-09,8.707076719964447e-10)
504.75 (4.048819767053157e-09,8.170000314912095e-10)
505 (5.544450123083902e-10,2.333726307614374e-10)
505.25 (-1.674622357166899e-10,2.96469500052023e-10)
505.5 (-2.743335473947642e-09,2.666415933332378e-10)
505.75 (-5.910965101705738e-09,-4.607010923846701e-10)
506 (-7.266022474746822e-09,-1.820133808059892e-09)
506.25 (-1.829416738749326e-09,-3.258823944920051e-09)
506.5 (1.402628021395477e-08,-3.512940765666866e-09)
506.75 (3.87915098176823e-08,-1.13778440867967e-09)
507 (6.336495914985603e-08,4.607548777964128e-09)
507.25 (7.215063546780225e-08,1.276532400352784e-08)
507.5 (4.914321539025421e-08,2.008829893222246e-08)
507.75 (-1.102945893535822e-08,2.163682525580856e-08)
508 (-9.254241283402094e-08,1.274946269924927e-08)
508.25 (-1.548968550416775e-07,-7.662510203981989e-09)
508.5 (-1.450928752542332e-07,-3.419084875690237e-08)
508.75 (-2.737779605939548e-08,-5.438115451532776e-08)
509 (1.755737103025876e-07,-5.336824931953232e-08)
509.25 (3.634341582752131e-07,-2.550843370184463e-08)
509.5 (4.174199214476806e-07,1.554416948311357e-08)
509.75 (3.11377462591074e-07,4.536619963406135e-08)
510 (1.252151520477798e-07,4.814692054491823e-08)
510.25 (-1.334216816078403e-08,2.770646557240805e-08)
510.5 (-2.82410988305831e-08,4.985572180510033e-09)
510.75 (-4.690898512883376e-08,-7.952527245819214e-10)
511 (-9.177337168095094e-08,-1.928874695932789e-08)
511.25 (-1.934433803784508e-08,-4.039813087833493e-08)
511.5 (1.267502332258043e-07,-4.425435958645612e-08)
511.75 (5.654198389242663e-09,-6.194892069798484e-10)
512 (0,0)
