domain units: Hz
measurement data type: Positive<double>
segment length (sec): 4
sampling rate (Hz): 1024
domain bounds (Hz): [0, 512.25)
support bounds (Hz): [20, 512)support indexes: [80, 2048)
---------------
domainValue measuredValue
0 1
0.25 1
0.5 1
0.75 1
1 1
1.25 1
1.5 1
1.75 1
2 1
2.25 1
2.5 1
2.75 1
3 1
3.25 1
3.5 1
3.75 1
4 1
4.25 1
4.5 1
4.75 1
5 1
5.25 1
5.5 1
5.75 1
6 1
6.25 1
6.5 1
6.75 1
7 1
7.25 1
7.5 1
7.75 1
8 1
8.25 1
8.5 1
8.75 1
9 1
9.25 1
9.5 1
9.75 1
10 1
10.25 1
10.5 1
10.75 1
11 1
11.25 1
11.5 1
11.75 1
12 1
12.25 1
12.5 1
12.75 1
13 1
13.25 1
13.5 1
13.75 1
14 1
14.25 1
14.5 1
14.75 1
15 1
15.25 1
15.5 1
15.75 1
16 1
16.25 1
16.5 1
16.75 1
17 1
17.25 1
17.5 1
17.75 1
18 1
18.25 1
18.5 1
18.75 1
19 1
19.25 1
19.5 1
19.75 1
20 1.3974975e-43
20.25 1.178835e-43
20.5 9.661837499999999e-44
20.75 7.728455e-44
21 6.0506775e-44
21.25 4.64963625e-44
21.5 3.51948625e-44
21.75 2.63094125e-44
22 1.9495525e-44
22.25 1.44207875e-44
22.5 1.06567125e-44
22.75 7.89586875e-45
23 5.8866325e-45
23.25 4.41569625e-45
23.5 3.36184625e-45
23.75 2.59805875e-45
24 2.05547125e-45
24.25 1.65557875e-45
24.5 1.36588375e-45
24.75 1.149505e-45
25 9.849175000000001e-46
25.25 8.58983125e-46
25.5 7.62523125e-46
25.75 6.86912625e-46
26 6.268605e-46
26.25 5.78293625e-46
26.5 5.392765e-46
26.75 5.07562125e-46
27 4.81319125e-46
27.25 4.59213125e-46
27.5 4.40125e-46
27.75 4.23143e-46
28 4.07589e-46
28.25 3.927944999999999e-46
28.5 3.78585375e-46
28.75 3.65206625e-46
29 3.52499875e-46
29.25 3.4033125e-46
29.5 3.28671875e-46
29.75 3.174605e-46
30 3.0680825e-46
30.25 2.96643375e-46
30.5 2.8693525e-46
30.75 2.775955e-46
31 2.68779875e-46
31.25 2.60365875e-46
31.5 2.52237125e-46
31.75 2.4449075e-46
32 2.37083875e-46
32.25 2.2995875e-46
32.5 2.2312675e-46
32.75 2.16545875e-46
33 2.1026775e-46
33.25 2.0420225e-46
33.5 1.9839225e-46
33.75 1.9283075e-46
34 1.87492375e-46
34.25 1.8234825e-46
34.5 1.7745525e-46
34.75 1.72734625e-46
35 1.68147875e-46
35.25 1.6375975e-46
35.5 1.5953175e-46
35.75 1.55479625e-46
36 1.51589375e-46
36.25 1.478295e-46
36.5 1.4421925e-46
36.75 1.4074025e-46
37 1.3740125e-46
37.25 1.3417075e-46
37.5 1.31042625e-46
37.75 1.28067625e-46
38 1.25197625e-46
38.25 1.22411625e-46
38.5 1.19704375e-46
38.75 1.171205e-46
39 1.14592625e-46
39.25 1.12203875e-46
39.5 1.09893875e-46
39.75 1.07653e-46
40 1.05473375e-46
40.25 1.03369875e-46
40.5 1.01350375e-46
40.75 9.939825e-47
41 9.750562500000001e-47
41.25 9.569174999999999e-47
41.5 9.393125e-47
41.75 9.2224125e-47
42 9.058e-47
42.25 8.8991875e-47
42.5 8.74475875e-47
42.75 8.59611375e-47
43 8.452053750000001e-47
43.25 8.313637499999999e-47
43.5 8.17793375e-47
43.75 8.047751250000001e-47
44 7.920990000000001e-47
44.25 7.799321250000001e-47
44.5 7.680653749999999e-47
44.75 7.5647425e-47
45 7.45444e-47
45.25 7.34608e-47
45.5 7.241307500000001e-47
45.75 7.1399125e-47
46 7.04095875e-47
46.25 6.945583750000001e-47
46.5 6.85279e-47
46.75 6.7626825e-47
47 6.6756375e-47
47.25 6.591838750000001e-47
47.5 6.51048125e-47
47.75 6.430410000000001e-47
48 6.35271875e-47
48.25 6.2772325e-47
48.5 6.20398625e-47
48.75 6.1328575e-47
49 6.063881250000001e-47
49.25 5.99692625e-47
49.5 5.931835e-47
49.75 5.869237500000001e-47
50 5.80741e-47
50.25 5.74763875e-47
50.5 5.6896875e-47
50.75 5.63374875e-47
51 5.57925375e-47
51.25 5.52663125e-47
51.5 5.4748925e-47
51.75 5.42434375e-47
52 5.37551e-47
52.25 5.328478750000001e-47
52.5 5.2823575e-47
52.75 5.2369975e-47
53 5.1935625e-47
53.25 5.15116875e-47
53.5 5.1097025e-47
53.75 5.07007375e-47
54 5.031328750000001e-47
54.25 4.99380875e-47
54.5 4.956892500000001e-47
54.75 4.92107e-47
55 4.88592125e-47
55.25 4.851761249999999e-47
55.5 4.818668749999999e-47
55.75 4.78669625e-47
56 4.755590000000001e-47
56.25 4.7248775e-47
56.5 4.694970000000001e-47
56.75 4.666095e-47
57 4.63761375e-47
57.25 4.60985875e-47
57.5 4.5833375e-47
57.75 4.5569125e-47
58 4.5315725e-47
58.25 4.506906249999999e-47
58.5 4.482992499999999e-47
58.75 4.459437499999999e-47
59 4.43653875e-47
59.25 4.4142175e-47
59.5 4.39242125e-47
59.75 4.371185e-47
60 4.35012375e-47
60.25 4.329605e-47
60.5 4.3099e-47
60.75 4.2906325e-47
61 4.271470000000001e-47
61.25 4.2530075e-47
61.5 4.2353325e-47
61.75 4.21785875e-47
62 4.200691249999999e-47
62.25 4.18361125e-47
62.5 4.16731e-47
62.75 4.15163e-47
63 4.135941250000001e-47
63.25 4.12036625e-47
63.5 4.105395e-47
63.75 4.0906075e-47
64 4.0758025e-47
64.25 4.0621525e-47
64.5 4.04802125e-47
64.75 4.03447625e-47
65 4.02117625e-47
65.25 4.0079725e-47
65.5 3.9949e-47
65.75 3.9820375e-47
66 3.9696125e-47
66.25 3.95668875e-47
66.5 3.9442025e-47
66.75 3.932013750000001e-47
67 3.91969375e-47
67.25 3.9073125e-47
67.5 3.89542125e-47
67.75 3.88334625e-47
68 3.87162125e-47
68.25 3.8592925e-47
68.5 3.8474625e-47
68.75 3.8357375e-47
69 3.8240825e-47
69.25 3.81299625e-47
69.5 3.8016125e-47
69.75 3.7905e-47
70 3.77941375e-47
70.25 3.7686775e-47
70.5 3.75746875e-47
70.75 3.74635625e-47
71 3.73561125e-47
71.25 3.72476125e-47
71.5 3.71377125e-47
71.75 3.70335e-47
72 3.6928325e-47
72.25 3.68228e-47
72.5 3.6717625e-47
72.75 3.66155125e-47
73 3.65106e-47
73.25 3.6406825e-47
73.5 3.630515e-47
73.75 3.620435e-47
74 3.61045125e-47
74.25 3.60084375e-47
74.5 3.59100875e-47
74.75 3.58099e-47
75 3.5710675e-47
75.25 3.5614425e-47
75.5 3.55173e-47
75.75 3.54193e-47
76 3.53220875e-47
76.25 3.52282e-47
76.5 3.5132475e-47
76.75 3.50392875e-47
77 3.49475e-47
77.25 3.485475e-47
77.5 3.4765675e-47
77.75 3.46765125e-47
78 3.458525e-47
78.25 3.4494075e-47
78.5 3.44056125e-47
78.75 3.43163625e-47
79 3.422755e-47
79.25 3.41401375e-47
79.5 3.40564875e-47
79.75 3.39717875e-47
80 3.3888225e-47
80.25 3.38034375e-47
80.5 3.3721625e-47
80.75 3.36396375e-47
81 3.3557825e-47
81.25 3.34742625e-47
81.5 3.33928875e-47
81.75 3.3311775e-47
82 3.32318875e-47
82.25 3.314885e-47
82.5 3.30686125e-47
82.75 3.29907375e-47
83 3.29112875e-47
83.25 3.28328875e-47
83.5 3.27565e-47
83.75 3.26809875e-47
84 3.2605475e-47
84.25 3.2528125e-47
84.5 3.24517375e-47
84.75 3.23773625e-47
85 3.2304825e-47
85.25 3.22305375e-47
85.5 3.21554625e-47
85.75 3.20831875e-47
86 3.20117875e-47
86.25 3.1939075e-47
86.5 3.18667125e-47
86.75 3.17942625e-47
87 3.17232125e-47
87.25 3.16516375e-47
87.5 3.1581025e-47
87.75 3.15098875e-47
88 3.14416375e-47
88.25 3.13723375e-47
88.5 3.13061875e-47
88.75 3.1238375e-47
89 3.11717e-47
89.25 3.11047625e-47
89.5 3.10393125e-47
89.75 3.09740375e-47
90 3.09096375e-47
90.25 3.08447125e-47
90.5 3.07797e-47
90.75 3.0715125e-47
91 3.06509e-47
91.25 3.05886e-47
91.5 3.05256e-47
91.75 3.046295e-47
92 3.0400125e-47
92.25 3.03386125e-47
92.5 3.02771e-47
92.75 3.0215325e-47
93 3.01534625e-47
93.25 3.0093e-47
93.5 3.00328875e-47
93.75 2.99707625e-47
94 2.99128375e-47
94.25 2.98535125e-47
94.5 2.97947125e-47
94.75 2.97353875e-47
95 2.967685e-47
95.25 2.96197125e-47
95.5 2.95635375e-47
95.75 2.95054375e-47
96 2.94506625e-47
96.25 2.93948375e-47
96.5 2.93398875e-47
96.75 2.92842375e-47
97 2.92312125e-47
97.25 2.91752125e-47
97.5 2.91193875e-47
97.75 2.90667125e-47
98 2.90128125e-47
98.25 2.895935e-47
98.5 2.89065875e-47
98.75 2.885435e-47
99 2.88024625e-47
99.25 2.8750225e-47
99.5 2.8697725e-47
99.75 2.8645925e-47
100 2.8595525e-47
100.25 2.85462625e-47
100.5 2.84960375e-47
100.75 2.844625e-47
101 2.83969e-47
101.25 2.834825e-47
101.5 2.829855e-47
101.75 2.825025e-47
102 2.82022125e-47
102.25 2.8154e-47
102.5 2.81057e-47
102.75 2.805775e-47
103 2.80107625e-47
103.25 2.79643875e-47
103.5 2.7917225e-47
103.75 2.78714625e-47
104 2.78257e-47
104.25 2.77792375e-47
104.5 2.77349625e-47
104.75 2.7690425e-47
105 2.76453625e-47
105.25 2.7601525e-47
105.5 2.7556725e-47
105.75 2.75130625e-47
106 2.747045e-47
106.25 2.7427575e-47
106.5 2.7385925e-47
106.75 2.7343925e-47
107 2.730035e-47
107.25 2.725975e-47
107.5 2.72188875e-47
107.75 2.7176975e-47
108 2.713445e-47
108.25 2.709315e-47
108.5 2.70519375e-47
108.75 2.7011425e-47
109 2.69709125e-47
109.25 2.69315375e-47
109.5 2.68902375e-47
109.75 2.68506875e-47
110 2.68106125e-47
110.25 2.677185e-47
110.5 2.67336125e-47
110.75 2.66973875e-47
111 2.6658975e-47
111.25 2.66203875e-47
111.5 2.65831125e-47
111.75 2.65458375e-47
112 2.65073375e-47
112.25 2.6471375e-47
112.5 2.6434975e-47
112.75 2.6399275e-47
113 2.6362525e-47
113.25 2.63267375e-47
113.5 2.629095e-47
113.75 2.62556875e-47
114 2.62210375e-47
114.25 2.6186825e-47
114.5 2.6152525e-47
114.75 2.61177e-47
115 2.6083225e-47
115.25 2.60497125e-47
115.5 2.601655e-47
115.75 2.5983125e-47
116 2.59503125e-47
116.25 2.5916625e-47
116.5 2.58838125e-47
116.75 2.58524e-47
117 2.58201125e-47
117.25 2.57879125e-47
117.5 2.57558e-47
117.75 2.5724125e-47
118 2.56913125e-47
118.25 2.5660425e-47
118.5 2.56298e-47
118.75 2.55983e-47
119 2.5567325e-47
119.25 2.5537575e-47
119.5 2.55079125e-47
119.75 2.54776375e-47
120 2.54478e-47
120.25 2.54179625e-47
120.5 2.53882125e-47
120.75 2.5359775e-47
121 2.53316875e-47
121.25 2.53029e-47
121.5 2.52753375e-47
121.75 2.5247425e-47
122 2.52196e-47
122.25 2.5191775e-47
122.5 2.516465e-47
122.75 2.5137175e-47
123 2.51104875e-47
123.25 2.50824e-47
123.5 2.50551875e-47
123.75 2.50280625e-47
124 2.5001375e-47
124.25 2.49753e-47
124.5 2.4948525e-47
124.75 2.4921575e-47
125 2.4896025e-47
125.25 2.48702125e-47
125.5 2.48443125e-47
125.75 2.481815e-47
126 2.4793825e-47
126.25 2.476915e-47
126.5 2.4744125e-47
126.75 2.4718925e-47
127 2.46939e-47
127.25 2.46696625e-47
127.5 2.464665e-47
127.75 2.46231125e-47
128 2.46001e-47
128.25 2.4576825e-47
128.5 2.45539875e-47
128.75 2.45307125e-47
129 2.45090125e-47
129.25 2.4486e-47
129.5 2.44635125e-47
129.75 2.44407625e-47
130 2.441845e-47
130.25 2.4395875e-47
130.5 2.43740875e-47
130.75 2.4351425e-47
131 2.43301625e-47
131.25 2.4309075e-47
131.5 2.42883375e-47
131.75 2.4266025e-47
132 2.42445875e-47
132.25 2.42230625e-47
132.5 2.42010125e-47
132.75 2.41801875e-47
133 2.41607625e-47
133.25 2.4139675e-47
133.5 2.41189375e-47
133.75 2.40988125e-47
134 2.40795625e-47
134.25 2.4059875e-47
134.5 2.40410625e-47
134.75 2.40221625e-47
135 2.4003175e-47
135.25 2.3984975e-47
135.5 2.396485e-47
135.75 2.39456875e-47
136 2.39266125e-47
136.25 2.3909025e-47
136.5 2.38903875e-47
136.75 2.38721875e-47
137 2.3853375e-47
137.25 2.3835875e-47
137.5 2.38182e-47
137.75 2.38006125e-47
138 2.3782325e-47
138.25 2.3764475e-47
138.5 2.37477625e-47
138.75 2.37302625e-47
139 2.3712325e-47
139.25 2.369675e-47
139.5 2.3678725e-47
139.75 2.3663675e-47
140 2.36474875e-47
140.25 2.36310375e-47
140.5 2.36145875e-47
140.75 2.359805e-47
141 2.35809e-47
141.25 2.356445e-47
141.5 2.35480875e-47
141.75 2.35325125e-47
142 2.35164125e-47
142.25 2.35006625e-47
142.5 2.34857875e-47
142.75 2.34698625e-47
143 2.34549e-47
143.25 2.34402e-47
143.5 2.3424975e-47
143.75 2.340835e-47
144 2.33919e-47
144.25 2.33767625e-47
144.5 2.33618875e-47
144.75 2.33473625e-47
145 2.33324875e-47
145.25 2.33184e-47
145.5 2.330405e-47
145.75 2.328935e-47
146 2.32735125e-47
146.25 2.3259075e-47
146.5 2.32446375e-47
146.75 2.32294125e-47
147 2.32150625e-47
147.25 2.32015875e-47
147.5 2.31886375e-47
147.75 2.31756e-47
148 2.316195e-47
148.25 2.3149525e-47
148.5 2.31350875e-47
148.75 2.31226625e-47
149 2.31107625e-47
149.25 2.30971125e-47
149.5 2.30834625e-47
149.75 2.30706875e-47
150 2.30573875e-47
150.25 2.3044525e-47
150.5 2.30321875e-47
150.75 2.30209e-47
151 2.30083e-47
151.25 2.29952625e-47
151.5 2.29828375e-47
151.75 2.2971375e-47
152 2.296e-47
152.25 2.294845e-47
152.5 2.29361125e-47
152.75 2.29247375e-47
153 2.2913275e-47
153.25 2.29016375e-47
153.5 2.28899125e-47
153.75 2.28783625e-47
154 2.28664625e-47
154.25 2.28556125e-47
154.5 2.28452875e-47
154.75 2.28356625e-47
155 2.28260375e-47
155.25 2.2816325e-47
155.5 2.2805825e-47
155.75 2.279445e-47
156 2.27836e-47
156.25 2.277415e-47
156.5 2.2763825e-47
156.75 2.27541125e-47
157 2.27436125e-47
157.25 2.27329375e-47
157.5 2.2722875e-47
157.75 2.2713775e-47
158 2.27030125e-47
158.25 2.26939125e-47
158.5 2.2683675e-47
158.75 2.2673525e-47
159 2.26629375e-47
159.25 2.26543625e-47
159.5 2.264465e-47
159.75 2.26349375e-47
160 2.2625575e-47
160.25 2.26169125e-47
160.5 2.26081625e-47
160.75 2.25988875e-47
161 2.259005e-47
161.25 2.25819125e-47
161.5 2.25729875e-47
161.75 2.25638875e-47
162 2.2556275e-47
162.25 2.2548575e-47
162.5 2.254e-47
162.75 2.25320375e-47
163 2.25232e-47
163.25 2.25164625e-47
163.5 2.25099e-47
163.75 2.25008e-47
164 2.2492225e-47
164.25 2.24851375e-47
164.5 2.2477525e-47
164.75 2.2468775e-47
165 2.24604625e-47
165.25 2.24532e-47
165.5 2.244655e-47
165.75 2.2439375e-47
166 2.2431325e-47
166.25 2.2423625e-47
166.5 2.241715e-47
166.75 2.24097125e-47
167 2.240245e-47
167.25 2.23951875e-47
167.5 2.238775e-47
167.75 2.2380925e-47
168 2.23734e-47
168.25 2.23659625e-47
168.5 2.23577375e-47
168.75 2.2351e-47
169 2.23437375e-47
169.25 2.2337175e-47
169.5 2.233e-47
169.75 2.2323525e-47
170 2.2316e-47
170.25 2.2309e-47
170.5 2.230305e-47
170.75 2.22963125e-47
171 2.22908e-47
171.25 2.22851125e-47
171.5 2.22782e-47
171.75 2.22718125e-47
172 2.22655125e-47
172.25 2.22590375e-47
172.5 2.2253175e-47
172.75 2.224775e-47
173 2.22406625e-47
173.25 2.2234275e-47
173.5 2.2227975e-47
173.75 2.22221125e-47
174 2.22173e-47
174.25 2.2211525e-47
174.5 2.22061e-47
174.75 2.22000625e-47
175 2.21949e-47
175.25 2.21885125e-47
175.5 2.21827375e-47
175.75 2.21771375e-47
176 2.21717125e-47
176.25 2.2165675e-47
176.5 2.216095e-47
176.75 2.21556125e-47
177 2.21508875e-47
177.25 2.21449375e-47
177.5 2.21391625e-47
177.75 2.2134e-47
178 2.2128925e-47
178.25 2.21241125e-47
178.5 2.21195625e-47
178.75 2.21144e-47
179 2.2110025e-47
179.25 2.21052125e-47
179.5 2.21008375e-47
179.75 2.20971625e-47
180 2.2091475e-47
180.25 2.2086925e-47
180.5 2.2082725e-47
180.75 2.20786125e-47
181 2.207345e-47
181.25 2.20677625e-47
181.5 2.2062425e-47
181.75 2.20576125e-47
182 2.20527125e-47
182.25 2.20478125e-47
182.5 2.20425625e-47
182.75 2.20380125e-47
183 2.20325875e-47
183.25 2.202795e-47
183.5 2.20234e-47
183.75 2.20187625e-47
184 2.2014475e-47
184.25 2.200975e-47
184.5 2.200555e-47
184.75 2.20014375e-47
185 2.19968e-47
185.25 2.199015e-47
185.5 2.19858625e-47
185.75 2.19821875e-47
186 2.19783375e-47
186.25 2.19744e-47
186.5 2.196915e-47
186.75 2.19648625e-47
187 2.19606625e-47
187.25 2.19557625e-47
187.5 2.19520875e-47
187.75 2.194745e-47
188 2.1942025e-47
188.25 2.19373875e-47
188.5 2.19333625e-47
188.75 2.1929425e-47
189 2.19246125e-47
189.25 2.19202375e-47
189.5 2.1916125e-47
189.75 2.19123625e-47
190 2.190825e-47
190.25 2.1905275e-47
190.5 2.190125e-47
190.75 2.18974e-47
191 2.1893025e-47
191.25 2.1889e-47
191.5 2.18850625e-47
191.75 2.18808625e-47
192 2.187675e-47
192.25 2.187255e-47
192.5 2.18677375e-47
192.75 2.18637125e-47
193 2.1860475e-47
193.25 2.18572375e-47
193.5 2.18537375e-47
193.75 2.1849275e-47
194 2.18435875e-47
194.25 2.18395625e-47
194.5 2.1835625e-47
194.75 2.1831775e-47
195 2.18278375e-47
195.25 2.18241625e-47
195.5 2.18208375e-47
195.75 2.18171625e-47
196 2.18134875e-47
196.25 2.18099875e-47
196.5 2.18071e-47
196.75 2.18035125e-47
197 2.18000125e-47
197.25 2.179625e-47
197.5 2.17926625e-47
197.75 2.17896e-47
198 2.1785575e-47
198.25 2.17816375e-47
198.5 2.1778225e-47
198.75 2.17739375e-47
199 2.1770525e-47
199.25 2.17665e-47
199.5 2.1762475e-47
199.75 2.17590625e-47
200 2.17553875e-47
200.25 2.17524125e-47
200.5 2.174865e-47
200.75 2.17452375e-47
201 2.1742525e-47
201.25 2.17384125e-47
201.5 2.1735175e-47
201.75 2.17324625e-47
202 2.17300125e-47
202.25 2.172695e-47
202.5 2.17226625e-47
202.75 2.17193375e-47
203 2.17165375e-47
203.25 2.17133e-47
203.5 2.1709975e-47
203.75 2.170665e-47
204 2.17032375e-47
204.25 2.169895e-47
204.5 2.16958e-47
204.75 2.16927375e-47
205 2.16895875e-47
205.25 2.16864375e-47
205.5 2.1684425e-47
205.75 2.16818875e-47
206 2.16790875e-47
206.25 2.1676375e-47
206.5 2.1673225e-47
206.75 2.16699e-47
207 2.16671875e-47
207.25 2.1663775e-47
207.5 2.1660625e-47
207.75 2.165695e-47
208 2.16538e-47
208.25 2.16502125e-47
208.5 2.16463625e-47
208.75 2.1642775e-47
209 2.16395375e-47
209.25 2.16365625e-47
209.5 2.16332375e-47
209.75 2.16304375e-47
210 2.162755e-47
210.25 2.16244e-47
210.5 2.16211625e-47
210.75 2.1618625e-47
211 2.16153e-47
211.25 2.1611625e-47
211.5 2.16083875e-47
211.75 2.16054125e-47
212 2.16031375e-47
212.25 2.16003375e-47
212.5 2.1597625e-47
212.75 2.15945625e-47
213 2.1591675e-47
213.25 2.15884375e-47
213.5 2.1585375e-47
213.75 2.15826625e-47
214 2.1579425e-47
214.25 2.15765375e-47
214.5 2.15735625e-47
214.75 2.15705e-47
215 2.15677e-47
215.25 2.15651625e-47
215.5 2.1562275e-47
215.75 2.15593e-47
216 2.155615e-47
216.25 2.1553e-47
216.5 2.15499375e-47
216.75 2.154705e-47
217 2.15438125e-47
217.25 2.15404875e-47
217.5 2.15373375e-47
217.75 2.15334e-47
218 2.153025e-47
218.25 2.15271875e-47
218.5 2.15242125e-47
218.75 2.15205375e-47
219 2.151765e-47
219.25 2.1515025e-47
219.5 2.1511875e-47
219.75 2.15095125e-47
220 2.15075e-47
220.25 2.1504175e-47
220.5 2.1501725e-47
220.75 2.14988375e-47
221 2.1495775e-47
221.25 2.1492625e-47
221.5 2.1490175e-47
221.75 2.14874625e-47
222 2.14846625e-47
222.25 2.148195e-47
222.5 2.14799375e-47
222.75 2.14769625e-47
223 2.147425e-47
223.25 2.14704e-47
223.5 2.14671625e-47
223.75 2.1463925e-47
224 2.14610375e-47
224.25 2.145815e-47
224.5 2.14557875e-47
224.75 2.14528125e-47
225 2.14501875e-47
225.25 2.1447825e-47
225.5 2.14449375e-47
225.75 2.144205e-47
226 2.14386375e-47
226.25 2.1435925e-47
226.5 2.1433125e-47
226.75 2.1429625e-47
227 2.14263e-47
227.25 2.14234125e-47
227.5 2.1420175e-47
227.75 2.1417025e-47
228 2.14143125e-47
228.25 2.14116875e-47
228.5 2.14081875e-47
228.75 2.1406175e-47
229 2.14025e-47
229.25 2.13990875e-47
229.5 2.13969875e-47
229.75 2.13941e-47
230 2.13919125e-47
230.25 2.13896375e-47
230.5 2.13871e-47
230.75 2.13840375e-47
231 2.1382025e-47
231.25 2.1378875e-47
231.5 2.13758125e-47
231.75 2.1373275e-47
232 2.13703875e-47
232.25 2.13675e-47
232.5 2.13649625e-47
232.75 2.1362075e-47
233 2.135945e-47
233.25 2.1356475e-47
233.5 2.13537625e-47
233.75 2.13506125e-47
234 2.13478125e-47
234.25 2.1345275e-47
234.5 2.13423e-47
234.75 2.13401125e-47
235 2.133705e-47
235.25 2.13339875e-47
235.5 2.1330925e-47
235.75 2.1328475e-47
236 2.13255875e-47
236.25 2.13224375e-47
236.5 2.1320425e-47
236.75 2.13164875e-47
237 2.13140375e-47
237.25 2.13119375e-47
237.5 2.130905e-47
237.75 2.13061625e-47
238 2.1302575e-47
238.25 2.1300125e-47
238.5 2.12968e-47
238.75 2.1294175e-47
239 2.12921625e-47
239.25 2.12897125e-47
239.5 2.12869125e-47
239.75 2.12835875e-47
240 2.12811375e-47
240.25 2.1278425e-47
240.5 2.12757125e-47
240.75 2.1273e-47
241 2.12701125e-47
241.25 2.12660875e-47
241.5 2.1263375e-47
241.75 2.12597875e-47
242 2.12566375e-47
242.25 2.1253575e-47
242.5 2.1251125e-47
242.75 2.12478e-47
243 2.12450875e-47
243.25 2.1243075e-47
243.5 2.12400125e-47
243.75 2.12361625e-47
244 2.1233625e-47
244.25 2.123065e-47
244.5 2.12275875e-47
244.75 2.12244375e-47
245 2.12218125e-47
245.25 2.12191875e-47
245.5 2.12172625e-47
245.75 2.12148125e-47
246 2.121175e-47
246.25 2.12088625e-47
246.5 2.12058875e-47
246.75 2.12027375e-47
247 2.119985e-47
247.25 2.119705e-47
247.5 2.11939875e-47
247.75 2.119075e-47
248 2.11873375e-47
248.25 2.1184275e-47
248.5 2.1181125e-47
248.75 2.11782375e-47
249 2.1175525e-47
249.25 2.1173075e-47
249.5 2.1170275e-47
249.75 2.116765e-47
250 2.11654625e-47
250.25 2.1162925e-47
250.5 2.11600375e-47
250.75 2.1157325e-47
251 2.11547875e-47
251.25 2.11521625e-47
251.5 2.1149625e-47
251.75 2.1147e-47
252 2.1144375e-47
252.25 2.1141575e-47
252.5 2.1139475e-47
252.75 2.11364125e-47
253 2.113335e-47
253.25 2.11309875e-47
253.5 2.11281e-47
253.75 2.112565e-47
254 2.11236375e-47
254.25 2.1120575e-47
254.5 2.1118475e-47
254.75 2.1115675e-47
255 2.1112875e-47
255.25 2.11099e-47
255.5 2.11073625e-47
255.75 2.11040375e-47
256 2.1101325e-47
256.25 2.109905e-47
256.5 2.10959e-47
256.75 2.10930125e-47
257 2.10902125e-47
257.25 2.10868e-47
257.5 2.10839125e-47
257.75 2.10816375e-47
258 2.10784e-47
258.25 2.10760375e-47
258.5 2.10746375e-47
258.75 2.10714875e-47
259 2.10690375e-47
259.25 2.10664125e-47
259.5 2.10637e-47
259.75 2.10609875e-47
260 2.10588e-47
260.25 2.1056e-47
260.5 2.10534625e-47
260.75 2.10511875e-47
261 2.10483e-47
261.25 2.10454125e-47
261.5 2.10427875e-47
261.75 2.10394625e-47
262 2.1037625e-47
262.25 2.1034475e-47
262.5 2.10321125e-47
262.75 2.10294e-47
263 2.10259e-47
263.25 2.10231e-47
263.5 2.10202125e-47
263.75 2.10184625e-47
264 2.10158375e-47
264.25 2.10133875e-47
264.5 2.10109375e-47
264.75 2.10079625e-47
265 2.1005075e-47
265.25 2.10021875e-47
265.5 2.09997375e-47
265.75 2.09971125e-47
266 2.0994575e-47
266.25 2.09918625e-47
266.5 2.0990375e-47
266.75 2.09874875e-47
267 2.09855625e-47
267.25 2.0983025e-47
267.5 2.098145e-47
267.75 2.09785625e-47
268 2.097585e-47
268.25 2.097305e-47
268.5 2.097025e-47
268.75 2.09685875e-47
269 2.09659625e-47
269.25 2.09628125e-47
269.5 2.0960975e-47
269.75 2.09587875e-47
270 2.09559e-47
270.25 2.0953625e-47
270.5 2.09512625e-47
270.75 2.094855e-47
271 2.09453125e-47
271.25 2.09435625e-47
271.5 2.0941375e-47
271.75 2.09391e-47
272 2.093665e-47
272.25 2.09337625e-47
272.5 2.0930875e-47
272.75 2.09286875e-47
273 2.09264125e-47
273.25 2.09239625e-47
273.5 2.09216e-47
273.75 2.0918975e-47
274 2.09160875e-47
274.25 2.09139e-47
274.5 2.09118875e-47
274.75 2.09096125e-47
275 2.09073375e-47
275.25 2.09055875e-47
275.5 2.090375e-47
275.75 2.09013875e-47
276 2.0898675e-47
276.25 2.08964875e-47
276.5 2.08943e-47
276.75 2.08921125e-47
277 2.08894875e-47
277.25 2.08875625e-47
277.5 2.08859875e-47
277.75 2.08847625e-47
278 2.08828375e-47
278.25 2.0880125e-47
278.5 2.08784625e-47
278.75 2.08761e-47
279 2.08740875e-47
279.25 2.0871725e-47
279.5 2.0869975e-47
279.75 2.0867525e-47
280 2.0865075e-47
280.25 2.0862975e-47
280.5 2.086035e-47
280.75 2.08581625e-47
281 2.08558e-47
281.25 2.08536125e-47
281.5 2.08506375e-47
281.75 2.0848975e-47
282 2.08469625e-47
282.25 2.08448625e-47
282.5 2.0843025e-47
282.75 2.084145e-47
283 2.08397e-47
283.25 2.08376e-47
283.5 2.08355e-47
283.75 2.0833575e-47
284 2.08308625e-47
284.25 2.0829025e-47
284.5 2.08278875e-47
284.75 2.0825525e-47
285 2.08229875e-47
285.25 2.08208e-47
285.5 2.08186125e-47
285.75 2.08170375e-47
286 2.0815725e-47
286.25 2.08138e-47
286.5 2.0811875e-47
286.75 2.08096875e-47
287 2.0807325e-47
287.25 2.0805225e-47
287.5 2.08033e-47
287.75 2.08011125e-47
288 2.0799275e-47
288.25 2.07974375e-47
288.5 2.07956e-47
288.75 2.07935e-47
289 2.07920125e-47
289.25 2.07902625e-47
289.5 2.0788075e-47
289.75 2.0785975e-47
290 2.0784575e-47
290.25 2.0782825e-47
290.5 2.0781075e-47
290.75 2.07795e-47
291 2.07774875e-47
291.25 2.0776e-47
291.5 2.07743375e-47
291.75 2.07727625e-47
292 2.0770925e-47
292.25 2.076935e-47
292.5 2.0767425e-47
292.75 2.076585e-47
293 2.0764625e-47
293.25 2.07631375e-47
293.5 2.0762e-47
293.75 2.0760075e-47
294 2.07582375e-47
294.25 2.07571875e-47
294.5 2.0755175e-47
294.75 2.07533375e-47
295 2.07521125e-47
295.25 2.07503625e-47
295.5 2.07487875e-47
295.75 2.074765e-47
296 2.07465125e-47
296.25 2.07461625e-47
296.5 2.07456375e-47
296.75 2.074555e-47
297 2.0744325e-47
297.25 2.07442375e-47
297.5 2.0744325e-47
297.75 2.07449375e-47
298 2.07451125e-47
298.25 2.07458125e-47
298.5 2.07472125e-47
298.75 2.07475625e-47
299 2.07487e-47
299.25 2.07501875e-47
299.5 2.07515875e-47
299.75 2.0754475e-47
300 2.075815e-47
300.25 2.076095e-47
300.5 2.07647125e-47
300.75 2.07692625e-47
301 2.077425e-47
301.25 2.0782825e-47
301.5 2.079105e-47
301.75 2.0802425e-47
302 2.08147625e-47
302.25 2.08285e-47
302.5 2.084775e-47
302.75 2.08719e-47
303 2.09019125e-47
303.25 2.0942425e-47
303.5 2.09923e-47
303.75 2.10622125e-47
304 2.115785e-47
304.25 2.12862125e-47
304.5 2.14795e-47
304.75 2.17923125e-47
305 2.23565125e-47
305.25 2.3517725e-47
305.5 2.6210275e-47
305.75 3.455865e-47
306 8.472423749999999e-47
306.25 2.033115e-45
306.5 7.24686375e-47
306.75 3.32346e-47
307 2.58467125e-47
307.25 2.33435125e-47
307.5 2.226805e-47
307.75 2.17406875e-47
308 2.14466e-47
308.25 2.12576875e-47
308.5 2.11337875e-47
308.75 2.1042e-47
309 2.09762875e-47
309.25 2.09246625e-47
309.5 2.0885025e-47
309.75 2.08558875e-47
310 2.08320875e-47
310.25 2.08137125e-47
310.5 2.080015e-47
310.75 2.07904375e-47
311 2.07830875e-47
311.25 2.07774875e-47
311.5 2.0777225e-47
311.75 2.07781875e-47
312 2.07802e-47
312.25 2.07836125e-47
312.5 2.0788075e-47
312.75 2.07956875e-47
313 2.08068e-47
313.25 2.0818875e-47
313.5 2.08371625e-47
313.75 2.087155e-47
314 2.09437375e-47
314.25 2.1179375e-47
314.5 2.2817025e-47
314.75 6.92400625e-47
315 5.74970375e-45
315.25 2.9127175e-46
315.5 2.90325e-47
315.75 2.14762625e-47
316 2.10081375e-47
316.25 2.08812625e-47
316.5 2.0827275e-47
316.75 2.08016375e-47
317 2.0784575e-47
317.25 2.076585e-47
317.5 2.07519375e-47
317.75 2.07400375e-47
318 2.07302375e-47
318.25 2.07179875e-47
318.5 2.070915e-47
318.75 2.07008375e-47
319 2.06947125e-47
319.25 2.068885e-47
319.5 2.068465e-47
319.75 2.068045e-47
320 2.06766e-47
320.25 2.067415e-47
320.5 2.06716125e-47
320.75 2.06700375e-47
321 2.0668025e-47
321.25 2.0666975e-47
321.5 2.06653125e-47
321.75 2.0664525e-47
322 2.06635625e-47
322.25 2.0662775e-47
322.5 2.06621625e-47
322.75 2.06614625e-47
323 2.0661375e-47
323.25 2.06612875e-47
323.5 2.06611125e-47
323.75 2.06619e-47
324 2.06619e-47
324.25 2.06612875e-47
324.5 2.06607625e-47
324.75 2.06607625e-47
325 2.06609375e-47
325.25 2.06619e-47
325.5 2.06618125e-47
325.75 2.0662075e-47
326 2.06621625e-47
326.25 2.06625125e-47
326.5 2.06630375e-47
326.75 2.0664e-47
327 2.06642625e-47
327.25 2.06644375e-47
327.5 2.06654875e-47
327.75 2.06663625e-47
328 2.06667125e-47
328.25 2.06675875e-47
328.5 2.066785e-47
328.75 2.06686375e-47
329 2.066925e-47
329.25 2.0670125e-47
329.5 2.0671e-47
329.75 2.06716125e-47
330 2.0671875e-47
330.25 2.067275e-47
330.5 2.067345e-47
330.75 2.0673975e-47
331 2.06751125e-47
331.25 2.06766e-47
331.5 2.06766875e-47
331.75 2.06777375e-47
332 2.06784375e-47
332.25 2.0678875e-47
332.5 2.0679925e-47
332.75 2.0680625e-47
333 2.06815e-47
333.25 2.068255e-47
333.5 2.0683775e-47
333.75 2.06850875e-47
334 2.0686575e-47
334.25 2.06878875e-47
334.5 2.06887625e-47
334.75 2.06896375e-47
335 2.06913e-47
335.25 2.06926125e-47
335.5 2.06940125e-47
335.75 2.069585e-47
336 2.0697075e-47
336.25 2.0698475e-47
336.5 2.06994375e-47
336.75 2.0700925e-47
337 2.07027625e-47
337.25 2.07048625e-47
337.5 2.07064375e-47
337.75 2.070845e-47
338 2.07099375e-47
338.25 2.07116875e-47
338.5 2.0713175e-47
338.75 2.07148375e-47
339 2.071685e-47
339.25 2.0718425e-47
339.5 2.07207e-47
339.75 2.07223625e-47
340 2.07239375e-47
340.25 2.07255125e-47
340.5 2.07267375e-47
340.75 2.0728925e-47
341 2.07305875e-47
341.25 2.07319e-47
341.5 2.07342625e-47
341.75 2.07368e-47
342 2.07395125e-47
342.25 2.0741525e-47
342.5 2.074345e-47
342.75 2.0745375e-47
343 2.07479125e-47
343.25 2.0750975e-47
343.5 2.07531625e-47
343.75 2.07554375e-47
344 2.0757975e-47
344.25 2.07606875e-47
344.5 2.07634875e-47
344.75 2.07657625e-47
345 2.076725e-47
345.25 2.07694375e-47
345.5 2.0772325e-47
345.75 2.07739875e-47
346 2.077635e-47
346.25 2.07790625e-47
346.5 2.078195e-47
346.75 2.07844e-47
347 2.0787025e-47
347.25 2.07893875e-47
347.5 2.079245e-47
347.75 2.07949e-47
348 2.079735e-47
348.25 2.08002375e-47
348.5 2.08026e-47
348.75 2.08054e-47
349 2.08082875e-47
349.25 2.08103875e-47
349.5 2.08128375e-47
349.75 2.081555e-47
350 2.0818175e-47
350.25 2.08208875e-47
350.5 2.08235125e-47
350.75 2.08257875e-47
351 2.08291125e-47
351.25 2.083165e-47
351.5 2.083515e-47
351.75 2.08373375e-47
352 2.08406625e-47
352.25 2.08434625e-47
352.5 2.0846175e-47
352.75 2.08490625e-47
353 2.08513375e-47
353.25 2.08539625e-47
353.5 2.08571125e-47
353.75 2.0859825e-47
354 2.086315e-47
354.25 2.08665625e-47
354.5 2.08702375e-47
354.75 2.087365e-47
355 2.087715e-47
355.25 2.0881e-47
355.5 2.08847625e-47
355.75 2.08882625e-47
356 2.0892025e-47
356.25 2.0895525e-47
356.5 2.08996375e-47
356.75 2.090375e-47
357 2.09075125e-47
357.25 2.0911275e-47
357.5 2.09143375e-47
357.75 2.09183625e-47
358 2.09216e-47
358.25 2.09251e-47
358.5 2.09295625e-47
358.75 2.09339375e-47
359 2.09372625e-47
359.25 2.09411125e-47
359.5 2.0945225e-47
359.75 2.0949775e-47
360 2.09545875e-47
360.25 2.095905e-47
360.5 2.09635125e-47
360.75 2.09671875e-47
361 2.0971475e-47
361.25 2.09750625e-47
361.5 2.09790875e-47
361.75 2.098355e-47
362 2.09881e-47
362.25 2.0991775e-47
362.5 2.09958875e-47
362.75 2.100035e-47
363 2.1005075e-47
363.25 2.10091e-47
363.5 2.10135625e-47
363.75 2.10181125e-47
364 2.10219625e-47
364.25 2.1026425e-47
364.5 2.1031675e-47
364.75 2.10357875e-47
365 2.1041125e-47
365.25 2.10455e-47
365.5 2.10504e-47
365.75 2.10553e-47
366 2.10590625e-47
366.25 2.10637e-47
366.5 2.1068775e-47
366.75 2.1073325e-47
367 2.10777e-47
367.25 2.10833875e-47
367.5 2.10888125e-47
367.75 2.109415e-47
368 2.10993125e-47
368.25 2.110465e-47
368.5 2.111025e-47
368.75 2.11155e-47
369 2.1120575e-47
369.25 2.11259125e-47
369.5 2.1131075e-47
369.75 2.11364125e-47
370 2.11418375e-47
370.25 2.1147525e-47
370.5 2.11535625e-47
370.75 2.11591625e-47
371 2.116485e-47
371.25 2.1170625e-47
371.5 2.1176925e-47
371.75 2.118305e-47
372 2.11896125e-47
372.25 2.11952125e-47
372.5 2.12001125e-47
372.75 2.120545e-47
373 2.1211225e-47
373.25 2.1217175e-47
373.5 2.122365e-47
373.75 2.12296875e-47
374 2.12352875e-47
374.25 2.12415e-47
374.5 2.1246925e-47
374.75 2.12534875e-47
375 2.126005e-47
375.25 2.126635e-47
375.5 2.1273e-47
375.75 2.12793875e-47
376 2.12860375e-47
376.25 2.12912875e-47
376.5 2.12967125e-47
376.75 2.13033625e-47
377 2.1310625e-47
377.25 2.13175375e-47
377.5 2.13240125e-47
377.75 2.1330575e-47
378 2.13374875e-47
378.25 2.13439625e-47
378.5 2.13511375e-47
378.75 2.1358575e-47
379 2.13661e-47
379.25 2.13731e-47
379.5 2.13794e-47
379.75 2.13859625e-47
380 2.13926125e-47
380.25 2.13996125e-47
380.5 2.14071375e-47
380.75 2.1414575e-47
381 2.1421925e-47
381.25 2.143015e-47
381.5 2.14368875e-47
381.75 2.14438875e-47
382 2.14508e-47
382.25 2.1458325e-47
382.5 2.14662e-47
382.75 2.14741625e-47
383 2.14813375e-47
383.25 2.14886e-47
383.5 2.14962125e-47
383.75 2.15037375e-47
384 2.151135e-47
384.25 2.15194e-47
384.5 2.15271875e-47
384.75 2.15359375e-47
385 2.1544075e-47
385.25 2.15513375e-47
385.5 2.15593e-47
385.75 2.156735e-47
386 2.1575225e-47
386.25 2.15835375e-47
386.5 2.15915e-47
386.75 2.15999875e-47
387 2.160865e-47
387.25 2.16169625e-47
387.5 2.16258e-47
387.75 2.16339375e-47
388 2.16426875e-47
388.25 2.1651175e-47
388.5 2.16601875e-47
388.75 2.16689375e-47
389 2.16773375e-47
389.25 2.1685475e-47
389.5 2.16943125e-47
389.75 2.17028875e-47
390 2.17121625e-47
390.25 2.17210875e-47
390.5 2.172975e-47
390.75 2.17391125e-47
391 2.17485625e-47
391.25 2.17576625e-47
391.5 2.1766325e-47
391.75 2.17751625e-47
392 2.17846125e-47
392.25 2.17947625e-47
392.5 2.18038625e-47
392.75 2.18124375e-47
393 2.1821975e-47
393.25 2.18315125e-47
393.5 2.18407e-47
393.75 2.18504125e-47
394 2.186135e-47
394.25 2.1871325e-47
394.5 2.18813875e-47
394.75 2.1891275e-47
395 2.19004625e-47
395.25 2.19111375e-47
395.5 2.19212875e-47
395.75 2.19316125e-47
396 2.19422e-47
396.25 2.19527875e-47
396.5 2.19634625e-47
396.75 2.19737875e-47
397 2.19841125e-47
397.25 2.19949625e-47
397.5 2.20052e-47
397.75 2.20161375e-47
398 2.20278625e-47
398.25 2.20378375e-47
398.5 2.20479e-47
398.75 2.20593625e-47
399 2.207135e-47
399.25 2.20822e-47
399.5 2.209375e-47
399.75 2.2104775e-47
400 2.21160625e-47
400.25 2.21277e-47
400.5 2.21395125e-47
400.75 2.2149925e-47
401 2.21617375e-47
401.25 2.21727625e-47
401.5 2.21837875e-47
401.75 2.21962125e-47
402 2.22081125e-47
402.25 2.22203625e-47
402.5 2.2232175e-47
402.75 2.22443375e-47
403 2.225685e-47
403.25 2.22691e-47
403.5 2.22805625e-47
403.75 2.22926375e-47
404 2.2304625e-47
404.25 2.23167e-47
404.5 2.23292125e-47
404.75 2.234155e-47
405 2.23538875e-47
405.25 2.2366225e-47
405.5 2.23783875e-47
405.75 2.23909e-47
406 2.240385e-47
406.25 2.24163625e-47
406.5 2.2428875e-47
406.75 2.244165e-47
407 2.2454425e-47
407.25 2.246755e-47
407.5 2.2480675e-47
407.75 2.24931875e-47
408 2.25056125e-47
408.25 2.25183875e-47
408.5 2.253195e-47
408.75 2.25449875e-47
409 2.2558025e-47
409.25 2.2571675e-47
409.5 2.25850625e-47
409.75 2.259845e-47
410 2.26125375e-47
410.25 2.262645e-47
410.5 2.26394e-47
410.75 2.26527e-47
411 2.26662625e-47
411.25 2.26804375e-47
411.5 2.269365e-47
411.75 2.2707825e-47
412 2.27219125e-47
412.25 2.27359125e-47
412.5 2.27509625e-47
412.75 2.27654e-47
413 2.27801e-47
413.25 2.27941875e-47
413.5 2.2808625e-47
413.75 2.28232375e-47
414 2.28384625e-47
414.25 2.2853425e-47
414.5 2.28685625e-47
414.75 2.28825625e-47
415 2.2898225e-47
415.25 2.29131e-47
415.5 2.29285e-47
415.75 2.29441625e-47
416 2.29592125e-47
416.25 2.297505e-47
416.5 2.29894875e-47
416.75 2.30048e-47
417 2.302055e-47
417.25 2.30365625e-47
417.5 2.30528375e-47
417.75 2.3068675e-47
418 2.30848625e-47
418.25 2.31002625e-47
418.5 2.31161e-47
418.75 2.31319375e-47
419 2.31475125e-47
419.25 2.31636125e-47
419.5 2.3179275e-47
419.75 2.3195725e-47
420 2.3211825e-47
420.25 2.3227925e-47
420.5 2.32453375e-47
420.75 2.32619625e-47
421 2.3278675e-47
421.25 2.32953e-47
421.5 2.33113125e-47
421.75 2.33277625e-47
422 2.33447375e-47
422.25 2.33615375e-47
422.5 2.33790375e-47
422.75 2.3396275e-47
423 2.34133375e-47
423.25 2.343075e-47
423.5 2.3448425e-47
423.75 2.3465575e-47
424 2.34828125e-47
424.25 2.3499525e-47
424.5 2.351685e-47
424.75 2.35339125e-47
425 2.35517625e-47
425.25 2.3568825e-47
425.5 2.3587025e-47
425.75 2.3604525e-47
426 2.36228125e-47
426.25 2.36411e-47
426.5 2.36597375e-47
426.75 2.3678725e-47
427 2.36980625e-47
427.25 2.37160875e-47
427.5 2.37349e-47
427.75 2.37537125e-47
428 2.37731375e-47
428.25 2.3792475e-47
428.5 2.38126e-47
428.75 2.3831325e-47
429 2.3851625e-47
429.25 2.38718375e-47
429.5 2.389065e-47
429.75 2.3910075e-47
430 2.39295e-47
430.25 2.3949275e-47
430.5 2.3968e-47
430.75 2.3988125e-47
431 2.40076375e-47
431.25 2.4028025e-47
431.5 2.404745e-47
431.75 2.4067575e-47
432 2.40874375e-47
432.25 2.4107825e-47
432.5 2.4127775e-47
432.75 2.41483375e-47
433 2.4169425e-47
433.25 2.41896375e-47
433.5 2.42109e-47
433.75 2.4232075e-47
434 2.42531625e-47
434.25 2.42738125e-47
434.5 2.42953375e-47
434.75 2.43168625e-47
435 2.43382125e-47
435.25 2.436e-47
435.5 2.4381e-47
435.75 2.440235e-47
436 2.44237e-47
436.25 2.44461e-47
436.5 2.4469025e-47
436.75 2.44923e-47
437 2.45144375e-47
437.25 2.45371875e-47
437.5 2.455915e-47
437.75 2.45819875e-47
438 2.46052625e-47
438.25 2.462775e-47
438.5 2.465015e-47
438.75 2.4671325e-47
439 2.46941625e-47
439.25 2.4717875e-47
439.5 2.4741675e-47
439.75 2.47646e-47
440 2.478735e-47
440.25 2.48105375e-47
440.5 2.48329375e-47
440.75 2.485665e-47
441 2.48801e-47
441.25 2.4903375e-47
441.5 2.4927e-47
441.75 2.495045e-47
442 2.49736375e-47
442.25 2.4997875e-47
442.5 2.50226375e-47
442.75 2.50483625e-47
443 2.50732125e-47
443.25 2.50984125e-47
443.5 2.51244875e-47
443.75 2.514925e-47
444 2.51748e-47
444.25 2.51992125e-47
444.5 2.52240625e-47
444.75 2.5249525e-47
445 2.52748125e-47
445.25 2.53001875e-47
445.5 2.53267875e-47
445.75 2.53526e-47
446 2.5378325e-47
446.25 2.54032625e-47
446.5 2.54296e-47
446.75 2.5454975e-47
447 2.54820125e-47
447.25 2.550765e-47
447.5 2.5533725e-47
447.75 2.55583125e-47
448 2.55843e-47
448.25 2.5610725e-47
448.5 2.56384625e-47
448.75 2.566445e-47
449 2.5690875e-47
449.25 2.5718875e-47
449.5 2.5746e-47
449.75 2.5774e-47
450 2.58012125e-47
450.25 2.5828075e-47
450.5 2.5855025e-47
450.75 2.58827625e-47
451 2.59107625e-47
451.25 2.59380625e-47
451.5 2.59648375e-47
451.75 2.59928375e-47
452 2.60206625e-47
452.25 2.60491e-47
452.5 2.607675e-47
452.75 2.6105275e-47
453 2.61342375e-47
453.25 2.61632875e-47
453.5 2.61919875e-47
453.75 2.62198125e-47
454 2.624895e-47
454.25 2.62782625e-47
454.5 2.63080125e-47
454.75 2.63372375e-47
455 2.63666375e-47
455.25 2.63963e-47
455.5 2.642605e-47
455.75 2.6455625e-47
456 2.64854625e-47
456.25 2.65160875e-47
456.5 2.65468e-47
456.75 2.65775125e-47
457 2.6607875e-47
457.25 2.66382375e-47
457.5 2.667035e-47
457.75 2.6700975e-47
458 2.67309e-47
458.25 2.67617e-47
458.5 2.67925875e-47
458.75 2.68228625e-47
459 2.6853575e-47
459.25 2.68853375e-47
459.5 2.69168375e-47
459.75 2.6950525e-47
460 2.69817625e-47
460.25 2.70150125e-47
460.5 2.7047125e-47
460.75 2.707915e-47
461 2.71110875e-47
461.25 2.7143725e-47
461.5 2.7176275e-47
461.75 2.72089125e-47
462 2.7242425e-47
462.25 2.7275675e-47
462.5 2.73079625e-47
462.75 2.73413875e-47
463 2.73763875e-47
463.25 2.7409725e-47
463.5 2.74430625e-47
463.75 2.747605e-47
464 2.7510525e-47
464.25 2.75436875e-47
464.5 2.75764125e-47
464.75 2.7610275e-47
465 2.76436125e-47
465.25 2.7678175e-47
465.5 2.77129125e-47
465.75 2.7747825e-47
466 2.778195e-47
466.25 2.78168625e-47
466.5 2.7853175e-47
466.75 2.7888875e-47
467 2.79229125e-47
467.25 2.79580875e-47
467.5 2.7994575e-47
467.75 2.8030275e-47
468 2.80665875e-47
468.25 2.8103075e-47
468.5 2.81390375e-47
468.75 2.817395e-47
469 2.82107875e-47
469.25 2.8247275e-47
469.5 2.8284725e-47
469.75 2.8321125e-47
470 2.83562125e-47
470.25 2.83945375e-47
470.5 2.84326875e-47
470.75 2.84696125e-47
471 2.850785e-47
471.25 2.85467875e-47
471.5 2.85849375e-47
471.75 2.86248375e-47
472 2.86635125e-47
472.25 2.87014e-47
472.5 2.87410375e-47
472.75 2.878015e-47
473 2.88196125e-47
473.25 2.88591625e-47
473.5 2.88995e-47
473.75 2.89394875e-47
474 2.898035e-47
474.25 2.9020775e-47
474.5 2.906225e-47
474.75 2.91039e-47
475 2.9144675e-47
475.25 2.9187375e-47
475.5 2.9227625e-47
475.75 2.92691e-47
476 2.93111875e-47
476.25 2.935275e-47
476.5 2.9394925e-47
476.75 2.94382375e-47
477 2.9481375e-47
477.25 2.95245125e-47
477.5 2.95661625e-47
477.75 2.9610525e-47
478 2.96543625e-47
478.25 2.96968875e-47
478.5 2.97409875e-47
478.75 2.97838625e-47
479 2.98263875e-47
479.25 2.9869175e-47
479.5 2.991345e-47
479.75 2.995755e-47
480 3.00024375e-47
480.25 3.00463625e-47
480.5 3.0091425e-47
480.75 3.013605e-47
481 3.0182425e-47
481.25 3.0227225e-47
481.5 3.02715e-47
481.75 3.03158625e-47
482 3.03618875e-47
482.25 3.04087875e-47
482.5 3.045525e-47
482.75 3.05004e-47
483 3.05456375e-47
483.25 3.0590525e-47
483.5 3.06380375e-47
483.75 3.06845e-47
484 3.07313125e-47
484.25 3.07792625e-47
484.5 3.08272125e-47
484.75 3.0874725e-47
485 3.0923025e-47
485.25 3.09719375e-47
485.5 3.10214625e-47
485.75 3.10718625e-47
486 3.112095e-47
486.25 3.11700375e-47
486.5 3.1220525e-47
486.75 3.12703125e-47
487 3.13198375e-47
487.25 3.13719e-47
487.5 3.14204625e-47
487.75 3.14694625e-47
488 3.15188125e-47
488.25 3.157175e-47
488.5 3.1618475e-47
488.75 3.16584625e-47
489 3.16847125e-47
489.25 3.1702825e-47
489.5 3.17013375e-47
489.75 3.167885e-47
490 3.163265e-47
490.25 3.15581e-47
490.5 3.1447675e-47
490.75 3.130645e-47
491 3.1137225e-47
491.25 3.09287125e-47
491.5 3.06761e-47
491.75 3.03723875e-47
492 3.00353375e-47
492.25 2.9647975e-47
492.5 2.92088125e-47
492.75 2.8739025e-47
493 2.82405375e-47
493.25 2.77237625e-47
493.5 2.72152125e-47
493.75 2.66900375e-47
494 2.61636375e-47
494.25 2.56207875e-47
494.5 2.5083275e-47
494.75 2.45462e-47
495 2.40188375e-47
495.25 2.35228e-47
495.5 2.30608875e-47
495.75 2.26193625e-47
496 2.2201375e-47
496.25 2.1813575e-47
496.5 2.14577125e-47
496.75 2.1142625e-47
497 2.086385e-47
497.25 2.0623225e-47
497.5 2.04215375e-47
497.75 2.0265525e-47
498 2.016665e-47
498.25 2.01266625e-47
498.5 2.01417125e-47
498.75 2.02167875e-47
499 2.03695625e-47
499.25 2.05954e-47
499.5 2.08831e-47
499.75 2.1256025e-47
500 2.17056e-47
500.25 2.22492375e-47
500.5 2.28991e-47
500.75 2.3655625e-47
501 2.452415e-47
501.25 2.5499075e-47
501.5 2.66055125e-47
501.75 2.783935e-47
502 2.9220275e-47
502.25 3.07479375e-47
502.5 3.24520875e-47
502.75 3.43872375e-47
503 3.66342375e-47
503.25 3.9209625e-47
503.5 4.2362425e-47
503.75 4.696265e-47
504 5.762916249999999e-47
504.25 1.69301125e-46
504.5 2.6545225e-46
504.75 7.00763875e-47
505 6.450228750000001e-47
505.25 6.65049875e-47
505.5 7.0455875e-47
505.75 7.543305e-47
506 8.13591625e-47
506.25 8.8258625e-47
506.5 9.6348e-47
506.75 1.060185e-46
507 1.18111875e-46
507.25 1.33713125e-46
507.5 1.55295e-46
507.75 1.87679625e-46
508 2.411395e-46
508.25 3.432415e-46
508.5 5.80335e-46
508.75 1.36560375e-45
509 8.26681625e-45
509.25 2.19191e-44
509.5 1.8413675e-45
509.75 6.9989675e-46
510 4.1134625e-46
510.25 2.8560525e-44
510.5 2.3760625e-46
510.75 2.0268675e-46
511 1.82590625e-46
511.25 1.6956275e-46
511.5 1.6023e-46
511.75 1.5270675e-46
512 1
