domain units: Hz
measurement data type: std::complex<double>
segment length (sec): 4
sampling rate (Hz): 1024
domain bounds (Hz): [0, 512.25)
support bounds (Hz): [20, 512)support indexes: [80, 2048)
---------------
domainValue measuredValue
0 (0,0)
0.25 (0,0)
0.5 (0,0)
0.75 (0,0)
1 (0,0)
1.25 (0,0)
1.5 (0,0)
1.75 (0,0)
2 (0,0)
2.25 (0,0)
2.5 (0,0)
2.75 (0,0)
3 (0,0)
3.25 (0,0)
3.5 (0,0)
3.75 (0,0)
4 (0,0)
4.25 (0,0)
4.5 (0,0)
4.75 (0,0)
5 (0,0)
5.25 (0,0)
5.5 (0,0)
5.75 (0,0)
6 (0,0)
6.25 (0,0)
6.5 (0,0)
6.75 (0,0)
7 (0,0)
7.25 (0,0)
7.5 (0,0)
7.75 (0,0)
8 (0,0)
8.25 (0,0)
8.5 (0,0)
8.75 (0,0)
9 (0,0)
9.25 (0,0)
9.5 (0,0)
9.75 (0,0)
10 (0,0)
10.25 (0,0)
10.5 (0,0)
10.75 (0,0)
11 (0,0)
11.25 (0,0)
11.5 (0,0)
11.75 (0,0)
12 (0,0)
12.25 (0,0)
12.5 (0,0)
12.75 (0,0)
13 (0,0)
13.25 (0,0)
13.5 (0,0)
13.75 (0,0)
14 (0,0)
14.25 (0,0)
14.5 (0,0)
14.75 (0,0)
15 (0,0)
15.25 (0,0)
15.5 (0,0)
15.75 (0,0)
16 (0,0)
16.25 (0,0)
16.5 (0,0)
16.75 (0,0)
17 (0,0)
17.25 (0,0)
17.5 (0,0)
17.75 (0,0)
18 (0,0)
18.25 (0,0)
18.5 (0,0)
18.75 (0,0)
19 (0,0)
19.25 (0,0)
19.5 (0,0)
19.75 (0,0)
20 (1.594210403012616,-0.4400499282524594)
20.25 (0.3039654056625999,0.4536860901767337)
20.5 (1.574773493465352,0.5912745908686718)
20.75 (-0.9984755133113741,0.4575075752224373)
21 (-2.022483413682,-0.02375528809728927)
21.25 (3.181493190231102,-0.5029849196338031)
21.5 (-1.649809033370183,-0.187542230692557)
21.75 (-1.39781286581136,-0.2806962474071633)
22 (-0.6205146004926909,-0.5264261110563817)
22.25 (0.8423455888061175,1.546747295841188)
22.5 (-0.2316021221185142,-0.2092621098230118)
22.75 (-1.855474084186593,-1.604953703078089)
23 (0.0555784426354111,-0.7398074019841009)
23.25 (1.355519016319556,-0.040245944364241)
23.5 (-0.7938994624416287,0.009457373951299837)
23.75 (1.236622273194438,1.173207273278358)
24 (1.332224714544263,0.7444677912622989)
24.25 (-0.2045709576110592,-1.378931005125786)
24.5 (0.03283721682104283,-0.3063175406408014)
24.75 (0.06352905836253593,1.962662578462832)
25 (0.5292871482302992,0.3273716130538927)
25.25 (-0.4665982397883477,0.4964846389687591)
25.5 (0.1519338786741354,-0.08047540066378321)
25.75 (-1.708863394023318,-0.2186628745206625)
26 (-0.5921929140288763,0.4079909221825396)
26.25 (1.235470624597089,-0.4610373790329374)
26.5 (0.08047659936835257,1.078814508762251)
26.75 (0.3104910153868187,-1.480508089388751)
27 (0.06275558081890381,0.1813538303830104)
27.25 (0.2765296122097842,0.8500228928093458)
27.5 (-0.7996893049741325,-1.117226529761673)
27.75 (0.3769819496058396,1.108860841700037)
28 (1.088444735922631,-0.5381803105676982)
28.25 (-1.042288026455809,-0.09531011592849818)
28.5 (0.7091557364699381,-2.333176193640611)
28.75 (-1.391637117735445,-0.4654387278753724)
29 (1.106257977395418,-0.3943260295880845)
29.25 (-1.520175458835439,1.330485946366021)
29.5 (0.8955731232652844,-1.663836610395663)
29.75 (-0.8691703027092109,2.186034666081471)
30 (0.5861178947901355,-0.04016804630173678)
30.25 (-0.6406616540200538,0.591967338329331)
30.5 (-0.5007850168899092,1.002002267878956)
30.75 (0.4476409208133498,0.008485962383556747)
31 (1.053146204391839,0.8400225892416776)
31.25 (1.52247662653999,-1.608629575387411)
31.5 (-1.210223507370721,2.703558244032963)
31.75 (1.072881076315731,-3.210251364463529)
32 (-0.5725939446343382,0.07794943045813853)
32.25 (-0.9978539952613247,1.866942347980109)
32.5 (-0.1872106606758718,1.139058605706746)
32.75 (-0.6481256006776319,-2.416672555996722)
33 (-0.7849307040938037,-1.130652360370244)
33.25 (2.021673192486577,-0.4513544592646491)
33.5 (-1.083944054857624,1.311224655404103)
33.75 (1.48533329645271,-0.2046668172228382)
34 (-0.9784884265040745,-0.7282008404920347)
34.25 (0.597409682244524,0.1810103612300599)
34.5 (-2.041944707129382,0.4882095422065473)
34.75 (2.237132741350378,0.4232419514919927)
35 (0.1542677347516089,-1.815761568572545)
35.25 (-1.356604236843167,1.312757187731277)
35.5 (0.3424442870292475,0.5544492900377165)
35.75 (0.06835017348609908,0.8041457654534647)
36 (-0.1626871318450136,0.4431946289095847)
36.25 (0.5261735748529511,0.5086302954422188)
36.5 (0.2228329579971907,-2.131689627994814)
36.75 (-0.1079462767283219,0.6617832937619883)
37 (1.066575804646839,-1.174194835915744)
37.25 (-2.074764926344355,-0.3920291132969809)
37.5 (2.735996342605898,-0.9229799756894057)
37.75 (-1.636434755317057,3.237962310588554)
38 (-0.1694779123974279,0.1845803245685356)
38.25 (-0.8611992759292924,-0.5791306896164874)
38.5 (0.9423172936780312,-1.090779567077046)
38.75 (-2.162966480601288,-0.05240671961857357)
39 (1.99235724938546,-0.3138133011823072)
39.25 (-1.119203471226265,0.05007994255635095)
39.5 (1.733172794774021,0.5636450867077966)
39.75 (-1.923324222177009,-0.54609830505464)
40 (2.333050372575717,1.142329123093865)
40.25 (-0.9435873676996099,-1.564922455776966)
40.5 (2.586077337845503,0.08142641221015889)
40.75 (-2.771145260364118,-1.423412544224845)
41 (0.8976427884846485,1.456305414249585)
41.25 (-3.540273365081523,-0.627365142259086)
41.5 (2.962169424178378,3.640467535020457)
41.75 (-2.251037558096818,-0.9438554945518084)
42 (4.003459663206826,1.157705669806723)
42.25 (-2.190728182047332,-2.844555729063412)
42.5 (0.05892756682198712,1.288328348958537)
42.75 (-0.8890521189886235,-2.706027239070033)
43 (0.9123757436673535,2.323875997283474)
43.25 (-1.185846152754161,-2.07143140021457)
43.5 (2.180368287864851,1.288484530399242)
43.75 (-0.5026832282131357,-1.964524702372727)
44 (0.03413752374756619,3.770889038631369)
44.25 (0.2944332136391158,-2.293169681493024)
44.5 (0.7696661234053124,1.843954376305018)
44.75 (-1.273025621186978,-2.032525780283946)
45 (-0.2581957758554444,1.478472294467228)
45.25 (0.1152381355174545,-1.218713103481681)
45.5 (-0.9954363537632339,1.866594691108751)
45.75 (0.1531929526564155,-3.417696680376795)
46 (-0.4621690736995602,3.307907993402172)
46.25 (1.012581938806024,-2.605066023275975)
46.5 (0.7548207247039305,2.581199148087731)
46.75 (0.1464309422135312,-2.488518112609304)
47 (-0.01192051523177558,2.17486637538039)
47.25 (0.3556173275587661,-0.3436582966963118)
47.5 (-2.545245697216827,0.03354364958185726)
47.75 (2.477157813284785,-3.829398298833177)
48 (-0.5429541901660779,3.781080041405978)
48.25 (0.8716204737623435,-1.785612724026833)
48.5 (-1.536318234267055,3.184108612158033)
48.75 (0.06739628850058206,-1.151847429543138)
49 (-0.5861873452280396,0.6550123890852646)
49.25 (1.518607865932994,-2.851457707064013)
49.5 (-1.272764020294202,1.259211056545001)
49.75 (0.737120901400073,-1.549507969710434)
50 (-2.234916591211504,3.074786785609422)
50.25 (1.563357787900043,-1.543268298477183)
50.5 (-1.515785327547732,2.236418584677695)
50.75 (0.7722824343216323,-1.532384512213318)
51 (-0.6367877126856266,0.4866047883701252)
51.25 (2.471355243005041,0.6891672533913947)
51.5 (0.7339853765234222,0.08794449116543269)
51.75 (2.774383611585735,-2.427937607181727)
52 (-3.758423574816901,1.527796483677632)
52.25 (0.4974196949967482,-1.905273074713332)
52.5 (-0.5977557376039861,-0.484228073368749)
52.75 (-0.6206183416239839,-0.06182057409424421)
53 (-0.1589736125366231,2.649323040596385)
53.25 (1.375489740359266,-1.106429170214855)
53.5 (-0.9403506492102434,0.6758627905585772)
53.75 (0.5374765544647742,-0.7815113832832413)
54 (-1.269706694260035,0.1640807568497905)
54.25 (1.242572039580911,0.5216428429708111)
54.5 (0.255420199458514,-0.06150454066780361)
54.75 (-0.1891985267789112,-1.137932864410822)
55 (-2.020826217793633,2.040463203268595)
55.25 (2.133153830564613,-0.0279462202201778)
55.5 (-1.627071315986976,0.5648664702284915)
55.75 (0.4531691369838432,-1.853095716500254)
56 (0.5602474126801686,-0.8723973259385653)
56.25 (-0.1839408756397491,0.6319053932026805)
56.5 (-2.039726243156705,0.82380578382658)
56.75 (2.117502438928666,-1.695807438156796)
57 (-0.7585823458799139,0.998355403763465)
57.25 (1.519983801917336,-0.09963720284751333)
57.5 (-2.529723137898313,-0.5590373154676066)
57.75 (2.18822764303044,0.6884140116280645)
58 (0.2145622631998895,0.8453900093769394)
58.25 (2.156905794890066,-1.481021781218884)
58.5 (-1.602869131506158,-0.644783992773404)
58.75 (0.9439554972051727,0.7814270209032048)
59 (-1.795638089657384,1.84655588068644)
59.25 (0.8998525320954801,-0.7375771928184074)
59.5 (-1.873218468670776,0.6769096004036671)
59.75 (0.6470349070664239,-0.8771060064655543)
60 (0.02675111282920338,1.008813667617)
60.25 (0.05610135999553592,-0.7204256782825638)
60.5 (-1.283030534968509,-0.07575029250162052)
60.75 (0.5367443369004599,-1.279559645631849)
61 (-0.9818803142930648,-0.3066299937455215)
61.25 (1.3612656560003,0.395704328511527)
61.5 (-0.7889654070058554,1.10626983129773)
61.75 (2.231641872381123,-1.06713048219352)
62 (-1.215621205761257,0.8362071525480961)
62.25 (0.8676854349331776,-0.2555402712143853)
62.5 (0.6458796865926816,-0.05532115987935166)
62.75 (-0.7616978496558557,-0.3430398574871809)
63 (-1.51699632675693,2.240444875515768)
63.25 (1.161056008377018,-1.496171599695632)
63.5 (-1.18856431253621,-0.006573852572257614)
63.75 (-0.4135253938927266,0.9928281531985932)
64 (-0.2402923391729694,-0.1137728709140324)
64.25 (2.849919365993182,-0.7530909921459231)
64.5 (-1.240960462349304,0.1070843071389004)
64.75 (1.195357770799949,-0.3000155240139388)
65 (-0.991706623238061,-0.3617304580029521)
65.25 (0.1504940785987577,0.3832394899277761)
65.5 (-0.694100124210744,-0.9330936267300051)
65.75 (0.776437150714214,0.5728153272330571)
66 (-1.42421504296275,0.7821929569822281)
66.25 (2.115714699562835,-0.8025471573226369)
66.5 (-1.176972097591269,-0.3604855849818899)
66.75 (0.5507851338103559,-0.131861250844986)
67 (-1.628307310052677,0.01147275363662428)
67.25 (1.973330086263633,-0.7293127122547934)
67.5 (-0.545696935619016,1.951016895973893)
67.75 (0.5024356238793692,-1.405688483491512)
68 (-1.401848020603952,-0.07089790110317419)
68.25 (1.392739891475911,-0.3939267052166795)
68.5 (-1.565467514790568,0.9455052192116716)
68.75 (1.39845703801223,-0.3625778324214706)
69 (-0.7419087654547297,0.6209713141430432)
69.25 (0.4425143885192775,0.2879306473231268)
69.5 (-1.942054452348198,-0.2435712784251969)
69.75 (1.072842479658112,0.07269728861722077)
70 (-1.205410362221462,1.484399420898167)
70.25 (1.418598568173555,-0.5418532721471998)
70.5 (-0.4229481771052668,-0.9101970474600257)
70.75 (0.1816609139308605,0.7704506972112014)
71 (-1.08387215920648,0.6828348893560764)
71.25 (2.532430941712229,-0.9800536374283447)
71.5 (0.1464340404580755,-1.380022976544756)
71.75 (0.1983338547941199,-0.9455822830325943)
72 (-1.090211358235461,1.539031893528937)
72.25 (-0.03997419491270997,0.995931215881475)
72.5 (-0.5807159187622214,1.112841287475669)
72.75 (0.3330668704974762,-1.732180603831234)
73 (-0.3536361427506566,-0.06794330520309073)
73.25 (1.870436404919847,-1.36749489821305)
73.5 (-1.073941833507066,0.4636546253403641)
73.75 (-0.8057062152822392,-0.4562795927842669)
74 (-0.219655290921716,-0.5752350611916114)
74.25 (-0.02132157033251109,1.396057703740038)
74.5 (0.5703506606227186,2.017254542660833)
74.75 (0.9213762236669557,-1.710776856155727)
75 (-1.406323507662524,0.4534424814738671)
75.25 (1.872676119422062,-0.1682808035259968)
75.5 (-0.3455355101071912,0.3445868256286828)
75.75 (-0.3715591757617049,0.2533445612508867)
76 (-0.1831903161365904,0.02955640555704515)
76.25 (1.152151578768669,-0.6708908282399837)
76.5 (-1.651915618869838,1.751302754816297)
76.75 (0.4417883709782636,-1.921669550713847)
77 (-1.069621072862737,-0.6217347096558237)
77.25 (0.02968537730754481,0.2701989059878425)
77.5 (1.629082860543677,2.02044607679875)
77.75 (0.2851048819980212,-1.691034231698041)
78 (-0.9282550432993254,-0.3228697291296706)
78.25 (-0.3928790125924917,-0.05678850086931078)
78.5 (-1.304127040518829,1.927840998694246)
78.75 (2.04848717422057,-1.605832794831461)
79 (-1.98360109254653,0.3939697486150715)
79.25 (0.7241762081914065,-2.446783466403803)
79.5 (1.177077749763028,0.4114491877832492)
79.75 (0.6235516549832124,-0.6321883687116751)
80 (-0.7315966262476298,2.029741873761401)
80.25 (1.367322082506077,-0.03892021613519184)
80.5 (-0.8090452091200462,1.788752726433627)
80.75 (-0.5738185328725974,0.9328021089293251)
81 (-0.9706511027480574,-0.5669537910624283)
81.25 (1.07526698526294,-1.336933713537544)
81.5 (0.03489541731352622,-0.490964510726527)
81.75 (-0.1264674677867877,0.5751782862862314)
82 (-2.022682045978311,-0.9728090061064729)
82.25 (1.624356164860492,-1.030010201860192)
82.5 (0.8439995562692006,1.339972793176921)
82.75 (-0.08992732857508118,0.1410777422255606)
83 (-0.1057692883170672,0.04902224656624182)
83.25 (-0.2323103796033451,-0.9857227841806511)
83.5 (-1.229309738791167,1.564301836473994)
83.75 (-0.6120435484887884,0.2371640763349055)
84 (0.3067086127861262,0.1117563236632525)
84.25 (0.04243987777527804,-1.643474343911024)
84.5 (0.7184884889103715,0.2892270451276379)
84.75 (0.8333986874358956,-0.64261985378645)
85 (-0.6426445331358082,1.117688313196559)
85.25 (-0.3608721628981383,-0.2208180274759636)
85.5 (0.8760742805153581,0.8661700336761933)
85.75 (-0.6434714722852231,-1.229479284990762)
86 (1.790910880456873,0.946884801938724)
86.25 (-0.1146190833166908,-0.6948132586401895)
86.5 (-1.483721381556785,2.173315735575191)
86.75 (1.041597244735275,-1.501441587459704)
87 (-0.4231897655266032,0.6421149051809002)
87.25 (-2.233693518858826,0.5903232915711707)
87.5 (-0.1633847129460353,0.3072172340368158)
87.75 (0.5657860871333231,-0.7179891633982189)
88 (0.8067121716647541,-0.02902633682851651)
88.25 (0.5762716197422764,-0.8521426474071768)
88.5 (-0.4221988115061222,-0.832368225831589)
88.75 (0.8255471342097633,-0.6545647292873406)
89 (1.48107095375587,0.7396670856570013)
89.25 (-0.5571701785185333,-0.628815981745718)
89.5 (-1.368380742102716,0.4337253383711131)
89.75 (-0.4472577040484507,-0.4204618319704578)
90 (-0.6349583395138316,1.064093853135929)
90.25 (-0.7183420101856612,0.1899127306317249)
90.5 (1.182730924247809,1.463545388618324)
90.75 (0.920966279622941,-2.432459669913934)
91 (-2.523997854956303,2.705309511460958)
91.25 (1.308264545396198,-0.9220813786413162)
91.5 (1.672768185016292,-1.982547870796922)
91.75 (0.5414379846569798,0.7698788809345825)
92 (-1.504546191912939,-0.0246575933375222)
92.25 (1.104327328915035,-0.7445941840547982)
92.5 (-1.282275741349337,1.106978877158182)
92.75 (0.4550851495625895,0.1466906942626476)
93 (1.199710030169533,0.4818275726534969)
93.25 (-1.883614955843582,-1.326554763119103)
93.5 (0.8667031818960351,-0.01023955895576374)
93.75 (-0.9236005036941117,-0.6555959072434628)
94 (-0.4795239447769279,0.9182159624379738)
94.25 (-0.06748083625778263,-1.356702742280212)
94.5 (0.6594984223535775,1.487509064893773)
94.75 (-0.9980442709304956,0.6051244357792704)
95 (1.868805504683626,1.831695702435567)
95.25 (0.3660362598517526,-0.5955255611112199)
95.5 (1.424029545365813,0.1652731411838909)
95.75 (-1.646364685644741,-1.741829346397318)
96 (0.3609907070232997,-0.5133956597379602)
96.25 (-0.7292589859315519,-0.8355793580580306)
96.5 (1.215574173302387,0.7024684523412854)
96.75 (-2.053109865986803,0.3618130733091182)
97 (0.5411148893101411,-1.053890860144412)
97.25 (-0.9436193861709368,0.02285390292095728)
97.5 (2.620793215816548,1.136933549671025)
97.75 (-1.914377363858296,0.05187742458589109)
98 (0.3000387800614004,0.1078623517031446)
98.25 (-1.153865271849767,0.6911168936338591)
98.5 (1.685138475071265,-0.4197185481121147)
98.75 (0.2281200746415954,1.02400646882008)
99 (-1.300095272689717,-0.1721012178936781)
99.25 (-0.04008282787281715,-1.215327490062269)
99.5 (0.2350117460689014,-1.415532656692237)
99.75 (1.00277149608137,0.9150006812313317)
100 (0.9734948921745362,0.07136408754970813)
100.25 (-0.4433789793144102,-0.341178210722609)
100.5 (-1.05417456448794,-0.8614729290463335)
100.75 (-1.445385225383411,0.5568280100638091)
101 (1.304505848548004,-0.8803200244987469)
101.25 (-2.23179549401486,1.391905449370355)
101.5 (1.944932796436035,0.5833567371710082)
101.75 (1.000850510101619,1.821963281769905)
102 (-1.342825452200455,0.06496974424831437)
102.25 (-0.4795501919668942,0.1668058345704046)
102.5 (0.9975449380848188,-1.174739376250251)
102.75 (1.139447103003703,-1.454702021444919)
103 (0.09803162126834611,0.9298578290029637)
103.25 (-1.660035622320699,0.6829009609560964)
103.5 (0.3594999351714107,-2.149001324018068)
103.75 (1.081795334900152,-0.625389230275768)
104 (-0.4887204022359434,0.6088314936676423)
104.25 (-2.006572295887829,2.915901145771595)
104.5 (0.311346129668147,-1.586952944495386)
104.75 (1.803083715816579,1.097658113573702)
105 (0.02633240958999454,-1.486243093531539)
105.25 (-0.8451696539373581,0.6541862574693109)
105.5 (0.5854816792223084,-0.9494137822080643)
105.75 (1.252619334862935,1.250020584230629)
106 (0.2835872546570207,-1.209439123040497)
106.25 (-0.1274363377022059,1.104616246954372)
106.5 (-1.838711376293805,-0.9674883023695938)
106.75 (0.7472287953768788,0.8480430351871759)
107 (-0.7415313310162442,-1.103456477343642)
107.25 (-0.7835206469268126,-0.0464163001633798)
107.5 (0.6406542558389658,-0.1095720548840873)
107.75 (-0.1616075849064815,0.4915907967487943)
108 (2.132837153374972,-0.07724790995623697)
108.25 (0.4817124139487408,0.8164315510156568)
108.5 (-2.345945811373594,0.9174388346873582)
108.75 (-2.21420680125109,0.003531564396931478)
109 (1.608533841400979,-0.731345882718223)
109.25 (-0.05947405499539071,0.3925935133936562)
109.5 (-0.056000366959595,-1.132530797307445)
109.75 (1.617777019519242,1.03616255074175)
110 (-0.009497149472818538,-0.178197466228817)
110.25 (-0.3039717263590503,0.010048027173812)
110.5 (0.3816432431408234,-3.389335973539604)
110.75 (-1.576459701618405,1.045343549492956)
111 (1.782542787262438,0.8890892162876953)
111.25 (-0.7377725154234911,0.4627261659286861)
111.5 (0.2867072869242137,-0.2833547069381822)
111.75 (0.1128845399472077,-0.2512213711159726)
112 (0.7319415625495904,-0.9609588912785361)
112.25 (1.049712577223263,2.52241003681595)
112.5 (-0.2726775904513299,-1.168957747488506)
112.75 (-1.217099259239884,-0.2412125573235286)
113 (-1.633233978994123,0.8678346092236977)
113.25 (-0.1369708734363394,-0.6537680375339505)
113.5 (-1.474731179153046,-0.2527640421218377)
113.75 (1.308942637419627,1.969930111928736)
114 (-0.5323184573865386,-1.174850709472796)
114.25 (-0.6928691882963918,0.4823260542366637)
114.5 (1.426758693776846,-0.5816454768650192)
114.75 (0.7249592162044025,1.946998889787284)
115 (1.093448034806491,-0.5396736174813481)
115.25 (1.690508805601926,0.2056329971705116)
115.5 (-0.7768521558207816,-2.331274376357676)
115.75 (-0.6034106440120245,1.734959866539334)
116 (-0.5433604196631511,-1.540323293168157)
116.25 (-0.2187727480999165,0.6526454433432368)
116.5 (-0.2883954341029455,-1.375261649241049)
116.75 (-0.1099508212101444,-0.2341097954358173)
117 (0.9277682092136349,0.69179854844556)
117.25 (0.6812346806791201,-0.5312049002721816)
117.5 (-1.468267641117675,0.4970893540456195)
117.75 (0.3295631031127223,-1.314787863362824)
118 (-1.454464342905835,0.7852704092442454)
118.25 (1.156112186670707,1.269456596789533)
118.5 (-2.068144987438484,0.3856719262699716)
118.75 (0.860076742380664,0.2954113492509482)
119 (1.387933802286145,-0.866049505001277)
119.25 (0.3367637162355701,3.191088191018248)
119.5 (-1.845551829995524,-0.2277187785512347)
119.75 (0.2013911620061749,-1.927189725737531)
120 (-0.3484941270134865,0.09709515835823969)
120.25 (1.449680405351903,-0.7032908791272734)
120.5 (-1.399331886656565,-1.807668549759214)
120.75 (2.604772640831376,2.003112465759672)
121 (-1.545343073106085,0.6419180403000151)
121.25 (-0.2622436524784248,-0.1252217030037363)
121.5 (0.2868585259455391,-0.9164849258695392)
121.75 (2.245780524699502,0.01887417142396281)
122 (-1.693970576815054,-0.4753204696241425)
122.25 (-0.4866650226053553,-0.3533342118678234)
122.5 (-0.6851681360744788,0.1018139153623114)
122.75 (1.284164766528433,0.3394726265190763)
123 (-0.1120629782172364,0.1797346432354995)
123.25 (-0.5223573810701947,-0.3215090991799902)
123.5 (-1.252733196719403,-0.5384436140655219)
123.75 (0.6402741528217922,0.2858724813577593)
124 (0.9211871265835314,-0.2532253787436842)
124.25 (-0.2648562175996715,0.6134364586226712)
124.5 (-1.203090976885826,-1.079434312531945)
124.75 (2.798313108497702,2.2185282155299)
125 (-1.586860080636293,1.101812582699137)
125.25 (0.1225533455005636,-0.2137767077653761)
125.5 (-0.145332117583187,-0.4905385467246023)
125.75 (0.1257409651129437,-1.285993185872716)
126 (-0.3213544374739387,0.4574561634057922)
126.25 (-0.5783690590313071,-2.836012764332527)
126.5 (0.6283120273151378,0.5023190451318992)
126.75 (1.184359468257701,1.326482718181798)
127 (-1.109427149096544,1.534926057677679)
127.25 (-0.5319812512150404,-0.4002794303739622)
127.5 (-1.602678954682623,2.108939323065127)
127.75 (1.385158340288703,-0.4926374462903652)
128 (1.506002653379651,-0.1925095479137063)
128.25 (1.009216622273809,-2.208962835255567)
128.5 (-0.6179703694929837,-0.03692857363521387)
128.75 (-0.2521737514078444,-0.6088803269088922)
129 (-1.717428041656556,0.8378730744192805)
129.25 (-1.183095238748405,0.8304828390017753)
129.5 (3.035228078807364,-0.4954447378935541)
129.75 (-1.99500826506752,-0.9147655225385936)
130 (0.9057306263389256,0.490439731421091)
130.25 (-1.353459549537589,-1.838345486500221)
130.5 (0.4402576845844065,1.765564355853321)
130.75 (0.1892935569071851,-0.6288704890281689)
131 (1.686126647456081,1.712969164700603)
131.25 (1.710299712238302,-0.1450527903681864)
131.5 (-1.324496306486509,0.2747915867454042)
131.75 (-0.5086264528928688,-1.873875575690748)
132 (0.6731562041807194,0.3555827324654086)
132.25 (-0.9505110466811062,0.01001730652695692)
132.5 (0.7146679673947502,1.04426827300121)
132.75 (-1.342666777038341,-0.4980980267251849)
133 (-1.42834646929399,-0.07670372790454234)
133.25 (1.643015228205826,-0.5430343228002268)
133.5 (-0.4593534552138845,1.071092356596606)
133.75 (-0.9943343431550404,-1.697578768921879)
134 (1.245072510126983,1.387529276763711)
134.25 (-0.316278345250316,-0.7772398528894018)
134.5 (1.764978311890867,0.7772740941894041)
134.75 (-0.922151746742742,-0.2640793086013776)
135 (0.9447136166356198,1.291660792656184)
135.25 (-0.8847438810583159,-0.0631605031141481)
135.5 (-1.107866007889173,-0.4223851188522653)
135.75 (0.1558592772143725,-2.322447112580097)
136 (2.244159208298008,1.153999119445404)
136.25 (-1.238097793160851,-0.8171494918613366)
136.5 (-0.4096856827707514,-0.1759560214646667)
136.75 (-0.7011521433302845,-0.1872638804558783)
137 (0.9357058193303112,0.826798362664775)
137.25 (-0.1865016113562319,-0.1577805363405245)
137.5 (0.9379500749508851,1.529814564362028)
137.75 (-2.519143602332699,-0.2784383483759869)
138 (2.874872678187482,2.580609035058037)
138.25 (-1.527322169601081,-0.03409603899975527)
138.5 (1.668146930870357,-1.352783286079754)
138.75 (-2.199296492385685,-1.688548285075634)
139 (-0.5173238648351328,-0.01477586216585359)
139.25 (1.822020399967156,-0.4197749213909252)
139.5 (1.672702350671496,0.3567452892656101)
139.75 (-1.755735200325562,-0.677807044955524)
140 (-0.2449311756701698,0.8425593633850895)
140.25 (-0.7301411096757026,-1.19846943732497)
140.5 (-0.8162347130364404,1.7511302166674)
140.75 (1.510829611964542,1.536739877595231)
141 (-0.3108961480309658,-0.1518382722168758)
141.25 (-1.498976922010676,-0.278772499497293)
141.5 (1.234016689819802,0.2404862038354635)
141.75 (0.1802511226109755,0.1310320977108936)
142 (-0.08801526189269557,-0.8785708378532409)
142.25 (1.085669847334297,-0.6982541952818434)
142.5 (-1.136836072745461,0.05192380531547024)
142.75 (-0.8000330060095007,-1.480663076801761)
143 (0.4219648729478074,-0.3110765938751965)
143.25 (0.5293546792434326,-0.3568876251184933)
143.5 (-0.08144120908770684,1.103587544889464)
143.75 (0.073663777853665,1.446911228028609)
144 (2.845373441918737,-0.3660721408311773)
144.25 (-2.483703547828666,-2.72198478771794)
144.5 (-0.417610441066083,1.302533480566611)
144.75 (0.50170397359307,0.5902091978065298)
145 (0.2899411063299003,0.5855607577592364)
145.25 (0.1347516142628074,0.2060994931611752)
145.5 (-0.3901878309996238,-1.344311247196087)
145.75 (-0.5007352201010269,2.782151099594785)
146 (1.476725300345635,0.3703405433545022)
146.25 (-2.556869226289814,0.3088654497550335)
146.5 (0.6315328227824112,-2.260686021891658)
146.75 (-0.2647310957865705,0.1500536987723491)
147 (0.7838356425523088,-1.615765134754443)
147.25 (-1.281057423990489,0.03029255693427996)
147.5 (0.7167864585218836,-1.602826188773382)
147.75 (1.355715217510422,0.3834325233682511)
148 (0.2278257980226903,2.812944997660313)
148.25 (-0.9074519919338494,0.5553153413840681)
148.5 (-0.1224889344396673,-1.321597155090797)
148.75 (-0.3543322948391637,1.927295741548833)
149 (0.4965430683696316,-0.1735134976863261)
149.25 (1.041685258128295,0.6033190861747109)
149.5 (0.124101932081461,-0.6143697180878859)
149.75 (-1.792788217101382,0.5917994728154752)
150 (-0.6115218022770144,-1.990483368335906)
150.25 (0.8076598362982663,-0.2202529311892838)
150.5 (0.3822886903154809,-0.9264466126042312)
150.75 (1.233319786527622,0.7195589486152235)
151 (-0.06369184411867398,0.04577507141762645)
151.25 (-0.1491692822367662,0.02167392689024078)
151.5 (0.2211225097403008,-0.7412834947908573)
151.75 (0.3462680267152816,-1.032329668204529)
152 (-2.448510701930671,0.6599452498095377)
152.25 (-0.7385160334068781,1.574712285489778)
152.5 (0.3161799417488875,-0.9486972350242781)
152.75 (0.3188798271273124,3.235574185923052)
153 (0.9032433131044462,-0.5041309937462569)
153.25 (0.0923490956938651,-0.7636819020468829)
153.5 (0.9700511698833921,-1.566461132909585)
153.75 (-1.021211780630803,1.460216120216315)
154 (0.2462346661217794,-0.7663082965789046)
154.25 (2.667520088477511,-1.190169326719887)
154.5 (-1.996564254143132,0.6195171431228107)
154.75 (-0.1327606389833185,1.0657038822617)
155 (-2.898712790319576,-0.2935846905727441)
155.25 (1.434437144459769,1.035656929570342)
155.5 (-1.23509233635996,-2.144472275222307)
155.75 (0.479179948150348,2.49202889115465)
156 (0.1497791053070959,-2.225110524230249)
156.25 (1.50709817157958,-0.5073506377622867)
156.5 (-0.527834362989306,-0.2809039912823392)
156.75 (1.222154401088482,2.518777546924793)
157 (-0.1397444600834258,-1.64373012014781)
157.25 (0.1273140344652108,-0.6232943942257387)
157.5 (-1.295907078875604,-0.3226471488214964)
157.75 (0.7666177769089011,1.062763069730675)
158 (-1.322237069137309,0.5886254308512556)
158.25 (0.5117314370676271,2.050504538121523)
158.5 (-0.4397202885683171,-0.7384644436571504)
158.75 (0.4121014503654486,0.396754084118479)
159 (0.04119465844552107,-2.367419429592093)
159.25 (0.4349396452209594,0.4064341190171991)
159.5 (-0.3108975345351405,-1.693396273395219)
159.75 (0.1203729000139772,-0.04465251851989819)
160 (0.3822925249392602,-0.5500402350797795)
160.25 (0.3534899893964598,1.13201131766231)
160.5 (0.8637608129831129,1.549527143667135)
160.75 (2.157932347315934,0.3216740193783156)
161 (-1.095431182117996,0.492371831224497)
161.25 (0.5634618065250144,-1.144395159724828)
161.5 (-1.805381343301835,0.2654989064692808)
161.75 (-0.8065408876543311,0.890305874897801)
162 (-2.347191782044731,-0.5535637407413541)
162.25 (1.525222013709215,-1.040021314598118)
162.5 (-0.2422761980748415,1.08823966104748)
162.75 (0.01959297442986551,-2.377702482155174)
163 (-2.451340140746258,1.089511983845605)
163.25 (3.242748192985752,-0.403736116494199)
163.5 (-1.579060067635479,1.045480629388523)
163.75 (1.231305044093121,-0.251023125366641)
164 (1.279325322897983,0.1724813489976214)
164.25 (0.6708581385297482,-1.104452840876035)
164.5 (-2.313427756578875,1.778764283507759)
164.75 (0.8748644954198092,-1.087502588953309)
165 (-0.6068950047383107,-0.1486101604845007)
165.25 (1.660381149787194,-0.150201026997572)
165.5 (-1.394588256218798,-0.4183622466044478)
165.75 (0.0642473308339513,-1.346797993619559)
166 (-1.505738106245203,1.005946981127345)
166.25 (0.5029023966767748,0.7782896186604595)
166.5 (0.1711886821662157,0.3223586982604479)
166.75 (1.022895414792551,0.8014987016103508)
167 (-0.8241379285542151,1.649814707112752)
167.25 (0.3968337633895837,1.514947210504927)
167.5 (0.3070419046028114,-0.8618409581125641)
167.75 (-0.9797971918821866,-1.804819956112955)
168 (-0.9866003581843109,-0.4693564959657318)
168.25 (2.200680111567419,-1.153516741464551)
168.5 (1.274858373544754,-0.4227049923600467)
168.75 (0.839984126434949,0.4302604767776342)
169 (-1.833200618857986,1.119430031983155)
169.25 (-1.130549293646944,0.666611188193899)
169.5 (1.051688253052057,-0.6234411332656506)
169.75 (-0.3720461588663904,0.3124704940385333)
170 (-0.1269584965614855,0.06132445231469026)
170.25 (0.8424674784533167,-2.505853613461367)
170.5 (-1.200225712839645,1.067555591407891)
170.75 (0.5993804447222829,0.4568918837719817)
171 (0.8732432479403852,0.3562177224839205)
171.25 (-1.967330143229083,-0.8736229235787447)
171.5 (0.2514788245265041,0.8747630624481492)
171.75 (0.3263865268636965,-1.096442147663729)
172 (-0.6822929531661944,2.067233056774149)
172.25 (0.4441663367235743,-0.9380652256898602)
172.5 (-0.3892030023347886,-1.312533833924313)
172.75 (-0.7642990647445864,-0.5780220492001489)
173 (0.8021314973906958,0.3575203657556525)
173.25 (0.703854689525793,0.8449456086606781)
173.5 (0.3526116031319858,1.349108533652596)
173.75 (1.825508139831255,-2.704712518471207)
174 (-0.7834531189259285,0.2617058478259597)
174.25 (-1.576652043187812,0.3811010701269765)
174.5 (-0.08729080019680584,1.108832027832748)
174.75 (-0.7512180082836044,1.281337978029045)
175 (0.9118524537377015,0.8455006344727233)
175.25 (0.7913371852036963,-3.056979810464653)
175.5 (0.7376639787244264,1.43348358710983)
175.75 (-0.9488597613075395,0.6487731413919614)
176 (1.042729441554376,-0.3396475428904911)
176.25 (-0.4476112591732338,-0.5109898773496427)
176.5 (-0.4661505617961698,-0.5905601567385016)
176.75 (-1.727499289711178,-0.6761748207600629)
177 (1.488147642697004,-0.03432010407568049)
177.25 (-1.288927813386061,-0.04826589141535728)
177.5 (1.166462412922609,1.081348904999035)
177.75 (-1.559356780268793,0.3275648348014314)
178 (-0.7534184297547073,1.09172278571094)
178.25 (0.541398100590662,-1.047222436370891)
178.5 (2.19669939322653,1.097914922588555)
178.75 (0.2301811936051295,0.4518950236002306)
179 (0.2739018320754044,-1.266638586277603)
179.25 (-1.271585709077842,-0.3849592659170671)
179.5 (1.517020551687662,-0.7856465255197539)
179.75 (-0.1313555765665416,0.79828300088541)
180 (2.053312111209592,-1.562474615843827)
180.25 (-1.452886469664246,-0.04433541675629744)
180.5 (-1.38349503381458,0.688809904129058)
180.75 (-1.7485053391999,-0.6503002931011881)
181 (-0.233421985434394,-0.1485907773904918)
181.25 (0.6717955824912725,2.041186842474347)
181.5 (0.7684117099235729,0.7905207321565341)
181.75 (0.2248642937471055,1.140085685912099)
182 (-1.276892829504071,-2.443516945205463)
182.25 (0.2233080313581741,0.3262331879993607)
182.5 (2.081377965032877,-0.0201230247185521)
182.75 (-0.2118438550817321,-0.02424033656183244)
183 (0.7319769269206695,1.042178520661094)
183.25 (-2.497919474253218,-0.4658933161191394)
183.5 (-1.574328236048975,-1.841134721869684)
183.75 (0.3570510880756808,0.880098737230018)
184 (2.052493537774648,-1.594445635302985)
184.25 (1.068793626299257,-0.5604244517129838)
184.5 (-0.07528116679477108,1.903403544507164)
184.75 (0.7635475770435308,-0.4607646207767282)
185 (0.147781151063978,-1.020560795362631)
185.25 (-1.171666718396103,1.422154025048383)
185.5 (-0.4184502038537407,0.06184562307063157)
185.75 (-0.8158756771938527,1.139120741637066)
186 (1.303237002038471,0.07031258764748048)
186.25 (-2.955903508455468,-1.275601926983098)
186.5 (1.357634478921112,-0.4148820774685468)
186.75 (-0.6887805269687576,0.3721032607794257)
187 (2.113864156068227,-0.6083684019473424)
187.25 (0.3751341954012332,1.204992465202724)
187.5 (0.09989742673974276,-0.1293989801119501)
187.75 (-0.6174118334705138,-0.08262305252678144)
188 (-1.683518588359319,1.147681608271369)
188.25 (0.1846748467539537,0.2565152027411625)
188.5 (3.314030815150571,-1.495542807491224)
188.75 (-0.5607822832847892,0.2215713953844683)
189 (0.5299239385812025,-0.4372994231596274)
189.25 (-1.321528364331657,1.429766005280963)
189.5 (-0.6255995624540481,-0.3518073676612785)
189.75 (-0.09696349531066553,-1.436722900681052)
190 (-1.33505092011806,0.3212211668078441)
190.25 (1.636453843332217,0.08210434274546713)
190.5 (-2.043067207904207,-0.1303876875760084)
190.75 (-0.6751632509194132,1.111348342506951)
191 (1.257807720409796,-0.7249897436862761)
191.25 (-0.4270791018678916,0.7833808890805222)
191.5 (0.5644479036436059,-1.182469383554422)
191.75 (1.818168668532517,0.2229677064855632)
192 (-0.5873810562446525,-0.4641688753982051)
192.25 (1.09296786579746,0.3239474899751378)
192.5 (-1.766094362312821,-1.516267648682211)
192.75 (0.9414308242460726,1.420273063569799)
193 (0.5520603398792311,-2.032910359319539)
193.25 (-0.6160302661036977,2.974665223602869)
193.5 (0.6451874353441038,0.3232966020254227)
193.75 (0.09414537990052872,-0.7803752159768388)
194 (-1.760767660935986,0.5340073332796117)
194.25 (-1.039952471094014,0.3939790972870522)
194.5 (-0.7379583123990211,-1.43036560942342)
194.75 (0.5666910964477931,0.4867555428127234)
195 (0.1619357325154656,-0.2906945779985834)
195.25 (0.7719440854173291,1.472092278705086)
195.5 (1.186536033059973,0.1518149755372168)
195.75 (0.2146604220954939,-1.023528702928268)
196 (0.460898058490712,-0.3330867500900524)
196.25 (-0.01295483725759473,1.033937729418095)
196.5 (-0.6630575749245672,-0.4100656374638877)
196.75 (-0.4961846393946245,-0.7268079416273797)
197 (0.9211155298151341,-0.3195556528526307)
197.25 (1.013681161346907,0.5348947651292554)
197.5 (-2.03710969340649,-0.798303262218515)
197.75 (0.1930538314337119,-0.1571811537530776)
198 (-0.6696902541397407,-0.5693927743979484)
198.25 (1.221381551642046,0.7301490594936402)
198.5 (-0.5028655850274562,1.62534833307056)
198.75 (0.37181488468515,-1.60875394056276)
199 (-1.098625084984638,-0.8770516720505442)
199.25 (0.07725142751789735,1.87781330606024)
199.5 (-0.6795843337124842,0.9592081400089127)
199.75 (1.185219391220241,-1.412809360588152)
200 (-0.4793563921142408,0.5537585919547207)
200.25 (1.335121209464462,-2.189648783729256)
200.5 (0.05344285000427584,1.282219557051987)
200.75 (-0.8503539689147478,0.3976572467400842)
201 (-0.5882868733695122,-0.2613807274923968)
201.25 (-0.5618679039312171,0.02505107409430189)
201.5 (0.5218218352112585,-1.072599256217887)
201.75 (0.5292835162128977,-0.6207442349905278)
202 (-0.9575204759020001,1.427434264171563)
202.25 (-0.1957282342258967,-0.7174474161496228)
202.5 (-0.365705141277363,2.381427153450844)
202.75 (2.425120523509008,0.68681075850442)
203 (0.3373524484955892,0.1952525113035282)
203.25 (0.7179422699760606,-0.7320059111992276)
203.5 (0.1803036219953562,-0.57827146232527)
203.75 (-2.110553182810706,-0.9058155461294485)
204 (-0.3823617036664445,-0.3652370902864637)
204.25 (-0.6557714007692484,-0.6589379563881046)
204.5 (-1.39549454086275,-0.9316917697647594)
204.75 (2.562487222896115,-0.4318221385512097)
205 (1.993026629492784,1.785239641268587)
205.25 (-0.9950861839111714,1.725360462652123)
205.5 (-0.6047096637965573,0.942827337598012)
205.75 (-0.1512880574405233,-0.9190316317243565)
206 (-1.038534011888405,0.2441019903934206)
206.25 (-1.556459989179002,-0.62552233787139)
206.5 (1.71433117468531,0.7569370094690447)
206.75 (0.8601352805844408,-0.7287886163262357)
207 (0.7211799492778422,0.3299307344962067)
207.25 (-1.510596016463767,-1.708495365059674)
207.5 (0.7171580718640124,0.9880497047764408)
207.75 (0.9415757199216663,-0.5441231663530904)
208 (-0.1106733955414799,1.189469769830492)
208.25 (-0.1055438445542283,-0.3981571983402957)
208.5 (-1.795649291247558,-0.5472242996361723)
208.75 (1.297057829004701,-0.8628702445809665)
209 (-0.9335564007364501,1.739317431997942)
209.25 (0.4670770643661651,-2.379122287486035)
209.5 (0.7604635344068202,-0.3630386751343068)
209.75 (-0.5020819673835887,0.5004951404086203)
210 (-1.401926614660976,1.029346644577912)
210.25 (0.754678062091328,0.9620826704612057)
210.5 (-0.7135233687633514,1.539663509111656)
210.75 (1.580553254827646,0.3099589976712342)
211 (0.592813783723424,-1.334602046237126)
211.25 (-0.2706458265469615,-2.067626829679797)
211.5 (-0.05659593443320756,0.6891606677295854)
211.75 (-0.1637526371115551,-1.656081079340936)
212 (-0.6975764176312105,1.632844374146097)
212.25 (0.1934367607912194,-0.7025863972866936)
212.5 (-0.07933457973876935,1.090482806581626)
212.75 (-0.08700450372545791,-0.1579376351626093)
213 (2.008521342149759,-0.1354045210264828)
213.25 (-1.945352330690268,-0.7433214221849971)
213.5 (0.3758096893059867,0.9540228722519698)
213.75 (-2.484714146818753,0.3034230393548524)
214 (0.9752509401031647,0.5578244862445901)
214.25 (0.1584825653125434,0.1355245372730908)
214.5 (0.7806492534105954,-1.255717935107885)
214.75 (0.16731464723058,0.2902931673660737)
215 (0.9499384814010953,-1.194566858419111)
215.25 (-2.268559911000323,0.1830615862806228)
215.5 (0.5520603556367674,-0.5131698552915634)
215.75 (1.434857958467101,1.808463517752104)
216 (-0.5043936648503443,-0.3155313180367269)
216.25 (0.01992682315572145,1.463728352749614)
216.5 (-1.154474375904627,-0.6643711747984963)
216.75 (0.5559870992313435,-0.5996662472068954)
217 (1.499774593497721,-0.8566722120918855)
217.25 (0.2552810711933396,0.04533423078707907)
217.5 (-2.419589541813008,2.210803301769256)
217.75 (0.9250753553440124,-0.2680812098138819)
218 (-0.2318170792141823,-0.369667876926943)
218.25 (0.2793951534055956,-1.806660159852373)
218.5 (0.3847662943145564,-2.111216977279235)
218.75 (-0.5857488452461115,1.925729827313862)
219 (-0.8085274113919778,0.1980784890376279)
219.25 (0.7059885801879219,0.6327122256141127)
219.5 (1.429633227357868,-0.2377595710534748)
219.75 (0.9774402137381296,1.699086341575326)
220 (-0.2556570261343304,-1.044349578626267)
220.25 (-1.140463996204803,-0.03540930495071579)
220.5 (0.9750577310607201,-0.6488610143266054)
220.75 (-2.455350806135263,1.044852476310226)
221 (-0.1206515470339324,0.1869562838462862)
221.25 (0.6050814165286353,0.04333643873205521)
221.5 (0.2940465907556062,-0.7529542203586024)
221.75 (-0.01467221344198735,0.7724142922587832)
222 (1.189915509282094,-0.3701255304767668)
222.25 (-0.2291039234445472,1.099657689269919)
222.5 (-0.709565576447606,-1.34893135917888)
222.75 (0.5187923493818428,-0.3481863710345406)
223 (0.1056941576571512,-1.106142330340822)
223.25 (-0.03451520253152995,0.6655219982656709)
223.5 (0.08898736153069151,0.2876352049163515)
223.75 (-0.7912437761653629,-0.8637602447134476)
224 (-0.7152669085506486,0.9609146256988953)
224.25 (1.510341008181014,2.665103140616261)
224.5 (-1.042164860669389,-0.4939338307070699)
224.75 (0.6064025455547829,-0.9977967953096326)
225 (-0.9188168218454112,-1.410013552866766)
225.25 (0.2834890476592264,0.6433796911091214)
225.5 (-1.173395548443277,-0.6297435888512278)
225.75 (1.859555229793044,-0.3929692127568056)
226 (-1.628452119218593,0.7110052615015365)
226.25 (1.166979399964543,0.7063662134352294)
226.5 (0.004239912734905661,-0.5439331724722527)
226.75 (-0.7156641653959723,2.856776344338839)
227 (0.9613123179303383,-1.944766155115737)
227.25 (-0.7050289721391132,-1.262876252161987)
227.5 (0.5369043675261963,-1.306249723104024)
227.75 (1.756010879744227,0.3855866320497408)
228 (-0.9914192185908216,-0.4486292277971401)
228.25 (-0.7056313408016747,1.023819671193202)
228.5 (-0.3196082879726158,0.6024793131297107)
228.75 (0.8411566841736806,1.307215167922933)
229 (-1.384968010151027,-0.3391926770573914)
229.25 (0.293507436153049,-1.640481790051471)
229.5 (0.3121469508837415,-0.3804365771387436)
229.75 (1.224152859355593,0.2011960654659155)
230 (-0.05839478530373075,0.3728659690744685)
230.25 (-1.46456749626112,0.5499015217116631)
230.5 (-1.22445577396097,0.2743325762574417)
230.75 (1.956483325276918,0.209083293580586)
231 (-0.8375018450335494,-0.491630593657436)
231.25 (1.569689788229828,0.03342874718346194)
231.5 (-0.6253087913807928,0.2509865222709692)
231.75 (-0.4367306416116794,0.3006744159515707)
232 (0.5381335275523639,-0.782462065151742)
232.25 (0.2023286219241649,-0.05946585210861172)
232.5 (-1.84453131725528,-0.9569352408367194)
232.75 (1.320293387713839,-0.02111879173922084)
233 (-1.04379220448541,0.6032597308774235)
233.25 (1.446822867821707,-0.2231233349406284)
233.5 (-0.8083280774134914,1.050630636290167)
233.75 (-0.08400663206877931,-0.4336512196267301)
234 (0.3430274463858382,1.07662420079148)
234.25 (0.6411317832744637,0.4561330513620976)
234.5 (-0.5522301044090598,-0.6858638597293485)
234.75 (-1.227864241851629,-0.2370138835102023)
235 (0.9324722074174033,0.6270627032744185)
235.25 (-1.169896286711604,-0.1728485293407125)
235.5 (0.9700755403209237,-1.199677149574855)
235.75 (0.5080847653118972,-0.02945174965817126)
236 (-0.2569733303294998,0.8226646450434578)
236.25 (0.7618311958579193,-1.455264666863008)
236.5 (0.5016747112092429,2.411606132453733)
236.75 (-0.2626324863547261,-1.526302225342483)
237 (-0.6439094949354464,1.684053441819218)
237.25 (0.7557761684544688,-0.4929440222393311)
237.5 (-1.157902420945891,0.9508739602160158)
237.75 (-0.8796476878304683,-1.436573708766984)
238 (-0.10027886267699,-0.5524814177209669)
238.25 (0.07522237914013305,-0.04698580838577306)
238.5 (0.3207943183446524,-0.7701154969308502)
238.75 (0.7286878691954857,0.5926349867288242)
239 (-0.7863649883401445,-0.0842052814232899)
239.25 (1.649740482666715,-0.2073669619404582)
239.5 (0.9540471589658887,0.3996333465792806)
239.75 (-0.1526332800395573,-1.887448022860411)
240 (-0.4090796352341321,0.761439462879229)
240.25 (-0.4202984250813893,-0.8789609720852991)
240.5 (0.5806329375436809,0.8254458110037112)
240.75 (-0.8244097311063042,1.359703841959816)
241 (-0.9151770651624126,0.8597512896744411)
241.25 (0.09538449858328973,-0.8046266481492582)
241.5 (0.3469130522181983,0.9011719763533383)
241.75 (1.138515004951987,0.316667902388068)
242 (1.645802953209873,-0.4510417069375648)
242.25 (-2.443501129562129,-1.765249657290846)
242.5 (-0.9205271018716714,0.7724506905951277)
242.75 (-0.1977591961646874,0.03552969504061672)
243 (1.782968563583639,1.105540869576398)
243.25 (-0.1166730395724065,0.1948569318022715)
243.5 (-1.131925371812474,-0.270205922878043)
243.75 (-1.840447968426066,-0.8813684167141304)
244 (0.3680996984736298,-0.5638943397279281)
244.25 (0.4128650054375837,0.3446396204931689)
244.5 (0.3914345246003476,0.4191358699358083)
244.75 (-0.4974378906751977,-1.065243857360745)
245 (2.03538802562708,-0.4054572100464797)
245.25 (0.5906260411632374,-1.036856671315841)
245.5 (1.007284392790318,0.38459618689755)
245.75 (-0.6130593369803321,0.8055744399768189)
246 (-2.840312956404345,1.896948935712432)
246.25 (-0.5901025663266364,1.253364538565499)
246.5 (2.4077166568395,-1.146918755614041)
246.75 (-0.7653078969031906,-0.912914513928123)
247 (0.01947084290980818,-0.1968281035468787)
247.25 (-0.5995392127716498,0.2571848873041979)
247.5 (2.206506565027225,-1.112041175184137)
247.75 (-0.4971711349395246,-0.7588799862241197)
248 (-1.037157447852293,0.3974730664709599)
248.25 (0.9591020929864862,0.859795015415854)
248.5 (0.4360607765644988,0.9033253833599052)
248.75 (-1.304970624259668,0.2122998986449826)
249 (-1.841983027039086,-0.9669080928032101)
249.25 (0.6026122549882841,0.948404849955874)
249.5 (1.057957643070011,0.4513915936408507)
249.75 (0.807800303672116,-1.395134451837905)
250 (-1.580909881270824,-0.3213353379247056)
250.25 (-0.4983187680290286,1.333611386893555)
250.5 (0.683447897631814,-1.607531942275118)
250.75 (-1.333005536160585,-0.04161111813417702)
251 (0.6851289931281149,2.575106969088948)
251.25 (2.841104102188381,1.254201848866623)
251.5 (-0.1312016909409865,-3.130760301263365)
251.75 (0.772018658680822,-0.6613432880410376)
252 (-0.2051022173738065,0.2160872152771467)
252.25 (-0.9544115656960147,1.545545856316661)
252.5 (-1.409833290789316,-0.3152729558290768)
252.75 (-0.6502637330370976,-0.020347428940933)
253 (1.006241224801264,-0.6467060746765795)
253.25 (-1.006511730193956,0.004764550527087581)
253.5 (0.3901248572029771,-0.6297944012661142)
253.75 (-0.1702421155587898,1.753186915644474)
254 (0.6285668485770517,-0.4913401681322186)
254.25 (-0.01848722309623894,-0.295969891729133)
254.5 (1.658100358969307,0.3115799855432299)
254.75 (0.2876621639959037,-0.5018619946645223)
255 (-0.8763844437755606,-0.2763934916312285)
255.25 (-1.096118799313576,0.2600719557808025)
255.5 (-0.06805265156589137,-1.371528248957691)
255.75 (2.250017737738515,0.07556456872808855)
256 (-2.024627296775726,0.8874468426398255)
256.25 (-0.3618355639483877,0.7257029831658115)
256.5 (-1.628291689281232,-0.6101635275798051)
256.75 (1.798451755094461,1.2154410397349)
257 (0.09071553867882511,0.6425090909978712)
257.25 (-0.1132744074245031,0.02224084806524746)
257.5 (-0.5082806048411778,-1.313359428806652)
257.75 (-0.09313920520206367,1.681715623502682)
258 (0.1442139534745305,-1.629478899360004)
258.25 (0.8992744861401654,-0.9725868069785016)
258.5 (0.7746415372349142,-0.07203782578107799)
258.75 (1.327521140705419,0.5609091087045375)
259 (-0.9236528536704832,-1.998350423870342)
259.25 (-0.07188156765057814,0.4123914105716656)
259.5 (-0.7790161429630985,-0.6774338825119627)
259.75 (0.749380077764116,1.84361330815366)
260 (-1.294536554903135,-0.05097871081724781)
260.25 (0.2271496960029068,0.2435134965094221)
260.5 (-1.028946528361857,2.078897540976213)
260.75 (0.1853389148395775,-1.223192165275816)
261 (-0.329451673742111,-0.04108601797569866)
261.25 (1.76757252571993,-0.1392516114197032)
261.5 (-1.218255293184906,-0.2127630676400482)
261.75 (1.05645585242643,-0.003106115462909796)
262 (-0.5788276617072976,1.776074551425524)
262.25 (-0.1940729305679936,-0.4811614599490018)
262.5 (-0.8476215555532968,-1.203657908444719)
262.75 (0.5285573852321896,-1.686911467877148)
263 (0.2705700951422988,-0.03146216174093886)
263.25 (-0.2116534647357851,1.450552762296693)
263.5 (0.2301365100182366,0.4760205159428822)
263.75 (0.7781101391437515,-0.743471395369923)
264 (0.2824784182656986,0.3171262673248011)
264.25 (-0.6809784098744965,0.3809249807032788)
264.5 (0.4613263860950966,-0.3492985158853079)
264.75 (-0.4884007158211522,1.228144585061338)
265 (-1.170421677601902,0.8562610917395029)
265.25 (1.028742286911726,-0.965098551191204)
265.5 (-0.3925353338212841,-1.595623779337794)
265.75 (-0.1238779225020993,0.1695796798535999)
266 (0.4542143898409332,-0.4181624238402621)
266.25 (1.832407746219941,0.842457489753885)
266.5 (0.7343797632320068,-0.02397504413555633)
266.75 (-1.434923308396423,-1.082579452818742)
267 (-1.708837268601957,-1.800029778472698)
267.25 (-0.4508534735652365,1.305510460765274)
267.5 (1.879389873133652,0.007385146811116956)
267.75 (0.5562600326223565,1.091933067296394)
268 (0.03344115948191047,1.52761055601018)
268.25 (-0.9576446734863088,0.6881082378893461)
268.5 (0.2868465126399696,-0.1882957440053102)
268.75 (-1.055661803287558,-1.956874538308329)
269 (-1.117362714949253,0.2650537636823134)
269.25 (0.4637072246489353,0.06033357025603762)
269.5 (1.253855287139319,1.959323990117611)
269.75 (1.558482562213439,-0.3375664070807659)
270 (-0.824920494602169,-1.394132229424433)
270.25 (-2.175774599036105,0.2806553675457063)
270.5 (1.347799854986268,-0.1083588927148249)
270.75 (1.250213864316359,-0.4954076778935693)
271 (-2.215948685793778,-0.543611198782206)
271.25 (1.020333750635754,0.6663607166464047)
271.5 (-2.353729976209476,0.465642030667489)
271.75 (0.8844423874005296,-0.4544427539149332)
272 (-0.1561995668228929,-0.8583459941448336)
272.25 (0.6130260486494391,-0.2015500200082862)
272.5 (1.752544177332102,-0.3874582200785887)
272.75 (0.3722105350430341,1.696613711478937)
273 (-0.605740623307674,1.192330559569494)
273.25 (0.1167360969103345,0.002548461702990726)
273.5 (-0.3452468290246107,-1.589164911692581)
273.75 (-1.313711640565539,-0.6382444821535216)
274 (1.121722413829054,0.1523839328348492)
274.25 (-0.5412315184186287,0.06888707896246049)
274.5 (0.657322047519963,0.3301051363330157)
274.75 (1.400384582909861,0.6501268384260475)
275 (-0.3427079155418586,0.3809889979928599)
275.25 (-1.072671543546735,-0.1238133275525093)
275.5 (0.6304748971512782,0.1232658327372626)
275.75 (-1.513626318306769,-0.3200229436036531)
276 (-1.901443814940401,-1.476115367435372)
276.25 (1.684301878931402,0.2091915165920631)
276.5 (0.870548040257666,-0.1979097957134654)
276.75 (0.09446238579556009,0.4128530439828277)
277 (1.210226200933353,-0.7761734124246654)
277.25 (-0.6134281478887947,-0.2120957603315805)
277.5 (-1.59740334530584,1.010736109817152)
277.75 (0.6736533397473088,1.35081993590124)
278 (1.240605805355948,0.1813785857613478)
278.25 (-0.3039243573678216,-1.000641146241124)
278.5 (-0.6233710623418208,0.2064210343425255)
278.75 (1.070219619813555,1.288996355316904)
279 (0.001683911704715251,-1.396139853076455)
279.25 (-1.68094440329745,-0.5576334163672459)
279.5 (-0.2621172318734067,0.6017468889486619)
279.75 (0.9770208618990617,0.695776699198661)
280 (-0.6102613737769433,-1.054520773422995)
280.25 (-0.1302964601981,0.1651186643351578)
280.5 (0.8132572536087305,1.871295138742262)
280.75 (-1.458834965486313,0.2603409368049835)
281 (0.5940769236920262,-1.646661637243739)
281.25 (-0.1536162291895116,0.8129109882550224)
281.5 (1.141797332643281,-1.651485332613467)
281.75 (-0.4732995849302974,-1.725954195010483)
282 (-1.656657121745095,-0.754601321404092)
282.25 (2.852312798054112,0.4234675757496134)
282.5 (-0.3942551823037599,1.244931548565627)
282.75 (0.6811395677618325,1.103185524524968)
283 (-1.615780525296844,0.4175172684167138)
283.25 (-1.104463350393488,1.186300978415239)
283.5 (1.262736596213336,-1.066557708710526)
283.75 (1.239360051463014,-0.2849110718957765)
284 (-0.5375369787290377,-0.1926752495288164)
284.25 (-1.074423578783534,0.4148353242474486)
284.5 (-0.794870268222014,-0.4489294175974253)
284.75 (0.1630354952294947,1.95718545921007)
285 (-0.8296406429463205,-2.343830230379499)
285.25 (0.005622626167633207,0.584324080098643)
285.5 (1.392707696031767,0.911189869564353)
285.75 (1.372193146038241,-0.8168298778952726)
286 (-2.462192334369107,-0.01700652354626405)
286.25 (0.8067520956624984,0.03622867968724787)
286.5 (1.360997777257298,0.05320135142568234)
286.75 (0.736699599253249,-1.485917591634827)
287 (-0.6302630697037962,0.7099095445273237)
287.25 (-0.4096606058997833,-0.9972786172181259)
287.5 (1.613839293530437,0.8095294648399505)
287.75 (0.1814972430883996,0.159833261220276)
288 (-1.604981407456634,1.240615193113314)
288.25 (-2.868439617300715,0.9758647969014994)
288.5 (-0.1886060023871215,0.07571856062302715)
288.75 (1.111103402814983,-1.315425340980571)
289 (1.169779383686315,-0.8633504087998828)
289.25 (0.3780530179600829,-0.4889604988524615)
289.5 (0.02088699720147389,1.088612064111057)
289.75 (0.1681772296737825,0.2726634403728223)
290 (0.2139172813418951,0.750605552956046)
290.25 (-0.02299346375567825,-0.5387265378707871)
290.5 (-1.109615795664863,-0.8538925018891088)
290.75 (-0.6209984334289926,0.4063908021049341)
291 (0.08006535310981064,-1.126102585172677)
291.25 (1.730096071687019,-0.5570836463054831)
291.5 (-1.473314770940145,-0.609091077166511)
291.75 (1.35784723592739,1.92596601934053)
292 (-0.3549288942444075,-0.2369643749799049)
292.25 (-1.350846061839255,0.8110504022184087)
292.5 (2.000784110070769,0.7286369455040032)
292.75 (2.061059051058809,-1.105893132593801)
293 (-1.393289531781436,0.1339982808166703)
293.25 (0.2033282755880544,-1.075482654793536)
293.5 (-0.5131394468408303,-0.1175719241311281)
293.75 (-1.527699716308967,0.630327111599658)
294 (0.8867123403762561,0.5089703616757995)
294.25 (1.015795115153437,-0.3385920857764967)
294.5 (-1.347477741783123,0.4237471675671364)
294.75 (-1.243869875202491,0.2906627596553077)
295 (-0.3055972237648594,0.7871498456792234)
295.25 (-0.2023374848070142,-0.3981670532882242)
295.5 (2.020099402050716,-1.108119566063081)
295.75 (-0.9066372103787398,0.2713378805492836)
296 (0.3834905883420986,-0.09679175485727423)
296.25 (0.7263494635715925,-0.07150381082428668)
296.5 (1.456541361422498,0.03152329011591987)
296.75 (-3.276822114556197,0.4066493275115582)
297 (0.009012945883602668,1.127299644223107)
297.25 (0.378082403101939,-1.886274986154962)
297.5 (0.2380494932304165,-1.576711541943639)
297.75 (1.311408677718103,0.2892639918599568)
298 (-0.7170569628594876,1.633312824426881)
298.25 (-0.4610477677418964,0.02516220808143389)
298.5 (-0.4410057548883315,-0.9743266467798162)
298.75 (-1.520985674931779,1.393033578100707)
299 (1.609196396586275,1.221323931149639)
299.25 (1.456264231574177,-1.812970311311172)
299.5 (2.492936923220939,-0.1667234865205324)
299.75 (-1.44306099946029,1.069867449905027)
300 (-0.9634731232871668,0.09787945889860944)
300.25 (0.6167216846750965,0.02591484730140592)
300.5 (-1.285927220378908,0.4584535329951753)
300.75 (-0.3088142283193452,-0.22660851097795)
301 (-1.548273286248417,-0.1192083658022398)
301.25 (0.3572770995550472,-1.040318845645941)
301.5 (-0.9392632622201702,-1.59068432133045)
301.75 (1.783083762009056,0.561227815064445)
302 (-0.04556667134829483,0.8017153324152445)
302.25 (-1.072036522094635,0.9521842020931633)
302.5 (-0.0931549794452585,-1.019166358196578)
302.75 (2.12154967952707,-0.3737865322593045)
303 (0.1803271016192606,0.8815621063697838)
303.25 (1.01720623837073,-0.4368067245239592)
303.5 (0.1639706102552382,-0.1840542014091616)
303.75 (-0.3754110633135806,1.139708489575984)
304 (-2.100587638478486,0.21110734859619)
304.25 (0.5824669094615315,-0.7377521389018088)
304.5 (0.05215562258309724,-0.3719230936306768)
304.75 (-0.4268125224397403,0.2765478651796243)
305 (-0.6660364916778109,0.7784068431684551)
305.25 (0.7665631321645288,-0.1765999473087833)
305.5 (-1.456611707549899,-1.425984544202612)
305.75 (0.07066916160057557,-1.549130457535729)
306 (-0.3388087481192098,-0.3289349205845447)
306.25 (0.4954355454128093,0.5966729399802606)
306.5 (-0.5091631555667842,-0.1918665901779064)
306.75 (0.3968355398857741,-0.9267352553170403)
307 (0.0999579954556892,-0.4156569878454159)
307.25 (0.9654266377870452,0.6544247652245051)
307.5 (-0.5227236644216222,0.1161559929974208)
307.75 (-0.5924210081414819,-0.7550349102056384)
308 (-1.236589730288266,-0.5681686969912932)
308.25 (-0.5034890897788347,-1.232974137323739)
308.5 (0.3497046376630729,0.5870386520486578)
308.75 (-1.333991029770535,-0.1124350421738968)
309 (-0.368752935156679,1.360583772272594)
309.25 (0.02368025348214181,-0.4512492540550416)
309.5 (0.5591659212835145,1.374089700875228)
309.75 (0.1663864077166358,0.06900545713707119)
310 (0.5381105116130518,0.2817850684834183)
310.25 (1.594943339836864,-0.825901233311623)
310.5 (-0.6537890424418461,-0.1233206537968652)
310.75 (-0.6664543263876013,-0.8816728243422239)
311 (0.5674473685467811,0.9278547770396617)
311.25 (0.09909843448227036,0.1429931854248735)
311.5 (-1.714836727067942,-0.05764871553394155)
311.75 (-1.003203795371035,-1.145648575928467)
312 (0.4554450691865763,0.4979661807164449)
312.25 (0.6603276919899016,-0.6688171451989612)
312.5 (0.4129002831252505,-0.1688756103823406)
312.75 (1.189818453608069,1.146049086769438)
313 (1.902710381800116,0.09960778695224098)
313.25 (-0.4332015799339666,0.349012317538443)
313.5 (-0.7995107741290792,0.7299736366496583)
313.75 (-0.3209862276823922,-0.6920249788033654)
314 (1.460420249897193,0.5832347795129251)
314.25 (2.887163114857679,2.153555249046118)
314.5 (2.997684843820596,2.52850698865966)
314.75 (0.9802055047153536,-0.3014056185688267)
315 (-1.335923695474557,-0.9734671761824673)
315.25 (1.334342036221871,1.342518976111814)
315.5 (0.2836675330887065,1.834217794004467)
315.75 (2.01375356696565,2.273613356851512)
316 (1.125156968704554,0.9902174388421002)
316.25 (2.366240153233533,1.249436506733599)
316.5 (-1.294198000115108,-1.580751832922222)
316.75 (0.912253824080105,0.3637713725273172)
317 (1.190307081060707,0.8549021964319373)
317.25 (-0.7426508866521527,-0.3272798955125052)
317.5 (0.7596740508441923,-0.1392724109758942)
317.75 (0.4439901316847594,-0.8550692474618581)
318 (0.7355173942565428,0.2299742118346255)
318.25 (-0.5945784851600935,-0.2709819871454757)
318.5 (-0.5058140969747486,0.6436989793412063)
318.75 (0.1160251742987015,-1.224040079033897)
319 (-0.04089095976339457,-0.185220664067296)
319.25 (0.1768191528255044,-0.604932727815088)
319.5 (0.1576939049363902,0.4776476399140393)
319.75 (0.4266601258125375,2.077143387046356)
320 (-0.7239842262285434,-0.09172106700843823)
320.25 (-0.4633847086015863,0.2267026267009772)
320.5 (1.175984936711934,-1.596869715297835)
320.75 (-1.082557822829607,0.9572068162810481)
321 (-0.5801700577753295,-0.2279901151904606)
321.25 (-0.4098216199624286,1.008336473270368)
321.5 (-0.6656549333503883,-1.648823909894693)
321.75 (1.777490530212396,-0.6188270383870232)
322 (0.4178071168378438,0.7997639276793937)
322.25 (-1.672296251567975,0.6049212693280845)
322.5 (0.9989514360967188,0.4511367115496088)
322.75 (1.348982783936516,0.4454598420219741)
323 (0.3060055181270011,-0.9219456361168779)
323.25 (-1.003479126539603,-1.036163279243129)
323.5 (0.2196336256085396,-0.1013187728646907)
323.75 (-0.1077364991725048,0.3640454604286966)
324 (0.4089385112111503,-0.7958681780779894)
324.25 (0.2759829237178315,1.168863682982643)
324.5 (0.2769228410112939,0.1825178411391364)
324.75 (-0.6234073053834199,0.5046535180886426)
325 (-1.093607084707525,1.159309200818868)
325.25 (0.02946702435935801,0.2957999574866744)
325.5 (-0.6909886588852661,-0.2708610178280904)
325.75 (1.091544729717791,-0.09340816003315568)
326 (-2.04740323259493,-0.8974320379711497)
326.25 (0.5936498002298743,-1.153053839152887)
326.5 (0.5611557335288119,0.1058966274333133)
326.75 (-1.055532856708845,0.02181031007296364)
327 (0.4585295649036403,-1.647690572315485)
327.25 (1.129171072511868,0.507290901274808)
327.5 (1.20276903730491,1.022044836603333)
327.75 (-0.3230760206884041,-0.2060816109642511)
328 (0.2022176673218054,0.6390117016700274)
328.25 (-0.09738903692058498,-1.345110985004124)
328.5 (-0.5412408217594801,1.816739193444075)
328.75 (-1.464916363285961,-0.2152504415391845)
329 (-1.005316989345121,0.06260503059147111)
329.25 (0.4019864586808145,-0.5380835482410687)
329.5 (2.090635347595472,-1.163326830384339)
329.75 (1.043806292842938,1.464885208352107)
330 (1.317214209791365,-1.044807707952135)
330.25 (-0.1015385521903232,-0.951884502249561)
330.5 (-1.747580648931275,0.5619267523853028)
330.75 (-0.2224987892047874,1.48981761547497)
331 (0.1448823454386661,1.382106300170374)
331.25 (-1.990527410024301,-0.116399981206272)
331.5 (0.8493232905707062,0.3674721796229508)
331.75 (0.9739401136997992,0.1104059111965387)
332 (-0.8676476923628539,-1.008628037410558)
332.25 (0.5863127219540569,0.3046811914007422)
332.5 (0.1885535079561135,-0.3715163600173889)
332.75 (-0.2393587880093118,-0.4617920712108639)
333 (-1.429178702377092,-0.9423675029009407)
333.25 (1.589076167705973,0.5287878406826952)
333.5 (-0.9144428288406213,-1.088946226488146)
333.75 (-0.5358135421101695,-0.3362623726589855)
334 (1.44149632676887,0.329485594273918)
334.25 (0.187070667567494,0.6070983615319052)
334.5 (0.0183386487686368,0.8044898294207929)
334.75 (1.164144667420642,0.7718662636899098)
335 (-2.179356066954854,0.6400676784332764)
335.25 (0.2564508431544709,-1.47956380224267)
335.5 (-1.95676341182829,-0.7992518644134163)
335.75 (0.3019291822983809,0.8170835592981567)
336 (2.629431066753757,0.5616435037056278)
336.25 (-2.019873688872746,-0.7819053036400675)
336.5 (0.09399613476777924,0.8943997820974352)
336.75 (2.824470285790992,0.7078550975910833)
337 (-1.097072051231864,-0.823130998787359)
337.25 (-0.5216853523214774,-0.7552481604542701)
337.5 (0.8096492245339507,-0.4038270910979825)
337.75 (0.5223435305657944,1.277090522893674)
338 (-0.1571000972034878,-0.3737119011266892)
338.25 (-1.160686706153054,-2.377856523483931)
338.5 (-0.1940618413920479,-1.226566821194154)
338.75 (-0.7570908453764289,1.888649170178913)
339 (1.173871956993315,0.8121621699490195)
339.25 (-0.273523494251842,0.9672864097201207)
339.5 (0.6036440238443976,0.9117701616263564)
339.75 (-0.5839588129650926,-0.8804384774948314)
340 (0.3372605088484414,0.08455705395802038)
340.25 (0.01564403989004649,-0.6709681400211909)
340.5 (-1.161906835272729,-2.393186814659999)
340.75 (-1.197889968875926,0.7760220530091098)
341 (1.43056371815561,2.044815074584291)
341.25 (1.057114945532758,-0.2658352437852629)
341.5 (0.3261218354869772,1.721795647003826)
341.75 (-0.7270594133499287,0.4480130364145637)
342 (-0.5510656007464334,-0.7404093830008625)
342.25 (-0.906218074950809,-0.7217132341310964)
342.5 (1.17668172408143,-0.2679166060171973)
342.75 (1.313903777198243,-1.490171876641413)
343 (-0.2740314068302694,0.5440159270626668)
343.25 (0.05712327545765995,-0.3234955861209678)
343.5 (-0.3942501484961706,-0.1746106174575949)
343.75 (0.1999309789141648,-0.3921807179649287)
344 (0.008020105558456534,0.6924540295001347)
344.25 (-1.055817480528146,0.4911662877407883)
344.5 (1.627103734503604,0.04842987713069413)
344.75 (-2.367684846039428,0.6217884679600236)
345 (-0.5108847403632448,-1.468201157114239)
345.25 (1.793418418476214,0.3606732192538255)
345.5 (0.7514717554827297,0.4049837344360294)
345.75 (0.03363703472263085,0.9977366729414637)
346 (0.4857218186509967,-1.30898609108277)
346.25 (-0.480140476299466,1.386039192424454)
346.5 (0.2426376263885573,-0.9649766240356368)
346.75 (-1.878594605262086,-1.125388805395034)
347 (-1.655557806207633,0.5401645537498357)
347.25 (0.2005702217848008,-0.740557877293636)
347.5 (0.123855970116547,0.9315794328343732)
347.75 (0.4517755335060206,1.127172098471515)
348 (0.2609048163536571,1.369035937370742)
348.25 (0.5404194879528312,0.6462665520353686)
348.5 (0.7973372641732455,-1.126299154242275)
348.75 (-0.4693000250109505,-1.301797497857465)
349 (0.6043137812117845,-0.6783585448754638)
349.25 (0.02052220944150146,-0.4267555954137539)
349.5 (1.415095464368109,1.192068077925014)
349.75 (-0.6827191612599121,-0.9444973696871413)
350 (-0.1228688917714346,0.9392060017010674)
350.25 (0.08103886511438037,0.7683172593126903)
350.5 (-0.8969600636369547,-1.791216214638895)
350.75 (-0.8811015230253629,1.112205377510049)
351 (1.169212541276835,-1.32878508326897)
351.25 (-0.01523353335610712,-0.4123322426938035)
351.5 (1.418253811884514,0.293421496397957)
351.75 (-0.7273304676310152,0.8640684306617779)
352 (-0.8545149178533042,0.3088841197725316)
352.25 (0.5708837867827405,0.7152649798588474)
352.5 (-2.353784110030448,-2.347560637864907)
352.75 (1.899278183193621,0.5737434912104231)
353 (-0.9177467883567549,1.945084659795066)
353.25 (-0.04422450412801772,-0.01867837505105959)
353.5 (0.4336676257499976,-0.06570391938046524)
353.75 (-0.4830766840755428,0.1569356032950751)
354 (0.3759418553284922,0.2104645225797325)
354.25 (-0.7451493388566004,-2.192941009543856)
354.5 (-0.2391869408013312,-2.414854708228398)
354.75 (1.092238913135555,3.013913257363504)
355 (-1.258123150766792,-0.7641684081463779)
355.25 (0.8782727196976134,1.579233075118096)
355.5 (0.7070595873544876,-0.183762191272182)
355.75 (0.4440890153659715,-0.08597456070578723)
356 (0.07461787498225489,-1.39477326141581)
356.25 (-0.6806884064319165,-0.03653362992438766)
356.5 (1.656135198090531,2.133029489379205)
356.75 (-1.178734735902066,-1.246296129217177)
357 (1.104665780476928,0.4251787090612708)
357.25 (-1.537575798956892,0.1830968117173175)
357.5 (-0.818005950971295,-1.755202344769648)
357.75 (0.1843185619675745,0.6159480121024451)
358 (0.03496347730367701,1.050380368709722)
358.25 (1.950338559503636,1.197717715700779)
358.5 (-1.141862408146528,-0.4084293528147206)
358.75 (0.1371225657359877,-0.5754263051552163)
359 (-1.851198055111981,1.145560574323941)
359.25 (0.8020460074785786,-1.827769030352935)
359.5 (0.5506807793049312,-0.8142676276780207)
359.75 (0.1277350277710138,0.5238299858142372)
360 (-0.3178945157264903,0.7286452515502275)
360.25 (1.193128097886923,0.3602095877493266)
360.5 (-0.2835287006594684,0.2990842039667573)
360.75 (-0.7619102150647032,-0.6506453443070265)
361 (1.606246089571608,-1.231504618599003)
361.25 (-0.9369700814139051,-0.8088839362660718)
361.5 (-0.803661810926378,0.9735858302374969)
361.75 (1.723771736051235,0.1766993657929755)
362 (-0.4471321940315851,0.6487057215322859)
362.25 (0.328163736044972,0.6591866831309151)
362.5 (-1.151879738041305,1.206129074481823)
362.75 (-0.1974222251689864,-0.4534950962228751)
363 (0.5229985288737183,-2.091677336798928)
363.25 (-0.2890948993987698,0.2830808205091118)
363.5 (0.1492484090178419,0.07366225525237505)
363.75 (-1.331054153268674,0.03055296633656004)
364 (0.7241461902481303,-1.625418150978661)
364.25 (0.1843779515952176,2.724879260388076)
364.5 (-0.6910089687989708,0.007889553418193895)
364.75 (-0.4080884435101886,0.7738528678657246)
365 (2.093514461365773,-0.8522380400239684)
365.25 (-1.218400646864865,-0.8594273141640297)
365.5 (1.12305699324877,1.402300652004437)
365.75 (0.3576870271969083,-0.2962629033524612)
366 (0.3240483372848314,-0.1291166448174435)
366.25 (-0.6925608062901432,-2.462408039595253)
366.5 (1.789196319138373,0.5653097983786513)
366.75 (-2.070294058739251,0.1169321561196627)
367 (0.0894289966207952,-0.5175919752473681)
367.25 (0.6328264349714026,-0.3326488077812273)
367.5 (-0.5822471392269176,0.4049632048295889)
367.75 (-1.923882882630651,2.668018011213356)
368 (-0.6398173667959836,0.8563216562146722)
368.25 (1.068379293187457,-1.044512946587485)
368.5 (0.7094721604851908,-1.258964607453459)
368.75 (0.4564725227667021,0.3205850049440453)
369 (0.07059696040329536,0.9515390901456496)
369.25 (-0.6731811236791563,0.5142131264247765)
369.5 (-0.4892266399130958,-1.375777196132791)
369.75 (0.6772905947695683,-1.2028835182263)
370 (-0.8829212257194831,0.5753394443987293)
370.25 (0.1741553193467169,-0.3846981200235213)
370.5 (1.182226298921757,-1.593671308932667)
370.75 (-0.1309768094526692,0.8996340152651809)
371 (0.1464678483354398,0.6567923603610144)
371.25 (0.6574926385295903,0.1284171240167759)
371.5 (-0.4248731952794979,-1.263367116794323)
371.75 (-1.67263523895794,1.651786393497967)
372 (1.169680076811609,0.9569661115581451)
372.25 (-0.267460178699474,0.02184529590162079)
372.5 (0.7576967877501798,-1.312344782426183)
372.75 (-0.5340564077000418,2.288636036566049)
373 (-0.2157759693378148,-1.060966081454619)
373.25 (-1.346425323221805,0.1031923596684219)
373.5 (1.471676877852791,-0.8476337977515723)
373.75 (0.9983884114422545,0.1039394613655836)
374 (-0.1300567460943895,1.008397562943336)
374.25 (-2.357279123383598,0.305386321053277)
374.5 (0.9658590928432185,-1.758748277838215)
374.75 (-0.2097862018016126,0.5179875968431631)
375 (1.434089452708514,0.209679295908673)
375.25 (1.625352319946928,0.8476538868289946)
375.5 (-1.765814735731714,-0.9432219232509566)
375.75 (-0.3501722713284089,-0.07790766170420929)
376 (1.249739037321739,-0.2607587107090055)
376.25 (-0.4338048338696415,0.5327971817410643)
376.5 (-1.442628743371746,-0.6890779172335636)
376.75 (0.4480485519501012,0.3318653946374469)
377 (-1.042507456209175,0.1764588511429626)
377.25 (0.8634700089905164,-0.8322558729821824)
377.5 (-1.191893420611557,1.768140288165418)
377.75 (-0.05621686075979983,0.385297488471958)
378 (1.574483931318036,-1.727209593485612)
378.25 (-0.5409634940764627,-0.4084647121770349)
378.5 (0.8716416318381652,-0.171959264785967)
378.75 (-1.770286140101085,-1.025337166503663)
379 (1.015190314695049,1.884496690509115)
379.25 (1.964089016411952,-1.147549859917329)
379.5 (-1.560292460694206,0.7871216150331947)
379.75 (-0.4340175728471036,-0.03754191501181214)
380 (1.220632311124281,-0.5628727232537513)
380.25 (0.3197418653690942,0.1133565892038263)
380.5 (-1.039085743545179,0.8471377059962809)
380.75 (-0.272678947171885,0.6211256343972379)
381 (1.800227681981539,-0.8997204584565252)
381.25 (-1.822707612957591,0.8616329817101857)
381.5 (0.3382757715230753,-0.3693601587485886)
381.75 (-0.9472751298989217,-0.1923106296374002)
382 (1.107098691732605,-0.3406882269438237)
382.25 (1.092664024232146,-0.72141427202257)
382.5 (1.786182643548932,-0.05394467382893278)
382.75 (-2.13006608633865,1.087967647629666)
383 (-2.614821803532113,-0.1743099969270049)
383.25 (-0.4526977878661702,1.282004560079751)
383.5 (-0.609243891458196,-0.9961364591778702)
383.75 (0.9212582904715509,0.1164066208548016)
384 (0.399193261609194,-0.460676309435795)
384.25 (1.62624653249599,-0.6168406561231864)
384.5 (0.104500003848726,-0.08806773603275626)
384.75 (-0.8523782269321624,1.656721305455677)
385 (0.4998370588630439,-0.3678200146426663)
385.25 (0.3534267474788891,-0.3624937880082728)
385.5 (-0.4379494093985021,0.9554706529023069)
385.75 (0.05369505153478074,-0.260606643996806)
386 (1.819638925335144,0.4232554536370315)
386.25 (-0.001416314098381764,-1.23271004213337)
386.5 (-0.2783266068226711,1.127138289261245)
386.75 (-2.385904959453308,-0.7758289927447843)
387 (0.1683086707005094,-1.537986436643398)
387.25 (0.4035902430762596,0.7043383051709864)
387.5 (-1.636285489667362,1.435627283621619)
387.75 (0.04450279434925268,-1.717364396568387)
388 (1.33515298088448,-0.7568200468646165)
388.25 (0.6692771565509473,0.07919931669719282)
388.5 (-1.073218905481009,0.6857431927267216)
388.75 (-0.172051143020606,1.705951527802976)
389 (1.06528331092114,-1.231991801495442)
389.25 (0.8520610139901523,-0.165765761663452)
389.5 (0.4116455940011238,0.1696580290816747)
389.75 (0.1390310787663566,0.6782928970075692)
390 (-0.2923675510484967,-0.1491312775736893)
390.25 (0.0697195274946507,-0.4473293318602959)
390.5 (-0.7109791523156429,2.023686682844247)
390.75 (0.6391895952900182,-1.438571466558161)
391 (-1.214626029067186,-0.5640609866653862)
391.25 (0.3683376367356306,-1.202074230153524)
391.5 (-0.384778302283152,1.362442357100242)
391.75 (0.179178374749663,0.7429897956960255)
392 (-1.136739690337891,-0.8966750983430082)
392.25 (1.362103261475814,0.004458764663611703)
392.5 (-0.9239688278698757,-0.7643564710094631)
392.75 (-0.4234765941077373,1.502489542923007)
393 (-0.8732565390802808,0.5327463868471907)
393.25 (0.5799297355890762,-0.2105820425239581)
393.5 (-0.7492544467657012,-0.5618650574074256)
393.75 (1.520576184350828,-0.7647799700648766)
394 (0.5525926250412586,-0.7589638877429044)
394.25 (0.8517880826832723,-0.1642171858262294)
394.5 (-0.4752689383094467,1.735840166433745)
394.75 (0.0469493133164059,0.8918217608307024)
395 (0.4625498018058596,0.231638407704856)
395.25 (-0.1897510130681765,-0.008744489163098931)
395.5 (0.3119666970391211,0.6086353920905651)
395.75 (-0.6302613333466486,-1.049411875283939)
396 (-1.711830382527415,-2.044929561202971)
396.25 (0.9155672279090984,-1.911748410610226)
396.5 (0.01133380313908382,0.5264917791861435)
396.75 (1.047499836196216,0.7940379003676341)
397 (-0.9788615605262673,0.9101939803529645)
397.25 (0.4351471536951486,1.069574017990094)
397.5 (-0.8680029174438708,-0.461181733262037)
397.75 (-0.746671900046273,0.6790928536221814)
398 (-0.09370212242517556,-0.3701811650145874)
398.25 (1.072457837254898,1.258579759961969)
398.5 (1.040489784889223,-0.7938387555478975)
398.75 (-0.539654499343579,-0.2338293356174455)
399 (0.8083146421254354,-0.285580953123569)
399.25 (-0.5263653914814411,0.05246558972429474)
399.5 (-0.1336982445057719,1.931572423036264)
399.75 (1.030758822963781,-0.8861395054332323)
400 (-0.8206124320997888,-1.180741015291578)
400.25 (1.911675470689763,-0.2840072198754925)
400.5 (-0.7110575477258569,-0.6807100787042363)
400.75 (-0.7576652252659686,0.6289798154719221)
401 (-1.819458114087787,0.3064207437827066)
401.25 (0.576689267685498,0.6880913481038432)
401.5 (-1.331184583028824,0.5725187942199356)
401.75 (0.1420033200585712,-0.7483879635660728)
402 (0.8028574056514886,-0.3969103309060074)
402.25 (0.4612211609146205,0.259264545633912)
402.5 (-0.419942129370832,-1.383187440546225)
402.75 (1.308354587381233,-0.5861418750495694)
403 (0.3744798840315184,1.268653089815206)
403.25 (-0.6225083921794016,0.390614842404881)
403.5 (-0.9640675985324724,-0.1296464078323423)
403.75 (1.526713295532831,-0.8398089238785261)
404 (-0.5494748512175831,-1.548084460832731)
404.25 (-0.4171472326699185,2.627339287552485)
404.5 (0.4398471919670612,-0.4953700489819557)
404.75 (-0.6598864632412706,0.05178397557501846)
405 (-0.5833578168533975,0.7975825124217323)
405.25 (-1.027326384243624,0.2981598903342987)
405.5 (1.215522633844432,-0.02325756146074553)
405.75 (1.787453378471664,-0.6261374516579548)
406 (0.6871138600304847,-0.7443773049599569)
406.25 (0.2008811113841719,0.3123871253578542)
406.5 (0.8572909877767495,0.6176764326157197)
406.75 (-1.033138794745521,-0.1994119395530792)
407 (-0.03416971417088142,-0.1157569194484331)
407.25 (-2.978468258996355,1.329535851044821)
407.5 (0.09867378859344024,-0.4622443600936801)
407.75 (-1.266289386608065,-1.474634685124677)
408 (-0.103011248163509,0.5337572821874127)
408.25 (0.4373930822002137,-0.8103258034604244)
408.5 (2.36456158133584,-1.236074035975124)
408.75 (0.8076935908345774,1.691361993238182)
409 (1.575389957057344,0.8039222342402141)
409.25 (-1.656297240903121,-0.007747913191789566)
409.5 (-0.2096886247009003,0.7001904947897937)
409.75 (-1.232764832435993,-0.9349117766797107)
410 (-0.3042160209404113,-0.2766612139641011)
410.25 (0.6482487341402977,1.353084140835978)
410.5 (0.7835035087688713,0.2434792213970164)
410.75 (-0.5905815156557602,-1.568989280808331)
411 (-0.2835591559925845,-0.03863551492626949)
411.25 (-0.706311480241032,0.02268466524778678)
411.5 (-1.805725342278459,-1.524101789653794)
411.75 (1.321267825781247,1.148529127920271)
412 (1.205187975350976,2.311116656653805)
412.25 (1.143772255013563,-2.261620169004894)
412.5 (-0.6442297216936406,-0.8945060196855817)
412.75 (0.1516241526441642,0.1892236081109763)
413 (0.4336279374181885,0.4063915070966076)
413.25 (-0.9841672850974137,0.8925757814683742)
413.5 (0.5877247145259528,-0.1441725389381183)
413.75 (-0.298494949532492,0.3871442250299733)
414 (0.1206031648242045,-0.304023750517031)
414.25 (-0.2578651876254558,0.7638400176380282)
414.5 (2.159999426061392,-0.9647498570503389)
414.75 (-1.788935225111734,-1.425452147396191)
415 (-1.125594364705641,0.2442294735614762)
415.25 (-0.3419382031360876,2.474270849781281)
415.5 (1.267729882840458,-0.6200358172757484)
415.75 (-1.021539131943284,0.2437632544377978)
416 (1.039983700057898,-1.139753907851768)
416.25 (-0.5696199334099709,-0.02515216294634479)
416.5 (0.7991831451578759,-0.8090218837627774)
416.75 (0.02888978414258091,0.8381519812589964)
417 (0.3490608903899488,1.279922882828611)
417.25 (-0.651695547834665,0.3919766700596779)
417.5 (-1.27110490314106,-0.4546972064834714)
417.75 (0.8372177153390725,0.09161345397534217)
418 (0.7701586391486142,-0.661652220670163)
418.25 (-0.3767694357170047,-1.449745442685005)
418.5 (0.5882083190712568,0.9402066510596293)
418.75 (0.6318508742819949,-1.100256935552234)
419 (-1.398470925473557,0.9687457717299943)
419.25 (0.5848153248905011,0.07086308351954548)
419.5 (-0.8161144883930697,0.587615275123868)
419.75 (0.7615369679717214,0.7481433089173896)
420 (-0.4687447299409939,-1.293698936635902)
420.25 (-0.5113552546416734,0.6479544689919603)
420.5 (-0.5604401060919972,-1.12763515194317)
420.75 (1.678426197905982,-0.3015580708291054)
421 (-1.515630789557198,-0.02270059051392445)
421.25 (-1.086425854560109,-0.08858751458472383)
421.5 (-0.256903973278567,1.963437249537224)
421.75 (2.171921549729075,0.4101182919537906)
422 (0.7754892058165251,0.4737287849875549)
422.25 (0.4194133103583336,-0.9397633359899914)
422.5 (-1.725252872369481,-1.524350963093677)
422.75 (-0.3165499956417142,-0.9589676618931808)
423 (0.6265683628553893,0.0120480446314984)
423.25 (0.772009104397248,0.6109348659663499)
423.5 (-1.312016225223517,1.049185907887153)
423.75 (0.5015073590231941,0.2865118449666558)
424 (0.9918572915403708,1.167404142193205)
424.25 (1.189466924332327,0.6313068806689496)
424.5 (0.1181352993775589,-0.917925663680686)
424.75 (-0.7478948872120947,-1.281356678402941)
425 (-0.6191093825132026,-0.9606949322951682)
425.25 (-0.08579365557057583,-0.1434792640253177)
425.5 (0.2858319434321633,1.55264202550806)
425.75 (1.370923383568518,0.74816473985258)
426 (-2.225245930384173,-1.011519012387587)
426.25 (-0.8930967271444938,-0.6158955439733483)
426.5 (-0.9594373735203741,-0.1090718236210604)
426.75 (-0.2702829167814114,-1.587973708804058)
427 (1.284745472044727,0.5922507914699443)
427.25 (0.3928029847010255,-1.05897451587396)
427.5 (0.1012252693090017,-0.2678790492383364)
427.75 (0.6898641775653821,1.550012631371418)
428 (-1.267006601096856,2.200539454413396)
428.25 (0.2208651618313455,1.359140470447425)
428.5 (0.3226914395278181,0.06697274643730101)
428.75 (0.2837026878745169,-0.1263340670363267)
429 (0.5080772590164779,-0.8323090157135625)
429.25 (0.03963527262175121,-0.7388763661052958)
429.5 (0.7013514326365105,1.201623792985399)
429.75 (-1.241706060649888,-1.97918407785094)
430 (-0.7605918977692862,1.147609673386776)
430.25 (0.2150501491396673,-0.89373986093824)
430.5 (1.070140444528332,0.2335729409998047)
430.75 (0.5955962461173322,0.2831743851392644)
431 (-0.01597391316696799,0.09335158054179735)
431.25 (-0.3003840380639008,-1.042594857895615)
431.5 (-0.7434805088947942,-0.173199988238913)
431.75 (0.02018969256658241,0.5418107250906339)
432 (-0.2270117928678353,-1.490798550582726)
432.25 (-0.713702521646006,-0.7705086838257289)
432.5 (0.8266341971395262,0.1925642379570819)
432.75 (-0.4300168556042199,0.6259547690694823)
433 (1.11355876923433,2.608079872011712)
433.25 (-0.245093190522502,-0.06836966657837508)
433.5 (0.9277072955928496,0.695706488902286)
433.75 (-0.5215428944865645,-0.8312039622641566)
434 (0.02636559919819374,-1.009450217066113)
434.25 (-0.824059903095207,-0.6936369531102529)
434.5 (0.2033551122085505,-0.1910638134224723)
434.75 (0.4330657456342718,1.260603806573577)
435 (-0.2904123913094497,0.4904153671290968)
435.25 (-0.04904302686974683,-0.4640241684802148)
435.5 (-1.023318340468976,-0.05860481622182484)
435.75 (0.2154141525601295,-1.933537539479877)
436 (-1.614581376087733,0.6194380026466746)
436.25 (0.7501150027288019,0.09838916164439766)
436.5 (-0.2419342774607086,0.7298672772360995)
436.75 (1.075346698055126,0.1722851048084278)
437 (0.6624307302621153,1.014755527995747)
437.25 (0.9116446942662773,0.668408965802828)
437.5 (1.293309858274961,0.4982300010155)
437.75 (-0.3952016819468009,-1.610365769265362)
438 (0.107871025347669,-1.183838792013288)
438.25 (-2.246226737306855,-0.7676724257632797)
438.5 (-0.09846401699098735,-0.1031008396180471)
438.75 (1.180144185334718,0.5458837422114258)
439 (-0.9807747408987181,0.002261073375408193)
439.25 (-0.06578898823725178,-0.1468918957644855)
439.5 (-1.264926615872897,0.6053895729291732)
439.75 (0.3876226943271887,-0.1535652637454365)
440 (1.404915985896986,1.328968447574814)
440.25 (0.9864739981454902,0.04211910447355306)
440.5 (-1.283803284480183,0.4552298603732014)
440.75 (-0.2540121806803591,-1.163293612541074)
441 (0.1771486482904771,0.3558405109979179)
441.25 (-0.1297542356296577,0.9588826376777665)
441.5 (0.967518884722524,0.4842359595574795)
441.75 (0.06041065401844704,-0.3006300427993481)
442 (-0.3761050557948265,-0.6667702886655583)
442.25 (-0.2889557677754411,-0.3730174413742067)
442.5 (0.1944832941464064,-2.080793845998497)
442.75 (-0.9479955573214727,1.592241016527567)
443 (0.6371903140784583,-0.7862002346337613)
443.25 (0.2016723969551152,-0.07733773992729449)
443.5 (-0.8078266678554292,-0.1291334632791107)
443.75 (0.8424826366793625,1.326072970095785)
444 (-1.247829846885275,0.3589899550097884)
444.25 (-1.005833368626958,-0.3239152911411523)
444.5 (0.09286973246935866,-1.144554021338437)
444.75 (1.432957685312033,0.2491716857769813)
445 (0.5582519521162203,-0.8169526791877036)
445.25 (0.3547237259053646,-0.8829864892859776)
445.5 (1.226185028802042,0.8273970615202306)
445.75 (-1.482518056567864,2.049138654651817)
446 (-1.093763181917222,0.3961780778768051)
446.25 (0.6744371610270025,1.666334459616598)
446.5 (-1.855051734953099,1.240810088438029)
446.75 (1.141005461219423,-2.401760682374864)
447 (1.664080521344559,-1.224964095656615)
447.25 (0.5562173075161139,-0.1830353243332053)
447.5 (0.03359022361404818,-0.4884666358999013)
447.75 (-1.193650621786698,1.263838554583)
448 (0.7818180458406163,-1.816619839726791)
448.25 (-0.2789653175552163,0.2280104378805258)
448.5 (-0.218045698012224,0.2137388710810844)
448.75 (-0.1600327003030892,0.1822252129277908)
449 (-0.1084508029244605,0.1413900830980157)
449.25 (-0.06590210601482058,0.09877506604310128)
449.5 (-0.03375398107429997,0.06043274966975413)
449.75 (-0.01204007261265485,0.03023782292213111)
450 (0.0003864119723650946,0.009734397244895224)
450.25 (0.005522627754748449,-0.001578128260833408)
450.5 (0.00577019498444035,-0.005626098273439296)
450.75 (0.003480453878938721,-0.005007303072730728)
451 (0.000581369102246432,-0.002281302600464749)
451.25 (-0.001648554124835344,0.0005539014068156979)
451.5 (-0.002633122766527103,0.002323614494257951)
451.75 (-0.002395668495039794,0.002676854287121634)
452 (-0.001352271281515552,0.00188856208184196)
452.25 (-6.761821792829356e-05,0.000559872961952943)
452.5 (0.0009599407110133197,-0.0006807957470310346)
452.75 (0.001437436515759139,-0.001396855424291603)
453 (0.001321056907051688,-0.001442144342967913)
453.25 (0.0007740677064004648,-0.000940907994534001)
453.5 (6.976229035466116e-05,-0.0001840249929543538)
453.75 (-0.0005200414045080357,0.0005065876804890905)
454 (-0.0008139254832943411,0.000895048178196618)
454.25 (-0.00076399608355709,0.0008961517919057546)
454.5 (-0.0004477628745437716,0.0005766415353281459)
454.75 (-2.040260045077905e-05,0.0001047391957643469)
455 (0.0003505607972712933,-0.0003259205192555996)
455.25 (0.0005439442539439283,-0.0005679020157814179)
455.5 (0.000518839938496164,-0.0005638762079862081)
455.75 (0.0003163219966508414,-0.0003524324644409439)
456 (3.317192573145005e-05,-3.986174287430165e-05)
456.25 (-0.0002194944082196309,0.0002471992542465125)
456.5 (-0.0003566750764302513,0.0004092282226349497)
456.75 (-0.00034540783864696,0.0004050175336632462)
457 (-0.000209297736661186,0.000258150101692591)
457.25 (-1.290573226595471e-05,3.992887051277422e-05)
457.5 (0.0001660491488205739,-0.0001621212168748797)
457.75 (0.0002656256943912653,-0.0002773740954125523)
458 (0.0002595371529683022,-0.0002750342441706765)
458.25 (0.0001621780926239163,-0.0001701557229997678)
458.5 (1.882467484374273e-05,-1.276733325981445e-05)
458.75 (-0.0001139446631666806,0.0001341201203058936)
459 (-0.0001895971039039253,0.000218506627527142)
459.25 (-0.000187101756001415,0.0002167324408974984)
459.5 (-0.0001157040547141119,0.0001387912888345024)
459.75 (-8.424407390395149e-06,2.103904153204638e-05)
460 (9.219894941878105e-05,-8.967899402041302e-05)
460.25 (0.0001503229257465285,-0.0001539769366520571)
460.5 (0.0001489957451824742,-0.0001533144196292449)
460.75 (9.438399128697908e-05,-9.452355447759606e-05)
461 (1.133460161009481e-05,-4.798649308248684e-06)
461.25 (-6.734693420885441e-05,8.013082391627415e-05)
461.5 (-0.0001134732998200535,0.000129733873372144)
461.75 (-0.0001132338418399002,0.0001292131237933078)
462 (-7.088955126735996e-05,8.336750542012352e-05)
462.25 (-5.629304270593568e-06,1.303409068720324e-05)
462.5 (5.669802051798243e-05,-5.394329703465193e-05)
462.75 (9.352826074198343e-05,-9.343954202128415e-05)
463 (9.349714926692314e-05,-9.347377700317696e-05)
463.25 (5.964175657722368e-05,-5.750317223399356e-05)
463.5 (7.08995931173629e-06,-1.81087286826753e-06)
463.75 (-4.342234306796289e-05,5.1504697218445e-05)
464 (-7.355863544993389e-05,8.306556495303617e-05)
464.25 (-7.388554376407835e-05,8.305432915279974e-05)
464.5 (-4.661199675603718e-05,5.399817446242805e-05)
464.75 (-3.886532453845255e-06,8.848197275508018e-06)
465 (3.739840170377492e-05,-3.458072125404131e-05)
465.25 (6.214523821042076e-05,-6.050531057623518e-05)
465.5 (6.24455351794541e-05,-6.078455328960482e-05)
465.75 (3.994785573290794e-05,-3.730583295754054e-05)
466 (4.559697885322002e-06,-5.282485280185366e-07)
466.25 (-2.977980448147594e-05,3.499469688750605e-05)
466.5 (-5.049770141724304e-05,5.624863729891559e-05)
466.75 (-5.09134059313914e-05,5.642045270175749e-05)
467 (-3.228160425702836e-05,3.694094464505254e-05)
467.25 (-2.784282263950626e-06,6.361994344706186e-06)
467.5 (2.594109929636511e-05,-2.328335125303406e-05)
467.75 (4.332067743001909e-05,-4.115131131447402e-05)
468 (4.366419390830332e-05,-4.148687909146364e-05)
468.25 (2.794161998759647e-05,-2.538900564894107e-05)
468.5 (2.992079696527174e-06,6.30386143426796e-08)
468.75 (-2.137595649235734e-05,2.48201627152236e-05)
469 (-3.618824898924343e-05,3.975819203808255e-05)
469.25 (-3.656647991949871e-05,3.997996411543617e-05)
469.5 (-2.32712378810444e-05,2.63393194792352e-05)
469.75 (-2.075005908246564e-06,4.755136592522271e-06)
470 (1.868049524544482e-05,-1.630085878169479e-05)
470.25 (3.13180116910693e-05,-2.908701037225369e-05)
470.5 (3.162751717625322e-05,-2.940628234374579e-05)
470.75 (2.021516302814371e-05,-1.793243891401205e-05)
471 (1.993038983647419e-06,3.426832827372385e-07)
471.25 (-1.588689788633811e-05,1.821523336158542e-05)
471.5 (-2.681313415467323e-05,2.906893213351672e-05)
471.75 (-2.712953348748302e-05,2.928286077857991e-05)
472 (-1.73245360270773e-05,1.939470558097536e-05)
472.25 (-1.612142471133754e-06,3.650891776913057e-06)
472.5 (1.383613312372178e-05,-1.17803612139168e-05)
472.75 (2.328808022116926e-05,-2.120416637833567e-05)
473 (2.355253922714545e-05,-2.148072376111879e-05)
473.25 (1.502437894312774e-05,-1.304174720154172e-05)
473.5 (1.343338945858769e-06,4.727525389769572e-07)
473.75 (-1.213081644411212e-05,1.374405823177584e-05)
474 (-2.039989629310873e-05,2.184050159793418e-05)
474.25 (-2.06642949529966e-05,2.202525345323646e-05)
474.5 (-1.324603625991926e-05,1.464939872482074e-05)
474.75 (-1.307833339421508e-06,2.85457332986295e-06)
475 (1.047034690383831e-05,-8.74565165592355e-06)
475.25 (1.770726799448826e-05,-1.585672991843281e-05)
475.5 (1.793537140997283e-05,-1.608237175698573e-05)
475.75 (1.14177992697715e-05,-9.711157727707762e-06)
476 (9.163829298641596e-07,5.289862608256618e-07)
476.25 (-9.461632404734652e-06,1.061316493519787e-05)
476.5 (-1.585774634840056e-05,1.678259910128881e-05)
476.75 (-1.608503802665121e-05,1.692834651506586e-05)
477 (-1.036096790787515e-05,1.129236003912486e-05)
477.25 (-1.108538496313467e-06,2.257229511221521e-06)
477.5 (8.051827800309795e-06,-6.647935330082999e-06)
477.75 (1.370644926996346e-05,-1.211762731886964e-05)
478 (1.391065865076978e-05,-1.229052887167115e-05)
478.25 (8.842505378473707e-06,-7.370914116206322e-06)
478.5 (6.359068070508032e-07,5.491090957070276e-07)
478.75 (-7.504199939708828e-06,8.359667686874465e-06)
479 (-1.254641725033663e-05,1.314204381249664e-05)
479.25 (-1.275315869411795e-05,1.3246659360107e-05)
479.5 (-8.268802055922686e-06,8.847891943867796e-06)
479.75 (-9.807817399610526e-07,1.793571898678038e-06)
480 (6.263753518681204e-06,-5.163930933385636e-06)
480.25 (1.076203448858202e-05,-9.436618716692766e-06)
480.5 (1.095592109216243e-05,-9.558656468385344e-06)
480.75 (6.962344970921959e-06,-5.682498828437801e-06)
481 (4.545690792137095e-07,5.528189277707685e-07)
481.25 (-6.029560565256034e-06,6.700931767268848e-06)
481.5 (-1.007237542736285e-05,1.045905009117818e-05)
481.75 (-1.027158740699403e-05,1.052115427347543e-05)
482 (-6.719118079324303e-06,7.021679733039805e-06)
482.25 (-9.030407489740673e-07,1.422110188104911e-06)
482.5 (4.908008001374933e-06,-4.094721509988315e-06)
482.75 (8.544338932521199e-06,-7.472806466555373e-06)
483 (8.739261673728693e-06,-7.545816083045387e-06)
483.25 (5.563464127742735e-06,-4.435222690355104e-06)
483.5 (3.421289178861144e-07,5.506648730294988e-07)
483.75 (-4.891219878492956e-06,5.456743915858728e-06)
484 (-8.183434801664412e-06,8.441307042273789e-06)
484.25 (-8.386154651902601e-06,8.460503981893104e-06)
484.5 (-5.551233928843691e-06,5.626311670034832e-06)
484.75 (-8.615007312750338e-07,1.115811419621697e-06)
485 (3.856651461762337e-06,-3.314154339004943e-06)
485.25 (6.840373269543113e-06,-6.009308259717586e-06)
485.5 (7.045311526058627e-06,-6.034228416937324e-06)
485.75 (4.505872423732426e-06,-3.49379598508166e-06)
486 (2.789089517066589e-07,5.483879176112106e-07)
486.25 (-3.991913979277008e-06,4.50823163261849e-06)
486.5 (-6.711725317340368e-06,6.896008386241123e-06)
486.75 (-6.92761557692873e-06,6.872425786757938e-06)
487 (-4.657887700656285e-06,4.537476496604631e-06)
487.25 (-8.46860809628632e-07,8.558975564218858e-07)
487.5 (3.023304954603684e-06,-2.738944191114233e-06)
487.75 (5.506664800676011e-06,-4.902545471969123e-06)
488 (5.730256898251941e-06,-4.880611138534815e-06)
488.25 (3.697135300207866e-06,-2.770051694923993e-06)
488.5 (2.520599682775716e-07,5.494562141106737e-07)
488.75 (-3.268021127391928e-06,3.778138048260872e-06)
489 (-5.549934783999643e-06,5.700248451816552e-06)
489.25 (-5.790199536650398e-06,5.636248487020584e-06)
489.5 (-3.97567247541736e-06,3.679779171437667e-06)
489.75 (-8.561655512174366e-07,6.316205253045293e-07)
490 (2.361199648580962e-06,-2.325502052001987e-06)
490.25 (4.476049781862121e-06,-4.084185424384406e-06)
490.5 (4.738957588200584e-06,-4.025023639063372e-06)
490.75 (3.111295006392969e-06,-2.231025730618545e-06)
491 (2.570159053980237e-07,5.646882025416147e-07)
491.25 (-2.725632177444735e-06,3.274159118115399e-06)
491.5 (-4.725008543530681e-06,4.874272908778929e-06)
491.75 (-5.026087144337014e-06,4.787754943810926e-06)
492 (-3.560184971787226e-06,3.085193720445313e-06)
492.25 (-9.1727050262981e-07,4.466830422274446e-07)
492.5 (1.892536683726621e-06,-2.111525074342561e-06)
492.75 (3.818182953327285e-06,-3.622454726113659e-06)
493 (4.156877556849078e-06,-3.531861668921955e-06)
493.25 (2.808290321891053e-06,-1.901168343562767e-06)
493.5 (3.024813713466536e-07,6.233312654800117e-07)
493.75 (-2.405275151098552e-06,3.062688383761205e-06)
494 (-4.300707380209809e-06,4.484228380666724e-06)
494.25 (-4.689384320890359e-06,4.356781841593587e-06)
494.5 (-3.446788223530547e-06,2.744230963196743e-06)
494.75 (-1.061541407026495e-06,2.797512878326683e-07)
495 (1.557444853206616e-06,-2.084038339572012e-06)
495.25 (3.423116706146993e-06,-3.440181284503083e-06)
495.5 (3.843002820247131e-06,-3.278129966736694e-06)
495.75 (2.679094056853807e-06,-1.679737739564928e-06)
496 (3.88643225464204e-07,7.213557909894571e-07)
496.25 (-2.154934700873512e-06,2.988454588863634e-06)
496.5 (-3.996133700827607e-06,4.24704474081897e-06)
496.75 (-4.457979828515489e-06,4.022685640656142e-06)
497 (-3.394552098775406e-06,2.422600112757526e-06)
497.25 (-1.234880895860368e-06,8.466552964931535e-08)
497.5 (1.189552762862501e-06,-2.077799547444673e-06)
497.75 (2.966232110657644e-06,-3.235389739861443e-06)
498 (3.446511323553274e-06,-2.963978217757341e-06)
498.25 (2.486188145464618e-06,-1.405070806431089e-06)
498.5 (4.866890829508981e-07,8.019115848255965e-07)
498.75 (-1.774037154246163e-06,2.782705830292945e-06)
499 (-3.445092129418238e-06,3.774516101435775e-06)
499.25 (-3.928285958577678e-06,3.424724991474163e-06)
499.5 (-3.094933521722155e-06,1.915455862546989e-06)
499.75 (-1.310032314570338e-06,-1.30063195198039e-07)
500 (7.22374493568664e-07,-1.904577778550187e-06)
500.25 (2.242415827816058e-06,-2.741791503079263e-06)
500.5 (2.720092625189994e-06,-2.369999654414051e-06)
500.75 (2.042820629508515e-06,-1.000948866850666e-06)
501 (5.318084553796843e-07,7.792818867847173e-07)
501.25 (-1.2052811172627e-06,2.260033035634509e-06)
501.5 (-2.518250679171044e-06,2.888255800499508e-06)
501.75 (-2.957632589298038e-06,2.474687439066461e-06)
502 (-2.424675589534799e-06,1.242085198189645e-06)
502.25 (-1.182717893311562e-06,-2.869346507507988e-07)
502.5 (2.686481921194148e-07,-1.513067517866969e-06)
502.75 (1.392157798725609e-06,-1.994744030508354e-06)
503 (1.811715193206628e-06,-1.608512245119276e-06)
503.25 (1.441255765955787e-06,-5.776168588411998e-07)
503.5 (4.887531423452573e-07,6.434621919941143e-07)
503.75 (-6.321079730164409e-07,1.547825694773907e-06)
504 (-1.414536143604432e-06,1.734559752460499e-06)
504.25 (-1.056177601327123e-06,8.409224814434743e-07)
504.5 (-7.577482207002245e-07,2.992295964394951e-07)
504.75 (-8.565552458665758e-07,-3.121968023514268e-07)
505 (-2.353164707862067e-08,-1.070661905032139e-06)
505.25 (7.388466581288129e-07,-1.323389857492626e-06)
505.5 (1.101281120912781e-06,-1.003095794471002e-06)
505.75 (9.644440836679229e-07,-2.87464832906161e-07)
506 (4.249725733712518e-07,5.095525951319374e-07)
506.25 (-2.832318140676786e-07,1.070878736257015e-06)
506.5 (-8.883679538912747e-07,1.199760691674208e-06)
506.75 (-1.181980814673415e-06,8.855676099932559e-07)
507 (-1.088070263771663e-06,2.922789562073674e-07)
507.25 (-6.820519398000245e-07,-3.191766951870146e-07)
507.5 (-1.479460997217891e-07,-7.057513970346943e-07)
507.75 (2.986883163908735e-07,-7.424256341025146e-07)
508 (5.01609526566047e-07,-4.724658908779074e-07)
508.25 (4.296450694348896e-07,-7.904223946145043e-08)
508.5 (1.909930595388593e-07,2.115535464689416e-07)
508.75 (-2.77874026074059e-08,2.638375925588085e-07)
509 (-7.558027888142378e-08,1.173943730847332e-07)
509.25 (-7.318823201447133e-08,5.083346368550266e-08)
509.5 (-2.684954135644596e-07,3.650881700379636e-08)
509.75 (-3.297078657486435e-07,-1.832786189691416e-07)
510 (-1.715673390111849e-07,-4.536996197741108e-07)
510.25 (1.363891724826535e-08,-5.799647775105455e-08)
510.5 (4.251800140810997e-07,-4.179918848497666e-07)
510.75 (5.448055103198408e-07,-3.390059557720013e-08)
511 (4.070786942514558e-07,4.222067048510016e-07)
511.25 (4.714653339116939e-08,7.421423599651424e-07)
511.5 (-4.061363319774541e-07,7.760591977326819e-07)
511.75 (-7.847177365825358e-07,4.949262163390812e-07)
512 (0,0)
