totalLogLikelihoodDensity totalLogPriorDensity H1NoiseLogPriorDensity L1NoiseLogPriorDensity gwLogPriorDensity gwExtrinsicLogPriorDensityTracker gwCbcLogPriorDensityTracker
234.1245317383647 43.59441787567901 0 0 43.59441787567901 53.97320466012191 -10.3787867844429
293.7042131665432 43.55474391470356 0 0 43.55474391470356 53.93353069914646 -10.3787867844429
293.7042131665432 43.55474391470356 0 0 43.55474391470356 53.93353069914646 -10.3787867844429
293.7042131665432 43.55474391470356 0 0 43.55474391470356 53.93353069914646 -10.3787867844429
311.8630936674077 43.53526919608566 0 0 43.53526919608566 53.91405598052856 -10.3787867844429
311.8630936674077 43.53526919608566 0 0 43.53526919608566 53.91405598052856 -10.3787867844429
312.2468714112571 43.57224552794408 0 0 43.57224552794408 53.95103231238697 -10.3787867844429
312.2468714112571 43.57224552794408 0 0 43.57224552794408 53.95103231238697 -10.3787867844429
312.2468714112571 43.57224552794408 0 0 43.57224552794408 53.95103231238697 -10.3787867844429
312.2468714112571 43.57224552794408 0 0 43.57224552794408 53.95103231238697 -10.3787867844429
312.2468714112571 43.57224552794408 0 0 43.57224552794408 53.95103231238697 -10.3787867844429
312.2468714112571 43.57224552794408 0 0 43.57224552794408 53.95103231238697 -10.3787867844429
312.2468714112571 43.57224552794408 0 0 43.57224552794408 53.95103231238697 -10.3787867844429
312.2468714112571 43.57224552794408 0 0 43.57224552794408 53.95103231238697 -10.3787867844429
312.2468714112571 43.57224552794408 0 0 43.57224552794408 53.95103231238697 -10.3787867844429
312.3515061147166 43.60020770086305 0 0 43.60020770086305 53.97899448530595 -10.3787867844429
312.335407742156 43.61720398320064 0 0 43.61720398320064 53.99599076764353 -10.3787867844429
312.335407742156 43.61720398320064 0 0 43.61720398320064 53.99599076764353 -10.3787867844429
312.335407742156 43.61720398320064 0 0 43.61720398320064 53.99599076764353 -10.3787867844429
312.335407742156 43.61720398320064 0 0 43.61720398320064 53.99599076764353 -10.3787867844429
312.335407742156 43.61720398320064 0 0 43.61720398320064 53.99599076764353 -10.3787867844429
312.335407742156 43.61720398320064 0 0 43.61720398320064 53.99599076764353 -10.3787867844429
312.335407742156 43.61720398320064 0 0 43.61720398320064 53.99599076764353 -10.3787867844429
312.335407742156 43.61720398320064 0 0 43.61720398320064 53.99599076764353 -10.3787867844429
313.0771800880104 43.61323517429194 0 0 43.61323517429194 53.99202195873484 -10.3787867844429
312.6092539000977 43.67210439474934 0 0 43.67210439474934 54.05089117919223 -10.3787867844429
312.944868048751 43.60402937082952 0 0 43.60402937082952 53.98281615527242 -10.3787867844429
312.6031798689386 43.61155524221024 0 0 43.61155524221024 53.99034202665315 -10.3787867844429
312.6031798689386 43.61155524221024 0 0 43.61155524221024 53.99034202665315 -10.3787867844429
312.6031798689386 43.61155524221024 0 0 43.61155524221024 53.99034202665315 -10.3787867844429
312.6031798689386 43.61155524221024 0 0 43.61155524221024 53.99034202665315 -10.3787867844429
312.6031798689386 43.61155524221024 0 0 43.61155524221024 53.99034202665315 -10.3787867844429
311.8996045371008 43.63827817668357 0 0 43.63827817668357 54.01706496112647 -10.3787867844429
311.8996045371008 43.63827817668357 0 0 43.63827817668357 54.01706496112647 -10.3787867844429
312.4219885077846 43.54990069120194 0 0 43.54990069120194 53.92868747564484 -10.3787867844429
312.4219885077846 43.54990069120194 0 0 43.54990069120194 53.92868747564484 -10.3787867844429
312.5886704939102 43.52705276404805 0 0 43.52705276404805 53.90583954849095 -10.3787867844429
312.5886704939102 43.52705276404805 0 0 43.52705276404805 53.90583954849095 -10.3787867844429
312.5886704939102 43.52705276404805 0 0 43.52705276404805 53.90583954849095 -10.3787867844429
312.5886704939102 43.52705276404805 0 0 43.52705276404805 53.90583954849095 -10.3787867844429
312.5886704939102 43.52705276404805 0 0 43.52705276404805 53.90583954849095 -10.3787867844429
313.0875784981461 43.53651184332729 0 0 43.53651184332729 53.91529862777018 -10.3787867844429
313.7221281244786 43.5198758916024 0 0 43.5198758916024 53.8986626760453 -10.3787867844429
313.7221281244786 43.5198758916024 0 0 43.5198758916024 53.8986626760453 -10.3787867844429
313.7221281244786 43.5198758916024 0 0 43.5198758916024 53.8986626760453 -10.3787867844429
314.2038513882045 43.52261327685289 0 0 43.52261327685289 53.9014000612958 -10.3787867844429
314.3473990239002 43.49858202293731 0 0 43.49858202293731 53.87736880738021 -10.3787867844429
314.3130954395428 43.46619481471082 0 0 43.46619481471082 53.84498159915371 -10.3787867844429
314.3130954395428 43.46619481471082 0 0 43.46619481471082 53.84498159915371 -10.3787867844429
314.3130954395428 43.46619481471082 0 0 43.46619481471082 53.84498159915371 -10.3787867844429
314.5716486258515 43.39208129735691 0 0 43.39208129735691 53.77086808179981 -10.3787867844429
314.5716486258515 43.39208129735691 0 0 43.39208129735691 53.77086808179981 -10.3787867844429
314.5716486258515 43.39208129735691 0 0 43.39208129735691 53.77086808179981 -10.3787867844429
314.3940588938684 43.40965963513075 0 0 43.40965963513075 53.78844641957365 -10.3787867844429
314.9891592003055 43.33459607157539 0 0 43.33459607157539 53.71338285601829 -10.3787867844429
315.4131323076507 43.32097869358694 0 0 43.32097869358694 53.69976547802984 -10.3787867844429
315.4131323076507 43.32097869358694 0 0 43.32097869358694 53.69976547802984 -10.3787867844429
315.4566345597472 43.3362958042471 0 0 43.3362958042471 53.71508258869 -10.3787867844429
315.5088524676564 43.32020062978573 0 0 43.32020062978573 53.69898741422863 -10.3787867844429
315.5088524676564 43.32020062978573 0 0 43.32020062978573 53.69898741422863 -10.3787867844429
315.5120976094573 43.26035397708483 0 0 43.26035397708483 53.63914076152773 -10.3787867844429
315.5120976094573 43.26035397708483 0 0 43.26035397708483 53.63914076152773 -10.3787867844429
315.7975591496492 43.2401850108332 0 0 43.2401850108332 53.6189717952761 -10.3787867844429
315.7975591496492 43.2401850108332 0 0 43.2401850108332 53.6189717952761 -10.3787867844429
315.8023460414433 43.26591433606347 0 0 43.26591433606347 53.64470112050638 -10.3787867844429
315.8023460414433 43.26591433606347 0 0 43.26591433606347 53.64470112050638 -10.3787867844429
315.8023460414433 43.26591433606347 0 0 43.26591433606347 53.64470112050638 -10.3787867844429
315.9905667555791 43.28242255712055 0 0 43.28242255712055 53.66120934156346 -10.3787867844429
316.1077514695772 43.22213627619266 0 0 43.22213627619266 53.60092306063556 -10.3787867844429
316.1077514695772 43.22213627619266 0 0 43.22213627619266 53.60092306063556 -10.3787867844429
316.0259049820121 43.24423879595473 0 0 43.24423879595473 53.62302558039762 -10.3787867844429
315.7762442655306 43.2971501669804 0 0 43.2971501669804 53.6759369514233 -10.3787867844429
315.8117992361322 43.30412731494086 0 0 43.30412731494086 53.68291409938376 -10.3787867844429
316.0062074918969 43.28364518241851 0 0 43.28364518241851 53.6624319668614 -10.3787867844429
316.0062074918969 43.28364518241851 0 0 43.28364518241851 53.6624319668614 -10.3787867844429
315.8509881860723 43.31273939504611 0 0 43.31273939504611 53.69152617948901 -10.3787867844429
315.8509881860723 43.31273939504611 0 0 43.31273939504611 53.69152617948901 -10.3787867844429
315.6806019440105 43.3503662781164 0 0 43.3503662781164 53.72915306255929 -10.3787867844429
315.6806019440105 43.3503662781164 0 0 43.3503662781164 53.72915306255929 -10.3787867844429
315.7264322983357 43.39694343097689 0 0 43.39694343097689 53.77573021541979 -10.3787867844429
315.7264322983357 43.39694343097689 0 0 43.39694343097689 53.77573021541979 -10.3787867844429
315.7264322983357 43.39694343097689 0 0 43.39694343097689 53.77573021541979 -10.3787867844429
315.8809692566184 43.41823194748056 0 0 43.41823194748056 53.79701873192347 -10.3787867844429
315.902938786892 43.39255598926691 0 0 43.39255598926691 53.77134277370981 -10.3787867844429
315.8822568990619 43.43764706363959 0 0 43.43764706363959 53.81643384808249 -10.3787867844429
315.6555856345512 43.53177830440652 0 0 43.53177830440652 53.91056508884942 -10.3787867844429
315.670388426121 43.51243502337091 0 0 43.51243502337091 53.89122180781381 -10.3787867844429
315.8709794797172 43.50065994195164 0 0 43.50065994195164 53.87944672639454 -10.3787867844429
315.8566203212095 43.50269084192479 0 0 43.50269084192479 53.88147762636768 -10.3787867844429
315.8313335850894 43.46999941668047 0 0 43.46999941668047 53.84878620112337 -10.3787867844429
315.8313335850894 43.46999941668047 0 0 43.46999941668047 53.84878620112337 -10.3787867844429
315.8546423575749 43.34455716203244 0 0 43.34455716203244 53.72334394647534 -10.3787867844429
315.9791433852978 43.34647559828875 0 0 43.34647559828875 53.72526238273165 -10.3787867844429
316.0128269923414 43.31820949643181 0 0 43.31820949643181 53.6969962808747 -10.3787867844429
316.0128269923414 43.31820949643181 0 0 43.31820949643181 53.6969962808747 -10.3787867844429
316.2362930667018 43.27621965580431 0 0 43.27621965580431 53.65500644024721 -10.3787867844429
316.1793606837642 43.32785048287508 0 0 43.32785048287508 53.70663726731797 -10.3787867844429
316.1793606837642 43.32785048287508 0 0 43.32785048287508 53.70663726731797 -10.3787867844429
316.1793606837642 43.32785048287508 0 0 43.32785048287508 53.70663726731797 -10.3787867844429
316.491825599494 43.34411007380122 0 0 43.34411007380122 53.72289685824411 -10.3787867844429
316.4060091031592 43.41398422661527 0 0 43.41398422661527 53.79277101105817 -10.3787867844429
316.4060091031592 43.41398422661527 0 0 43.41398422661527 53.79277101105817 -10.3787867844429
316.614187438917 43.38003103228714 0 0 43.38003103228714 53.75881781673003 -10.3787867844429
316.6999466929788 43.36547785754533 0 0 43.36547785754533 53.74426464198823 -10.3787867844429
316.6999466929788 43.36547785754533 0 0 43.36547785754533 53.74426464198823 -10.3787867844429
316.5533672153941 43.35165617460952 0 0 43.35165617460952 53.73044295905241 -10.3787867844429
316.5533672153941 43.35165617460952 0 0 43.35165617460952 53.73044295905241 -10.3787867844429
316.5533672153941 43.35165617460952 0 0 43.35165617460952 53.73044295905241 -10.3787867844429
316.5533672153941 43.35165617460952 0 0 43.35165617460952 53.73044295905241 -10.3787867844429
316.6316378484935 43.36659603243857 0 0 43.36659603243857 53.74538281688147 -10.3787867844429
316.6316378484935 43.36659603243857 0 0 43.36659603243857 53.74538281688147 -10.3787867844429
316.8636202160843 43.34784108445088 0 0 43.34784108445088 53.72662786889378 -10.3787867844429
316.8636202160843 43.34784108445088 0 0 43.34784108445088 53.72662786889378 -10.3787867844429
316.4314335188491 43.33727709108652 0 0 43.33727709108652 53.71606387552942 -10.3787867844429
316.4774181723681 43.28450633409933 0 0 43.28450633409933 53.66329311854224 -10.3787867844429
316.4774181723681 43.28450633409933 0 0 43.28450633409933 53.66329311854224 -10.3787867844429
316.4178058327769 43.28881810050717 0 0 43.28881810050717 53.66760488495007 -10.3787867844429
316.287294487786 43.28230443514725 0 0 43.28230443514725 53.66109121959015 -10.3787867844429
315.9547853492303 43.30549295886863 0 0 43.30549295886863 53.68427974331153 -10.3787867844429
315.652351472468 43.33308380994134 0 0 43.33308380994134 53.71187059438424 -10.3787867844429
315.6880993853473 43.36297790312609 0 0 43.36297790312609 53.74176468756899 -10.3787867844429
315.6880993853473 43.36297790312609 0 0 43.36297790312609 53.74176468756899 -10.3787867844429
315.6385753723446 43.40525864460594 0 0 43.40525864460594 53.78404542904883 -10.3787867844429
315.8443562720046 43.37899829429776 0 0 43.37899829429776 53.75778507874066 -10.3787867844429
315.8443562720046 43.37899829429776 0 0 43.37899829429776 53.75778507874066 -10.3787867844429
315.8443562720046 43.37899829429776 0 0 43.37899829429776 53.75778507874066 -10.3787867844429
315.9034886148434 43.38493469755065 0 0 43.38493469755065 53.76372148199355 -10.3787867844429
316.2117876216111 43.35026770463445 0 0 43.35026770463445 53.72905448907734 -10.3787867844429
316.3618636067864 43.41458980515485 0 0 43.41458980515485 53.79337658959774 -10.3787867844429
316.3618636067864 43.41458980515485 0 0 43.41458980515485 53.79337658959774 -10.3787867844429
316.6116885175621 43.4368350939699 0 0 43.4368350939699 53.81562187841281 -10.3787867844429
316.6116885175621 43.4368350939699 0 0 43.4368350939699 53.81562187841281 -10.3787867844429
316.6116885175621 43.4368350939699 0 0 43.4368350939699 53.81562187841281 -10.3787867844429
316.5918439603772 43.36576346416339 0 0 43.36576346416339 53.74455024860629 -10.3787867844429
316.5487455880289 43.34675352566826 0 0 43.34675352566826 53.72554031011116 -10.3787867844429
316.5487455880289 43.34675352566826 0 0 43.34675352566826 53.72554031011116 -10.3787867844429
316.4069365767061 43.34113019938778 0 0 43.34113019938778 53.71991698383068 -10.3787867844429
316.4069365767061 43.34113019938778 0 0 43.34113019938778 53.71991698383068 -10.3787867844429
316.4931556101724 43.34339841117138 0 0 43.34339841117138 53.72218519561428 -10.3787867844429
316.4987630124309 43.3398370537362 0 0 43.3398370537362 53.71862383817911 -10.3787867844429
316.4987630124309 43.3398370537362 0 0 43.3398370537362 53.71862383817911 -10.3787867844429
316.4856548437399 43.32512783504912 0 0 43.32512783504912 53.70391461949202 -10.3787867844429
316.5738622686691 43.31518901929095 0 0 43.31518901929095 53.69397580373385 -10.3787867844429
316.1980683886424 43.29159974206596 0 0 43.29159974206596 53.67038652650886 -10.3787867844429
316.1747457678491 43.26316420039504 0 0 43.26316420039504 53.64195098483793 -10.3787867844429
316.3109661605029 43.2888365746881 0 0 43.2888365746881 53.66762335913101 -10.3787867844429
316.4732820024188 43.30162610812941 0 0 43.30162610812941 53.68041289257231 -10.3787867844429
316.4732820024188 43.30162610812941 0 0 43.30162610812941 53.68041289257231 -10.3787867844429
316.4732820024188 43.30162610812941 0 0 43.30162610812941 53.68041289257231 -10.3787867844429
316.4708754879501 43.23341278511649 0 0 43.23341278511649 53.61219956955938 -10.3787867844429
316.4708754879501 43.23341278511649 0 0 43.23341278511649 53.61219956955938 -10.3787867844429
316.6626341987488 43.27533400096682 0 0 43.27533400096682 53.65412078540972 -10.3787867844429
316.6512220043497 43.23684608875524 0 0 43.23684608875524 53.61563287319814 -10.3787867844429
316.6512220043497 43.23684608875524 0 0 43.23684608875524 53.61563287319814 -10.3787867844429
316.6512220043497 43.23684608875524 0 0 43.23684608875524 53.61563287319814 -10.3787867844429
316.6512220043497 43.23684608875524 0 0 43.23684608875524 53.61563287319814 -10.3787867844429
316.6512220043497 43.23684608875524 0 0 43.23684608875524 53.61563287319814 -10.3787867844429
316.6512220043497 43.23684608875524 0 0 43.23684608875524 53.61563287319814 -10.3787867844429
316.6512220043497 43.23684608875524 0 0 43.23684608875524 53.61563287319814 -10.3787867844429
316.8397057237666 43.30665780266416 0 0 43.30665780266416 53.68544458710706 -10.3787867844429
316.8397057237666 43.30665780266416 0 0 43.30665780266416 53.68544458710706 -10.3787867844429
316.8298707359816 43.27074181694779 0 0 43.27074181694779 53.64952860139068 -10.3787867844429
316.6906984256798 43.31576392765879 0 0 43.31576392765879 53.69455071210169 -10.3787867844429
316.9097908618062 43.35635049826232 0 0 43.35635049826232 53.73513728270521 -10.3787867844429
316.8652732075267 43.33595956124125 0 0 43.33595956124125 53.71474634568415 -10.3787867844429
316.8652732075267 43.33595956124125 0 0 43.33595956124125 53.71474634568415 -10.3787867844429
316.9267179420886 43.35620091169794 0 0 43.35620091169794 53.73498769614083 -10.3787867844429
316.8577966139566 43.33318850522595 0 0 43.33318850522595 53.71197528966884 -10.3787867844429
316.7476060022015 43.32373384804913 0 0 43.32373384804913 53.70252063249202 -10.3787867844429
316.7476060022015 43.32373384804913 0 0 43.32373384804913 53.70252063249202 -10.3787867844429
316.7476060022015 43.32373384804913 0 0 43.32373384804913 53.70252063249202 -10.3787867844429
316.7476060022015 43.32373384804913 0 0 43.32373384804913 53.70252063249202 -10.3787867844429
317.0151255582173 43.35119260090926 0 0 43.35119260090926 53.72997938535215 -10.3787867844429
316.8211103029389 43.33004191373982 0 0 43.33004191373982 53.70882869818272 -10.3787867844429
316.8211103029389 43.33004191373982 0 0 43.33004191373982 53.70882869818272 -10.3787867844429
316.8211103029389 43.33004191373982 0 0 43.33004191373982 53.70882869818272 -10.3787867844429
316.8211103029389 43.33004191373982 0 0 43.33004191373982 53.70882869818272 -10.3787867844429
316.8211103029389 43.33004191373982 0 0 43.33004191373982 53.70882869818272 -10.3787867844429
317.102695383354 43.36430958653618 0 0 43.36430958653618 53.74309637097907 -10.3787867844429
317.102695383354 43.36430958653618 0 0 43.36430958653618 53.74309637097907 -10.3787867844429
317.102695383354 43.36430958653618 0 0 43.36430958653618 53.74309637097907 -10.3787867844429
317.2272871436256 43.36187483076435 0 0 43.36187483076435 53.74066161520725 -10.3787867844429
317.2272871436256 43.36187483076435 0 0 43.36187483076435 53.74066161520725 -10.3787867844429
317.4339477391148 43.35490362408751 0 0 43.35490362408751 53.73369040853041 -10.3787867844429
317.4339477391148 43.35490362408751 0 0 43.35490362408751 53.73369040853041 -10.3787867844429
317.2445945325874 43.42808308381929 0 0 43.42808308381929 53.80686986826218 -10.3787867844429
317.1803193627575 43.43266066654473 0 0 43.43266066654473 53.81144745098764 -10.3787867844429
317.1803193627575 43.43266066654473 0 0 43.43266066654473 53.81144745098764 -10.3787867844429
317.5137077282527 43.45114608388629 0 0 43.45114608388629 53.82993286832919 -10.3787867844429
317.5137077282527 43.45114608388629 0 0 43.45114608388629 53.82993286832919 -10.3787867844429
317.4516489813102 43.44447034907921 0 0 43.44447034907921 53.82325713352211 -10.3787867844429
317.4516489813102 43.44447034907921 0 0 43.44447034907921 53.82325713352211 -10.3787867844429
317.4516489813102 43.44447034907921 0 0 43.44447034907921 53.82325713352211 -10.3787867844429
317.4618477286033 43.38991846047637 0 0 43.38991846047637 53.76870524491926 -10.3787867844429
317.4559198142499 43.42838676818609 0 0 43.42838676818609 53.80717355262898 -10.3787867844429
317.4326058223339 43.44161032853764 0 0 43.44161032853764 53.82039711298053 -10.3787867844429
317.4326058223339 43.44161032853764 0 0 43.44161032853764 53.82039711298053 -10.3787867844429
317.8360512150255 43.45060922501617 0 0 43.45060922501617 53.82939600945907 -10.3787867844429
317.564546677796 43.40528430682109 0 0 43.40528430682109 53.78407109126398 -10.3787867844429
317.564546677796 43.40528430682109 0 0 43.40528430682109 53.78407109126398 -10.3787867844429
317.5641350218272 43.36622394107583 0 0 43.36622394107583 53.74501072551873 -10.3787867844429
317.5641350218272 43.36622394107583 0 0 43.36622394107583 53.74501072551873 -10.3787867844429
317.8010716902793 43.34788358494538 0 0 43.34788358494538 53.72667036938828 -10.3787867844429
317.8378712186427 43.33508453763397 0 0 43.33508453763397 53.71387132207688 -10.3787867844429
317.8378712186427 43.33508453763397 0 0 43.33508453763397 53.71387132207688 -10.3787867844429
317.8378712186427 43.33508453763397 0 0 43.33508453763397 53.71387132207688 -10.3787867844429
317.7222552469526 43.35197389217501 0 0 43.35197389217501 53.7307606766179 -10.3787867844429
317.7717728701552 43.36477102780019 0 0 43.36477102780019 53.74355781224308 -10.3787867844429
317.7175922739849 43.38806393119027 0 0 43.38806393119027 53.76685071563318 -10.3787867844429
317.2902854571751 43.37693169540439 0 0 43.37693169540439 53.75571847984729 -10.3787867844429
317.211781377344 43.35479910462116 0 0 43.35479910462116 53.73358588906406 -10.3787867844429
317.211781377344 43.35479910462116 0 0 43.35479910462116 53.73358588906406 -10.3787867844429
317.3532487450157 43.37286291021397 0 0 43.37286291021397 53.75164969465686 -10.3787867844429
317.4010813542194 43.40541714343014 0 0 43.40541714343014 53.78420392787304 -10.3787867844429
317.6004701083491 43.40271075769238 0 0 43.40271075769238 53.78149754213527 -10.3787867844429
317.7763041352069 43.40799663539848 0 0 43.40799663539848 53.78678341984137 -10.3787867844429
317.7549508236738 43.40479518175434 0 0 43.40479518175434 53.78358196619723 -10.3787867844429
317.8836585066379 43.40632044361591 0 0 43.40632044361591 53.78510722805881 -10.3787867844429
317.9038641395799 43.39823127140288 0 0 43.39823127140288 53.77701805584577 -10.3787867844429
317.6355673414596 43.37422045259318 0 0 43.37422045259318 53.75300723703608 -10.3787867844429
317.4698131800251 43.40285768451163 0 0 43.40285768451163 53.78164446895453 -10.3787867844429
317.4698131800251 43.40285768451163 0 0 43.40285768451163 53.78164446895453 -10.3787867844429
317.4698131800251 43.40285768451163 0 0 43.40285768451163 53.78164446895453 -10.3787867844429
317.4692040088825 43.40681058188017 0 0 43.40681058188017 53.78559736632306 -10.3787867844429
317.4692040088825 43.40681058188017 0 0 43.40681058188017 53.78559736632306 -10.3787867844429
317.4692040088825 43.40681058188017 0 0 43.40681058188017 53.78559736632306 -10.3787867844429
317.439454309966 43.40705919565744 0 0 43.40705919565744 53.78584598010033 -10.3787867844429
319.7627914656521 43.54956290308424 0 0 43.54956290308424 53.92834968752713 -10.3787867844429
319.7556634170405 43.59326720196027 0 0 43.59326720196027 53.97205398640317 -10.3787867844429
319.7556634170405 43.59326720196027 0 0 43.59326720196027 53.97205398640317 -10.3787867844429
319.7633368925298 43.54697048158755 0 0 43.54697048158755 53.92575726603044 -10.3787867844429
320.1317911570982 43.54570525943983 0 0 43.54570525943983 53.92449204388273 -10.3787867844429
320.0573086836099 43.51098296517496 0 0 43.51098296517496 53.88976974961786 -10.3787867844429
320.0573086836099 43.51098296517496 0 0 43.51098296517496 53.88976974961786 -10.3787867844429
320.066523651768 43.54330979601271 0 0 43.54330979601271 53.92209658045561 -10.3787867844429
320.0379959436472 43.56393793321561 0 0 43.56393793321561 53.94272471765851 -10.3787867844429
320.2662288384485 43.55948860589348 0 0 43.55948860589348 53.93827539033638 -10.3787867844429
319.9996663765473 43.5639093912521 0 0 43.5639093912521 53.942696175695 -10.3787867844429
320.0898741161672 43.59015638182606 0 0 43.59015638182606 53.96894316626896 -10.3787867844429
319.8610190346571 43.56991138358129 0 0 43.56991138358129 53.94869816802418 -10.3787867844429
319.8610190346571 43.56991138358129 0 0 43.56991138358129 53.94869816802418 -10.3787867844429
319.8610190346571 43.56991138358129 0 0 43.56991138358129 53.94869816802418 -10.3787867844429
319.6360204190889 43.59693372970096 0 0 43.59693372970096 53.97572051414387 -10.3787867844429
319.7311183957833 43.58865642485353 0 0 43.58865642485353 53.96744320929642 -10.3787867844429
319.7311183957833 43.58865642485353 0 0 43.58865642485353 53.96744320929642 -10.3787867844429
319.7311183957833 43.58865642485353 0 0 43.58865642485353 53.96744320929642 -10.3787867844429
319.6808533289926 43.59022548734993 0 0 43.59022548734993 53.96901227179283 -10.3787867844429
319.6808533289926 43.59022548734993 0 0 43.59022548734993 53.96901227179283 -10.3787867844429
321.1271784000406 43.56891166818886 0 0 43.56891166818886 53.94769845263176 -10.3787867844429
320.9244205910182 43.52773181369692 0 0 43.52773181369692 53.90651859813981 -10.3787867844429
320.9860195668801 43.5276891008436 0 0 43.5276891008436 53.9064758852865 -10.3787867844429
321.2238293399133 43.4852473914469 0 0 43.4852473914469 53.86403417588981 -10.3787867844429
321.3454142151355 43.46494331853599 0 0 43.46494331853599 53.84373010297888 -10.3787867844429
321.4743673009653 43.45023048419446 0 0 43.45023048419446 53.82901726863737 -10.3787867844429
321.4743673009653 43.45023048419446 0 0 43.45023048419446 53.82901726863737 -10.3787867844429
321.335476128645 43.42800619950384 0 0 43.42800619950384 53.80679298394674 -10.3787867844429
321.4025322612741 43.44382096850357 0 0 43.44382096850357 53.82260775294647 -10.3787867844429
321.4025322612741 43.44382096850357 0 0 43.44382096850357 53.82260775294647 -10.3787867844429
321.4025322612741 43.44382096850357 0 0 43.44382096850357 53.82260775294647 -10.3787867844429
321.8437508926959 43.45487537849279 0 0 43.45487537849279 53.83366216293569 -10.3787867844429
321.4698225381346 43.49773128978313 0 0 43.49773128978313 53.87651807422603 -10.3787867844429
321.4698225381346 43.49773128978313 0 0 43.49773128978313 53.87651807422603 -10.3787867844429
321.519067189049 43.48052614935965 0 0 43.48052614935965 53.85931293380255 -10.3787867844429
321.8628557576529 43.47498404668762 0 0 43.47498404668762 53.85377083113052 -10.3787867844429
321.8628557576529 43.47498404668762 0 0 43.47498404668762 53.85377083113052 -10.3787867844429
321.8628557576529 43.47498404668762 0 0 43.47498404668762 53.85377083113052 -10.3787867844429
321.8628557576529 43.47498404668762 0 0 43.47498404668762 53.85377083113052 -10.3787867844429
321.778234384253 43.43317254604648 0 0 43.43317254604648 53.81195933048937 -10.3787867844429
321.778234384253 43.43317254604648 0 0 43.43317254604648 53.81195933048937 -10.3787867844429
321.7536956212119 43.48805925851666 0 0 43.48805925851666 53.86684604295955 -10.3787867844429
321.8622537773877 43.511911487652 0 0 43.511911487652 53.8906982720949 -10.3787867844429
321.7983542746576 43.58666413054405 0 0 43.58666413054405 53.96545091498695 -10.3787867844429
321.9149495569073 43.60156225062171 0 0 43.60156225062171 53.98034903506461 -10.3787867844429
321.9476795353866 43.61402097995419 0 0 43.61402097995419 53.99280776439709 -10.3787867844429
321.9476795353866 43.61402097995419 0 0 43.61402097995419 53.99280776439709 -10.3787867844429
321.9429155482022 43.59350107571916 0 0 43.59350107571916 53.97228786016206 -10.3787867844429
321.7623928211387 43.62476373947241 0 0 43.62476373947241 54.00355052391531 -10.3787867844429
321.8589886914498 43.65793340657784 0 0 43.65793340657784 54.03672019102074 -10.3787867844429
322.0174400215503 43.61106935219605 0 0 43.61106935219605 53.98985613663896 -10.3787867844429
322.0174400215503 43.61106935219605 0 0 43.61106935219605 53.98985613663896 -10.3787867844429
321.9621496237934 43.58596619408537 0 0 43.58596619408537 53.96475297852827 -10.3787867844429
321.9621496237934 43.58596619408537 0 0 43.58596619408537 53.96475297852827 -10.3787867844429
322.0733552563057 43.60291117620014 0 0 43.60291117620014 53.98169796064304 -10.3787867844429
322.0733552563057 43.60291117620014 0 0 43.60291117620014 53.98169796064304 -10.3787867844429
322.1244955358397 43.59994857218595 0 0 43.59994857218595 53.97873535662885 -10.3787867844429
322.1244955358397 43.59994857218595 0 0 43.59994857218595 53.97873535662885 -10.3787867844429
322.0410161149423 43.62202035148763 0 0 43.62202035148763 54.00080713593053 -10.3787867844429
322.0410161149423 43.62202035148763 0 0 43.62202035148763 54.00080713593053 -10.3787867844429
322.0410161149423 43.62202035148763 0 0 43.62202035148763 54.00080713593053 -10.3787867844429
321.9380241557594 43.61394082965055 0 0 43.61394082965055 53.99272761409345 -10.3787867844429
322.414165486329 43.59480288757607 0 0 43.59480288757607 53.97358967201897 -10.3787867844429
322.5191987183624 43.61127484348459 0 0 43.61127484348459 53.9900616279275 -10.3787867844429
322.5191987183624 43.61127484348459 0 0 43.61127484348459 53.9900616279275 -10.3787867844429
322.5191987183624 43.61127484348459 0 0 43.61127484348459 53.9900616279275 -10.3787867844429
322.5190741802585 43.61926876016672 0 0 43.61926876016672 53.99805554460961 -10.3787867844429
322.8141398659776 43.61290043444285 0 0 43.61290043444285 53.99168721888575 -10.3787867844429
322.8141398659776 43.61290043444285 0 0 43.61290043444285 53.99168721888575 -10.3787867844429
323.9180049437896 43.66702688261464 0 0 43.66702688261464 54.04581366705753 -10.3787867844429
324.0422728086294 43.65295557764824 0 0 43.65295557764824 54.03174236209114 -10.3787867844429
324.0422728086294 43.65295557764824 0 0 43.65295557764824 54.03174236209114 -10.3787867844429
333.733254267594 43.57364250980507 0 0 43.57364250980507 53.95242929424797 -10.3787867844429
333.7625074495563 43.56965109115535 0 0 43.56965109115535 53.94843787559824 -10.3787867844429
333.8769822267447 43.57030735521349 0 0 43.57030735521349 53.94909413965638 -10.3787867844429
333.8769822267447 43.57030735521349 0 0 43.57030735521349 53.94909413965638 -10.3787867844429
333.8769822267447 43.57030735521349 0 0 43.57030735521349 53.94909413965638 -10.3787867844429
333.9521320987934 43.56935630906644 0 0 43.56935630906644 53.94814309350933 -10.3787867844429
333.9497423758044 43.60530107880631 0 0 43.60530107880631 53.98408786324921 -10.3787867844429
333.9497423758044 43.60530107880631 0 0 43.60530107880631 53.98408786324921 -10.3787867844429
333.9334743045325 43.53088630904172 0 0 43.53088630904172 53.90967309348461 -10.3787867844429
333.9334743045325 43.53088630904172 0 0 43.53088630904172 53.90967309348461 -10.3787867844429
333.817131526278 43.52314496504042 0 0 43.52314496504042 53.90193174948332 -10.3787867844429
333.8110450555927 43.5362099494273 0 0 43.5362099494273 53.9149967338702 -10.3787867844429
333.530682327933 43.54210033178668 0 0 43.54210033178668 53.92088711622958 -10.3787867844429
333.482566990018 43.52907836262487 0 0 43.52907836262487 53.90786514706777 -10.3787867844429
333.83108034116 43.58464634463262 0 0 43.58464634463262 53.96343312907551 -10.3787867844429
333.83108034116 43.58464634463262 0 0 43.58464634463262 53.96343312907551 -10.3787867844429
334.795866306572 43.67403534198459 0 0 43.67403534198459 54.05282212642749 -10.3787867844429
334.6310084782408 43.63025645302328 0 0 43.63025645302328 54.00904323746617 -10.3787867844429
334.7867278617705 43.64011704626398 0 0 43.64011704626398 54.01890383070688 -10.3787867844429
334.7867278617705 43.64011704626398 0 0 43.64011704626398 54.01890383070688 -10.3787867844429
334.8429853791592 43.65007706402673 0 0 43.65007706402673 54.02886384846963 -10.3787867844429
334.8429853791592 43.65007706402673 0 0 43.65007706402673 54.02886384846963 -10.3787867844429
334.8429853791592 43.65007706402673 0 0 43.65007706402673 54.02886384846963 -10.3787867844429
334.8429853791592 43.65007706402673 0 0 43.65007706402673 54.02886384846963 -10.3787867844429
334.8429853791592 43.65007706402673 0 0 43.65007706402673 54.02886384846963 -10.3787867844429
334.9163894886506 43.68007719231927 0 0 43.68007719231927 54.05886397676218 -10.3787867844429
334.9163894886506 43.68007719231927 0 0 43.68007719231927 54.05886397676218 -10.3787867844429
334.8469705897322 43.6737400219919 0 0 43.6737400219919 54.0525268064348 -10.3787867844429
334.9820495218246 43.71045515547219 0 0 43.71045515547219 54.08924193991508 -10.3787867844429
335.1052646156602 43.65943858770211 0 0 43.65943858770211 54.03822537214501 -10.3787867844429
335.1003488181408 43.70843308006086 0 0 43.70843308006086 54.08721986450375 -10.3787867844429
335.1003488181408 43.70843308006086 0 0 43.70843308006086 54.08721986450375 -10.3787867844429
335.1003488181408 43.70843308006086 0 0 43.70843308006086 54.08721986450375 -10.3787867844429
334.9400809222482 43.68380260237777 0 0 43.68380260237777 54.06258938682066 -10.3787867844429
334.6217813779791 43.69211171836814 0 0 43.69211171836814 54.07089850281103 -10.3787867844429
334.6784711273335 43.68677479829067 0 0 43.68677479829067 54.06556158273357 -10.3787867844429
334.7560286711077 43.70315538422811 0 0 43.70315538422811 54.08194216867101 -10.3787867844429
334.6995853511557 43.69950556298227 0 0 43.69950556298227 54.07829234742517 -10.3787867844429
334.6995853511557 43.69950556298227 0 0 43.69950556298227 54.07829234742517 -10.3787867844429
334.8616316815745 43.64669271884749 0 0 43.64669271884749 54.02547950329039 -10.3787867844429
334.8616316815745 43.64669271884749 0 0 43.64669271884749 54.02547950329039 -10.3787867844429
334.8396339376289 43.70188976902728 0 0 43.70188976902728 54.08067655347017 -10.3787867844429
335.1177788745928 43.66574210087029 0 0 43.66574210087029 54.04452888531318 -10.3787867844429
335.0748679509094 43.73813546839868 0 0 43.73813546839868 54.11692225284158 -10.3787867844429
335.0748679509094 43.73813546839868 0 0 43.73813546839868 54.11692225284158 -10.3787867844429
335.1869169986568 43.7639429295721 0 0 43.7639429295721 54.142729714015 -10.3787867844429
335.1755746696126 43.77786329489136 0 0 43.77786329489136 54.15665007933426 -10.3787867844429
335.0921118732874 43.7365544793562 0 0 43.7365544793562 54.1153412637991 -10.3787867844429
335.0921118732874 43.7365544793562 0 0 43.7365544793562 54.1153412637991 -10.3787867844429
335.3715178589933 43.75379487362748 0 0 43.75379487362748 54.13258165807038 -10.3787867844429
335.1855465329544 43.77053193648338 0 0 43.77053193648338 54.14931872092628 -10.3787867844429
335.2729095457096 43.74797616775282 0 0 43.74797616775282 54.12676295219572 -10.3787867844429
335.2729095457096 43.74797616775282 0 0 43.74797616775282 54.12676295219572 -10.3787867844429
335.0801301008228 43.72410256975876 0 0 43.72410256975876 54.10288935420165 -10.3787867844429
335.1626262712117 43.70670069716601 0 0 43.70670069716601 54.08548748160892 -10.3787867844429
335.3425191247825 43.63883546221955 0 0 43.63883546221955 54.01762224666245 -10.3787867844429
335.1957841578675 43.6357394313864 0 0 43.6357394313864 54.0145262158293 -10.3787867844429
334.9494174945099 43.63985574210105 0 0 43.63985574210105 54.01864252654394 -10.3787867844429
334.9494174945099 43.63985574210105 0 0 43.63985574210105 54.01864252654394 -10.3787867844429
334.9494174945099 43.63985574210105 0 0 43.63985574210105 54.01864252654394 -10.3787867844429
334.9494174945099 43.63985574210105 0 0 43.63985574210105 54.01864252654394 -10.3787867844429
334.9712971899326 43.60391272859302 0 0 43.60391272859302 53.98269951303591 -10.3787867844429
334.9347950934678 43.58280118680294 0 0 43.58280118680294 53.96158797124583 -10.3787867844429
334.9760759963344 43.60136816051944 0 0 43.60136816051944 53.98015494496234 -10.3787867844429
334.9760759963344 43.60136816051944 0 0 43.60136816051944 53.98015494496234 -10.3787867844429
334.8317411338021 43.653838208595 0 0 43.653838208595 54.03262499303791 -10.3787867844429
335.3718624323682 43.67452336768889 0 0 43.67452336768889 54.05331015213179 -10.3787867844429
335.5202780621894 43.74295529097581 0 0 43.74295529097581 54.12174207541871 -10.3787867844429
335.5202780621894 43.74295529097581 0 0 43.74295529097581 54.12174207541871 -10.3787867844429
335.5202780621894 43.74295529097581 0 0 43.74295529097581 54.12174207541871 -10.3787867844429
335.6475498466559 43.73182722614942 0 0 43.73182722614942 54.11061401059232 -10.3787867844429
335.7638556916461 43.71970485658595 0 0 43.71970485658595 54.09849164102884 -10.3787867844429
335.671312489284 43.67394990268699 0 0 43.67394990268699 54.05273668712989 -10.3787867844429
335.7254930302243 43.70427530233543 0 0 43.70427530233543 54.08306208677833 -10.3787867844429
335.9221497413267 43.7030131990463 0 0 43.7030131990463 54.08179998348919 -10.3787867844429
335.9221497413267 43.7030131990463 0 0 43.7030131990463 54.08179998348919 -10.3787867844429
335.9429005512096 43.68346506875989 0 0 43.68346506875989 54.06225185320279 -10.3787867844429
336.0732154740754 43.72469867014968 0 0 43.72469867014968 54.10348545459257 -10.3787867844429
336.0732154740754 43.72469867014968 0 0 43.72469867014968 54.10348545459257 -10.3787867844429
336.0224333871959 43.72668462008332 0 0 43.72668462008332 54.10547140452622 -10.3787867844429
336.0224333871959 43.72668462008332 0 0 43.72668462008332 54.10547140452622 -10.3787867844429
335.9539113280114 43.67474053378338 0 0 43.67474053378338 54.05352731822627 -10.3787867844429
335.9539113280114 43.67474053378338 0 0 43.67474053378338 54.05352731822627 -10.3787867844429
336.0674514305737 43.59642389538244 0 0 43.59642389538244 53.97521067982534 -10.3787867844429
336.8168816913189 43.65764867410063 0 0 43.65764867410063 54.03643545854353 -10.3787867844429
336.629498903433 43.67007854745292 0 0 43.67007854745292 54.04886533189581 -10.3787867844429
336.629498903433 43.67007854745292 0 0 43.67007854745292 54.04886533189581 -10.3787867844429
336.629498903433 43.67007854745292 0 0 43.67007854745292 54.04886533189581 -10.3787867844429
336.8437217057713 43.70441742295773 0 0 43.70441742295773 54.08320420740063 -10.3787867844429
336.8437217057713 43.70441742295773 0 0 43.70441742295773 54.08320420740063 -10.3787867844429
337.1196495766366 43.71460767965061 0 0 43.71460767965061 54.09339446409351 -10.3787867844429
337.168585697979 43.6989001458598 0 0 43.6989001458598 54.07768693030269 -10.3787867844429
337.168585697979 43.6989001458598 0 0 43.6989001458598 54.07768693030269 -10.3787867844429
337.1841140626068 43.69366660414011 0 0 43.69366660414011 54.07245338858301 -10.3787867844429
337.1841140626068 43.69366660414011 0 0 43.69366660414011 54.07245338858301 -10.3787867844429
337.3608576861784 43.73638757626421 0 0 43.73638757626421 54.1151743607071 -10.3787867844429
338.3703070038412 43.69075783463751 0 0 43.69075783463751 54.0695446190804 -10.3787867844429
338.3703070038412 43.69075783463751 0 0 43.69075783463751 54.0695446190804 -10.3787867844429
338.4071510151873 43.66298143407747 0 0 43.66298143407747 54.04176821852037 -10.3787867844429
338.5173993558501 43.58622429604381 0 0 43.58622429604381 53.9650110804867 -10.3787867844429
338.6672914738179 43.6164769474214 0 0 43.6164769474214 53.99526373186431 -10.3787867844429
338.7034251400805 43.65826899627672 0 0 43.65826899627672 54.03705578071962 -10.3787867844429
338.7034251400805 43.65826899627672 0 0 43.65826899627672 54.03705578071962 -10.3787867844429
338.7034251400805 43.65826899627672 0 0 43.65826899627672 54.03705578071962 -10.3787867844429
338.7034251400805 43.65826899627672 0 0 43.65826899627672 54.03705578071962 -10.3787867844429
338.719313901673 43.68896200204742 0 0 43.68896200204742 54.06774878649031 -10.3787867844429
338.719313901673 43.68896200204742 0 0 43.68896200204742 54.06774878649031 -10.3787867844429
338.7261679437749 43.67685601341613 0 0 43.67685601341613 54.05564279785903 -10.3787867844429
338.6940163754396 43.6900678026357 0 0 43.6900678026357 54.06885458707859 -10.3787867844429
338.6940163754396 43.6900678026357 0 0 43.6900678026357 54.06885458707859 -10.3787867844429
338.6940163754396 43.6900678026357 0 0 43.6900678026357 54.06885458707859 -10.3787867844429
338.6940163754396 43.6900678026357 0 0 43.6900678026357 54.06885458707859 -10.3787867844429
338.6791596959671 43.74327257536633 0 0 43.74327257536633 54.12205935980923 -10.3787867844429
338.6791596959671 43.74327257536633 0 0 43.74327257536633 54.12205935980923 -10.3787867844429
338.6791596959671 43.74327257536633 0 0 43.74327257536633 54.12205935980923 -10.3787867844429
338.5546493830244 43.78717548762606 0 0 43.78717548762606 54.16596227206896 -10.3787867844429
338.5546493830244 43.78717548762606 0 0 43.78717548762606 54.16596227206896 -10.3787867844429
338.5546493830244 43.78717548762606 0 0 43.78717548762606 54.16596227206896 -10.3787867844429
338.5546493830244 43.78717548762606 0 0 43.78717548762606 54.16596227206896 -10.3787867844429
338.5546493830244 43.78717548762606 0 0 43.78717548762606 54.16596227206896 -10.3787867844429
338.5546493830244 43.78717548762606 0 0 43.78717548762606 54.16596227206896 -10.3787867844429
338.5546493830244 43.78717548762606 0 0 43.78717548762606 54.16596227206896 -10.3787867844429
338.5546493830244 43.78717548762606 0 0 43.78717548762606 54.16596227206896 -10.3787867844429
338.4379116111684 43.80728064781323 0 0 43.80728064781323 54.18606743225613 -10.3787867844429
338.4379116111684 43.80728064781323 0 0 43.80728064781323 54.18606743225613 -10.3787867844429
338.3071178822088 43.74151127432985 0 0 43.74151127432985 54.12029805877275 -10.3787867844429
338.3670482075855 43.72118637781301 0 0 43.72118637781301 54.09997316225591 -10.3787867844429
338.3991741957925 43.70096213833085 0 0 43.70096213833085 54.07974892277375 -10.3787867844429
338.7188521666923 43.69567532063614 0 0 43.69567532063614 54.07446210507904 -10.3787867844429
338.7188521666923 43.69567532063614 0 0 43.69567532063614 54.07446210507904 -10.3787867844429
338.7904047448405 43.67972634985607 0 0 43.67972634985607 54.05851313429896 -10.3787867844429
339.5018078831881 43.74126195494718 0 0 43.74126195494718 54.12004873939008 -10.3787867844429
339.2050058377685 43.72145644100877 0 0 43.72145644100877 54.10024322545166 -10.3787867844429
339.2050058377685 43.72145644100877 0 0 43.72145644100877 54.10024322545166 -10.3787867844429
339.5567556202747 43.72388409221107 0 0 43.72388409221107 54.10267087665397 -10.3787867844429
339.5567556202747 43.72388409221107 0 0 43.72388409221107 54.10267087665397 -10.3787867844429
339.5567556202747 43.72388409221107 0 0 43.72388409221107 54.10267087665397 -10.3787867844429
339.5567556202747 43.72388409221107 0 0 43.72388409221107 54.10267087665397 -10.3787867844429
339.5567556202747 43.72388409221107 0 0 43.72388409221107 54.10267087665397 -10.3787867844429
339.6056224604013 43.76997389030592 0 0 43.76997389030592 54.14876067474881 -10.3787867844429
339.5273900483882 43.72916517340984 0 0 43.72916517340984 54.10795195785273 -10.3787867844429
339.6407638979488 43.70502200271073 0 0 43.70502200271073 54.08380878715363 -10.3787867844429
339.6081256646828 43.68107760439004 0 0 43.68107760439004 54.05986438883293 -10.3787867844429
339.6528386227545 43.69413963757619 0 0 43.69413963757619 54.07292642201908 -10.3787867844429
339.6453505566502 43.81050791298321 0 0 43.81050791298321 54.18929469742611 -10.3787867844429
339.3690780680793 43.75457001168883 0 0 43.75457001168883 54.13335679613172 -10.3787867844429
339.3690780680793 43.75457001168883 0 0 43.75457001168883 54.13335679613172 -10.3787867844429
339.558784806052 43.75496421524406 0 0 43.75496421524406 54.13375099968695 -10.3787867844429
339.558784806052 43.75496421524406 0 0 43.75496421524406 54.13375099968695 -10.3787867844429
339.4637130916722 43.79017215055649 0 0 43.79017215055649 54.16895893499938 -10.3787867844429
339.6526427826672 43.7876221956033 0 0 43.7876221956033 54.1664089800462 -10.3787867844429
339.6526427826672 43.7876221956033 0 0 43.7876221956033 54.1664089800462 -10.3787867844429
339.6454547056613 43.84924077507976 0 0 43.84924077507976 54.22802755952266 -10.3787867844429
339.6454547056613 43.84924077507976 0 0 43.84924077507976 54.22802755952266 -10.3787867844429
339.4779389502777 43.90012403097197 0 0 43.90012403097197 54.27891081541487 -10.3787867844429
339.4779389502777 43.90012403097197 0 0 43.90012403097197 54.27891081541487 -10.3787867844429
339.4779389502777 43.90012403097197 0 0 43.90012403097197 54.27891081541487 -10.3787867844429
339.6676965909904 43.94618755242453 0 0 43.94618755242453 54.32497433686743 -10.3787867844429
339.7761792625119 43.96082402193908 0 0 43.96082402193908 54.33961080638197 -10.3787867844429
339.7761792625119 43.96082402193908 0 0 43.96082402193908 54.33961080638197 -10.3787867844429
339.7380094872668 43.97978925469864 0 0 43.97978925469864 54.35857603914155 -10.3787867844429
339.7380094872668 43.97978925469864 0 0 43.97978925469864 54.35857603914155 -10.3787867844429
339.7380094872668 43.97978925469864 0 0 43.97978925469864 54.35857603914155 -10.3787867844429
339.7380094872668 43.97978925469864 0 0 43.97978925469864 54.35857603914155 -10.3787867844429
339.7380094872668 43.97978925469864 0 0 43.97978925469864 54.35857603914155 -10.3787867844429
339.7380094872668 43.97978925469864 0 0 43.97978925469864 54.35857603914155 -10.3787867844429
339.7474566578189 43.91340106818157 0 0 43.91340106818157 54.29218785262447 -10.3787867844429
339.7187920257524 43.91938413510486 0 0 43.91938413510486 54.29817091954776 -10.3787867844429
339.7665011998798 43.91159698033063 0 0 43.91159698033063 54.29038376477353 -10.3787867844429
339.688944315885 44.02718807761424 0 0 44.02718807761424 54.40597486205714 -10.3787867844429
339.7681042568905 44.00584900034491 0 0 44.00584900034491 54.38463578478781 -10.3787867844429
339.7665908556943 44.08324140306046 0 0 44.08324140306046 54.46202818750336 -10.3787867844429
339.7665908556943 44.08324140306046 0 0 44.08324140306046 54.46202818750336 -10.3787867844429
339.7665908556943 44.08324140306046 0 0 44.08324140306046 54.46202818750336 -10.3787867844429
339.7909041574806 44.1360609602774 0 0 44.1360609602774 54.5148477447203 -10.3787867844429
339.7909041574806 44.1360609602774 0 0 44.1360609602774 54.5148477447203 -10.3787867844429
339.7909041574806 44.1360609602774 0 0 44.1360609602774 54.5148477447203 -10.3787867844429
339.7272035935526 44.09499254805715 0 0 44.09499254805715 54.47377933250005 -10.3787867844429
339.7614237741101 44.06191034509115 0 0 44.06191034509115 54.44069712953404 -10.3787867844429
339.7614237741101 44.06191034509115 0 0 44.06191034509115 54.44069712953404 -10.3787867844429
339.7414703580652 44.06436799457482 0 0 44.06436799457482 54.44315477901772 -10.3787867844429
339.7414703580652 44.06436799457482 0 0 44.06436799457482 54.44315477901772 -10.3787867844429
339.7071667517204 44.07141887578241 0 0 44.07141887578241 54.45020566022531 -10.3787867844429
339.6031410611226 44.14221467322234 0 0 44.14221467322234 54.52100145766524 -10.3787867844429
339.6031410611226 44.14221467322234 0 0 44.14221467322234 54.52100145766524 -10.3787867844429
339.6031410611226 44.14221467322234 0 0 44.14221467322234 54.52100145766524 -10.3787867844429
339.6031410611226 44.14221467322234 0 0 44.14221467322234 54.52100145766524 -10.3787867844429
339.6031410611226 44.14221467322234 0 0 44.14221467322234 54.52100145766524 -10.3787867844429
339.73730742193 44.17607744977796 0 0 44.17607744977796 54.55486423422087 -10.3787867844429
339.73730742193 44.17607744977796 0 0 44.17607744977796 54.55486423422087 -10.3787867844429
339.73730742193 44.17607744977796 0 0 44.17607744977796 54.55486423422087 -10.3787867844429
339.73730742193 44.17607744977796 0 0 44.17607744977796 54.55486423422087 -10.3787867844429
339.780984656873 44.18858411046641 0 0 44.18858411046641 54.5673708949093 -10.3787867844429
339.6071202969127 44.15857170761301 0 0 44.15857170761301 54.5373584920559 -10.3787867844429
339.834226018383 44.1079605433404 0 0 44.1079605433404 54.4867473277833 -10.3787867844429
339.834226018383 44.1079605433404 0 0 44.1079605433404 54.4867473277833 -10.3787867844429
339.834226018383 44.1079605433404 0 0 44.1079605433404 54.4867473277833 -10.3787867844429
339.834226018383 44.1079605433404 0 0 44.1079605433404 54.4867473277833 -10.3787867844429
339.834226018383 44.1079605433404 0 0 44.1079605433404 54.4867473277833 -10.3787867844429
339.834226018383 44.1079605433404 0 0 44.1079605433404 54.4867473277833 -10.3787867844429
339.834226018383 44.1079605433404 0 0 44.1079605433404 54.4867473277833 -10.3787867844429
