totalLogLikelihoodDensity totalLogPriorDensity H1NoiseLogPriorDensity L1NoiseLogPriorDensity gwLogPriorDensity gwExtrinsicLogPriorDensityTracker gwCbcLogPriorDensityTracker
146.8375533851726 39.15690088971803 0 0 39.15690088971803 49.53568767416093 -10.3787867844429
318.0240383008922 44.09521409535402 0 0 44.09521409535402 54.47400087979692 -10.3787867844429
318.0240383008922 44.09521409535402 0 0 44.09521409535402 54.47400087979692 -10.3787867844429
318.0240383008922 44.09521409535402 0 0 44.09521409535402 54.47400087979692 -10.3787867844429
318.0240383008922 44.09521409535402 0 0 44.09521409535402 54.47400087979692 -10.3787867844429
318.0240383008922 44.09521409535402 0 0 44.09521409535402 54.47400087979692 -10.3787867844429
318.0240383008922 44.09521409535402 0 0 44.09521409535402 54.47400087979692 -10.3787867844429
318.0240383008922 44.09521409535402 0 0 44.09521409535402 54.47400087979692 -10.3787867844429
318.0240383008922 44.09521409535402 0 0 44.09521409535402 54.47400087979692 -10.3787867844429
318.0240383008922 44.09521409535402 0 0 44.09521409535402 54.47400087979692 -10.3787867844429
318.0240383008922 44.09521409535402 0 0 44.09521409535402 54.47400087979692 -10.3787867844429
318.0240383008922 44.09521409535402 0 0 44.09521409535402 54.47400087979692 -10.3787867844429
318.0240383008922 44.09521409535402 0 0 44.09521409535402 54.47400087979692 -10.3787867844429
318.0240383008922 44.09521409535402 0 0 44.09521409535402 54.47400087979692 -10.3787867844429
318.0240383008922 44.09521409535402 0 0 44.09521409535402 54.47400087979692 -10.3787867844429
318.0240383008922 44.09521409535402 0 0 44.09521409535402 54.47400087979692 -10.3787867844429
318.0240383008922 44.09521409535402 0 0 44.09521409535402 54.47400087979692 -10.3787867844429
318.0240383008922 44.09521409535402 0 0 44.09521409535402 54.47400087979692 -10.3787867844429
318.0240383008922 44.09521409535402 0 0 44.09521409535402 54.47400087979692 -10.3787867844429
318.0240383008922 44.09521409535402 0 0 44.09521409535402 54.47400087979692 -10.3787867844429
318.0240383008922 44.09521409535402 0 0 44.09521409535402 54.47400087979692 -10.3787867844429
318.0240383008922 44.09521409535402 0 0 44.09521409535402 54.47400087979692 -10.3787867844429
318.0240383008922 44.09521409535402 0 0 44.09521409535402 54.47400087979692 -10.3787867844429
318.0240383008922 44.09521409535402 0 0 44.09521409535402 54.47400087979692 -10.3787867844429
318.2736554388886 43.9818668716988 0 0 43.9818668716988 54.3606536561417 -10.3787867844429
318.2736554388886 43.9818668716988 0 0 43.9818668716988 54.3606536561417 -10.3787867844429
318.2736554388886 43.9818668716988 0 0 43.9818668716988 54.3606536561417 -10.3787867844429
321.523404293405 43.84069082562198 0 0 43.84069082562198 54.21947761006487 -10.3787867844429
321.523404293405 43.84069082562198 0 0 43.84069082562198 54.21947761006487 -10.3787867844429
321.523404293405 43.84069082562198 0 0 43.84069082562198 54.21947761006487 -10.3787867844429
321.523404293405 43.84069082562198 0 0 43.84069082562198 54.21947761006487 -10.3787867844429
321.523404293405 43.84069082562198 0 0 43.84069082562198 54.21947761006487 -10.3787867844429
321.523404293405 43.84069082562198 0 0 43.84069082562198 54.21947761006487 -10.3787867844429
321.523404293405 43.84069082562198 0 0 43.84069082562198 54.21947761006487 -10.3787867844429
321.523404293405 43.84069082562198 0 0 43.84069082562198 54.21947761006487 -10.3787867844429
321.523404293405 43.84069082562198 0 0 43.84069082562198 54.21947761006487 -10.3787867844429
321.523404293405 43.84069082562198 0 0 43.84069082562198 54.21947761006487 -10.3787867844429
321.523404293405 43.84069082562198 0 0 43.84069082562198 54.21947761006487 -10.3787867844429
321.523404293405 43.84069082562198 0 0 43.84069082562198 54.21947761006487 -10.3787867844429
321.523404293405 43.84069082562198 0 0 43.84069082562198 54.21947761006487 -10.3787867844429
321.523404293405 43.84069082562198 0 0 43.84069082562198 54.21947761006487 -10.3787867844429
321.523404293405 43.84069082562198 0 0 43.84069082562198 54.21947761006487 -10.3787867844429
321.523404293405 43.84069082562198 0 0 43.84069082562198 54.21947761006487 -10.3787867844429
321.523404293405 43.84069082562198 0 0 43.84069082562198 54.21947761006487 -10.3787867844429
321.523404293405 43.84069082562198 0 0 43.84069082562198 54.21947761006487 -10.3787867844429
321.523404293405 43.84069082562198 0 0 43.84069082562198 54.21947761006487 -10.3787867844429
321.523404293405 43.84069082562198 0 0 43.84069082562198 54.21947761006487 -10.3787867844429
321.523404293405 43.84069082562198 0 0 43.84069082562198 54.21947761006487 -10.3787867844429
321.523404293405 43.84069082562198 0 0 43.84069082562198 54.21947761006487 -10.3787867844429
321.523404293405 43.84069082562198 0 0 43.84069082562198 54.21947761006487 -10.3787867844429
321.523404293405 43.84069082562198 0 0 43.84069082562198 54.21947761006487 -10.3787867844429
321.523404293405 43.84069082562198 0 0 43.84069082562198 54.21947761006487 -10.3787867844429
321.523404293405 43.84069082562198 0 0 43.84069082562198 54.21947761006487 -10.3787867844429
321.523404293405 43.84069082562198 0 0 43.84069082562198 54.21947761006487 -10.3787867844429
321.523404293405 43.84069082562198 0 0 43.84069082562198 54.21947761006487 -10.3787867844429
334.5155763016505 43.65028964869963 0 0 43.65028964869963 54.02907643314253 -10.3787867844429
334.5155763016505 43.65028964869963 0 0 43.65028964869963 54.02907643314253 -10.3787867844429
334.5155763016505 43.65028964869963 0 0 43.65028964869963 54.02907643314253 -10.3787867844429
334.5155763016505 43.65028964869963 0 0 43.65028964869963 54.02907643314253 -10.3787867844429
334.5155763016505 43.65028964869963 0 0 43.65028964869963 54.02907643314253 -10.3787867844429
334.5155763016505 43.65028964869963 0 0 43.65028964869963 54.02907643314253 -10.3787867844429
334.5155763016505 43.65028964869963 0 0 43.65028964869963 54.02907643314253 -10.3787867844429
334.5155763016505 43.65028964869963 0 0 43.65028964869963 54.02907643314253 -10.3787867844429
334.5155763016505 43.65028964869963 0 0 43.65028964869963 54.02907643314253 -10.3787867844429
334.5155763016505 43.65028964869963 0 0 43.65028964869963 54.02907643314253 -10.3787867844429
334.5155763016505 43.65028964869963 0 0 43.65028964869963 54.02907643314253 -10.3787867844429
334.5155763016505 43.65028964869963 0 0 43.65028964869963 54.02907643314253 -10.3787867844429
334.5155763016505 43.65028964869963 0 0 43.65028964869963 54.02907643314253 -10.3787867844429
334.5155763016505 43.65028964869963 0 0 43.65028964869963 54.02907643314253 -10.3787867844429
334.5155763016505 43.65028964869963 0 0 43.65028964869963 54.02907643314253 -10.3787867844429
334.5155763016505 43.65028964869963 0 0 43.65028964869963 54.02907643314253 -10.3787867844429
334.5155763016505 43.65028964869963 0 0 43.65028964869963 54.02907643314253 -10.3787867844429
334.5155763016505 43.65028964869963 0 0 43.65028964869963 54.02907643314253 -10.3787867844429
334.5155763016505 43.65028964869963 0 0 43.65028964869963 54.02907643314253 -10.3787867844429
334.5155763016505 43.65028964869963 0 0 43.65028964869963 54.02907643314253 -10.3787867844429
334.5155763016505 43.65028964869963 0 0 43.65028964869963 54.02907643314253 -10.3787867844429
335.1362168300183 43.54169247969907 0 0 43.54169247969907 53.92047926414196 -10.3787867844429
335.1362168300183 43.54169247969907 0 0 43.54169247969907 53.92047926414196 -10.3787867844429
335.1362168300183 43.54169247969907 0 0 43.54169247969907 53.92047926414196 -10.3787867844429
335.1362168300183 43.54169247969907 0 0 43.54169247969907 53.92047926414196 -10.3787867844429
335.1362168300183 43.54169247969907 0 0 43.54169247969907 53.92047926414196 -10.3787867844429
335.1362168300183 43.54169247969907 0 0 43.54169247969907 53.92047926414196 -10.3787867844429
335.1362168300183 43.54169247969907 0 0 43.54169247969907 53.92047926414196 -10.3787867844429
335.1362168300183 43.54169247969907 0 0 43.54169247969907 53.92047926414196 -10.3787867844429
335.1362168300183 43.54169247969907 0 0 43.54169247969907 53.92047926414196 -10.3787867844429
334.683250818317 43.80950496764891 0 0 43.80950496764891 54.1882917520918 -10.3787867844429
334.683250818317 43.80950496764891 0 0 43.80950496764891 54.1882917520918 -10.3787867844429
334.683250818317 43.80950496764891 0 0 43.80950496764891 54.1882917520918 -10.3787867844429
334.683250818317 43.80950496764891 0 0 43.80950496764891 54.1882917520918 -10.3787867844429
334.683250818317 43.80950496764891 0 0 43.80950496764891 54.1882917520918 -10.3787867844429
334.683250818317 43.80950496764891 0 0 43.80950496764891 54.1882917520918 -10.3787867844429
334.683250818317 43.80950496764891 0 0 43.80950496764891 54.1882917520918 -10.3787867844429
334.683250818317 43.80950496764891 0 0 43.80950496764891 54.1882917520918 -10.3787867844429
334.683250818317 43.80950496764891 0 0 43.80950496764891 54.1882917520918 -10.3787867844429
334.683250818317 43.80950496764891 0 0 43.80950496764891 54.1882917520918 -10.3787867844429
334.683250818317 43.80950496764891 0 0 43.80950496764891 54.1882917520918 -10.3787867844429
334.683250818317 43.80950496764891 0 0 43.80950496764891 54.1882917520918 -10.3787867844429
334.683250818317 43.80950496764891 0 0 43.80950496764891 54.1882917520918 -10.3787867844429
334.683250818317 43.80950496764891 0 0 43.80950496764891 54.1882917520918 -10.3787867844429
334.683250818317 43.80950496764891 0 0 43.80950496764891 54.1882917520918 -10.3787867844429
334.683250818317 43.80950496764891 0 0 43.80950496764891 54.1882917520918 -10.3787867844429
334.683250818317 43.80950496764891 0 0 43.80950496764891 54.1882917520918 -10.3787867844429
334.683250818317 43.80950496764891 0 0 43.80950496764891 54.1882917520918 -10.3787867844429
334.683250818317 43.80950496764891 0 0 43.80950496764891 54.1882917520918 -10.3787867844429
334.683250818317 43.80950496764891 0 0 43.80950496764891 54.1882917520918 -10.3787867844429
334.683250818317 43.80950496764891 0 0 43.80950496764891 54.1882917520918 -10.3787867844429
334.683250818317 43.80950496764891 0 0 43.80950496764891 54.1882917520918 -10.3787867844429
334.683250818317 43.80950496764891 0 0 43.80950496764891 54.1882917520918 -10.3787867844429
334.683250818317 43.80950496764891 0 0 43.80950496764891 54.1882917520918 -10.3787867844429
334.683250818317 43.80950496764891 0 0 43.80950496764891 54.1882917520918 -10.3787867844429
334.683250818317 43.80950496764891 0 0 43.80950496764891 54.1882917520918 -10.3787867844429
334.683250818317 43.80950496764891 0 0 43.80950496764891 54.1882917520918 -10.3787867844429
334.683250818317 43.80950496764891 0 0 43.80950496764891 54.1882917520918 -10.3787867844429
334.683250818317 43.80950496764891 0 0 43.80950496764891 54.1882917520918 -10.3787867844429
334.683250818317 43.80950496764891 0 0 43.80950496764891 54.1882917520918 -10.3787867844429
334.683250818317 43.80950496764891 0 0 43.80950496764891 54.1882917520918 -10.3787867844429
334.683250818317 43.80950496764891 0 0 43.80950496764891 54.1882917520918 -10.3787867844429
334.683250818317 43.80950496764891 0 0 43.80950496764891 54.1882917520918 -10.3787867844429
334.683250818317 43.80950496764891 0 0 43.80950496764891 54.1882917520918 -10.3787867844429
334.683250818317 43.80950496764891 0 0 43.80950496764891 54.1882917520918 -10.3787867844429
334.683250818317 43.80950496764891 0 0 43.80950496764891 54.1882917520918 -10.3787867844429
334.683250818317 43.80950496764891 0 0 43.80950496764891 54.1882917520918 -10.3787867844429
334.683250818317 43.80950496764891 0 0 43.80950496764891 54.1882917520918 -10.3787867844429
334.683250818317 43.80950496764891 0 0 43.80950496764891 54.1882917520918 -10.3787867844429
334.683250818317 43.80950496764891 0 0 43.80950496764891 54.1882917520918 -10.3787867844429
334.683250818317 43.80950496764891 0 0 43.80950496764891 54.1882917520918 -10.3787867844429
334.683250818317 43.80950496764891 0 0 43.80950496764891 54.1882917520918 -10.3787867844429
334.2058785828569 43.81028048899063 0 0 43.81028048899063 54.18906727343353 -10.3787867844429
334.2058785828569 43.81028048899063 0 0 43.81028048899063 54.18906727343353 -10.3787867844429
334.2058785828569 43.81028048899063 0 0 43.81028048899063 54.18906727343353 -10.3787867844429
334.2058785828569 43.81028048899063 0 0 43.81028048899063 54.18906727343353 -10.3787867844429
334.2058785828569 43.81028048899063 0 0 43.81028048899063 54.18906727343353 -10.3787867844429
334.2058785828569 43.81028048899063 0 0 43.81028048899063 54.18906727343353 -10.3787867844429
334.2058785828569 43.81028048899063 0 0 43.81028048899063 54.18906727343353 -10.3787867844429
334.2058785828569 43.81028048899063 0 0 43.81028048899063 54.18906727343353 -10.3787867844429
334.2058785828569 43.81028048899063 0 0 43.81028048899063 54.18906727343353 -10.3787867844429
334.2058785828569 43.81028048899063 0 0 43.81028048899063 54.18906727343353 -10.3787867844429
334.2058785828569 43.81028048899063 0 0 43.81028048899063 54.18906727343353 -10.3787867844429
334.2058785828569 43.81028048899063 0 0 43.81028048899063 54.18906727343353 -10.3787867844429
334.2058785828569 43.81028048899063 0 0 43.81028048899063 54.18906727343353 -10.3787867844429
334.2058785828569 43.81028048899063 0 0 43.81028048899063 54.18906727343353 -10.3787867844429
334.2058785828569 43.81028048899063 0 0 43.81028048899063 54.18906727343353 -10.3787867844429
334.2058785828569 43.81028048899063 0 0 43.81028048899063 54.18906727343353 -10.3787867844429
334.2058785828569 43.81028048899063 0 0 43.81028048899063 54.18906727343353 -10.3787867844429
334.2058785828569 43.81028048899063 0 0 43.81028048899063 54.18906727343353 -10.3787867844429
334.2058785828569 43.81028048899063 0 0 43.81028048899063 54.18906727343353 -10.3787867844429
334.2058785828569 43.81028048899063 0 0 43.81028048899063 54.18906727343353 -10.3787867844429
334.2058785828569 43.81028048899063 0 0 43.81028048899063 54.18906727343353 -10.3787867844429
334.2058785828569 43.81028048899063 0 0 43.81028048899063 54.18906727343353 -10.3787867844429
334.2058785828569 43.81028048899063 0 0 43.81028048899063 54.18906727343353 -10.3787867844429
334.2058785828569 43.81028048899063 0 0 43.81028048899063 54.18906727343353 -10.3787867844429
334.2058785828569 43.81028048899063 0 0 43.81028048899063 54.18906727343353 -10.3787867844429
334.2058785828569 43.81028048899063 0 0 43.81028048899063 54.18906727343353 -10.3787867844429
334.2058785828569 43.81028048899063 0 0 43.81028048899063 54.18906727343353 -10.3787867844429
334.2058785828569 43.81028048899063 0 0 43.81028048899063 54.18906727343353 -10.3787867844429
334.2058785828569 43.81028048899063 0 0 43.81028048899063 54.18906727343353 -10.3787867844429
335.1362168300183 43.54169247969907 0 0 43.54169247969907 53.92047926414196 -10.3787867844429
335.1362168300183 43.54169247969907 0 0 43.54169247969907 53.92047926414196 -10.3787867844429
335.1688483111761 43.54159264142602 0 0 43.54159264142602 53.92037942586892 -10.3787867844429
335.1688483111761 43.54159264142602 0 0 43.54159264142602 53.92037942586892 -10.3787867844429
335.1688483111761 43.54159264142602 0 0 43.54159264142602 53.92037942586892 -10.3787867844429
335.1688483111761 43.54159264142602 0 0 43.54159264142602 53.92037942586892 -10.3787867844429
335.1688483111761 43.54159264142602 0 0 43.54159264142602 53.92037942586892 -10.3787867844429
335.1688483111761 43.54159264142602 0 0 43.54159264142602 53.92037942586892 -10.3787867844429
335.1688483111761 43.54159264142602 0 0 43.54159264142602 53.92037942586892 -10.3787867844429
335.1688483111761 43.54159264142602 0 0 43.54159264142602 53.92037942586892 -10.3787867844429
335.1688483111761 43.54159264142602 0 0 43.54159264142602 53.92037942586892 -10.3787867844429
335.1688483111761 43.54159264142602 0 0 43.54159264142602 53.92037942586892 -10.3787867844429
335.1688483111761 43.54159264142602 0 0 43.54159264142602 53.92037942586892 -10.3787867844429
335.1688483111761 43.54159264142602 0 0 43.54159264142602 53.92037942586892 -10.3787867844429
335.1688483111761 43.54159264142602 0 0 43.54159264142602 53.92037942586892 -10.3787867844429
335.1688483111761 43.54159264142602 0 0 43.54159264142602 53.92037942586892 -10.3787867844429
335.1688483111761 43.54159264142602 0 0 43.54159264142602 53.92037942586892 -10.3787867844429
335.1688483111761 43.54159264142602 0 0 43.54159264142602 53.92037942586892 -10.3787867844429
335.1688483111761 43.54159264142602 0 0 43.54159264142602 53.92037942586892 -10.3787867844429
335.1688483111761 43.54159264142602 0 0 43.54159264142602 53.92037942586892 -10.3787867844429
335.1688483111761 43.54159264142602 0 0 43.54159264142602 53.92037942586892 -10.3787867844429
335.1688483111761 43.54159264142602 0 0 43.54159264142602 53.92037942586892 -10.3787867844429
335.1688483111761 43.54159264142602 0 0 43.54159264142602 53.92037942586892 -10.3787867844429
335.1688483111761 43.54159264142602 0 0 43.54159264142602 53.92037942586892 -10.3787867844429
335.4088826577678 43.49697434084857 0 0 43.49697434084857 53.87576112529147 -10.3787867844429
335.4088826577678 43.49697434084857 0 0 43.49697434084857 53.87576112529147 -10.3787867844429
334.4067954962796 43.40841427466465 0 0 43.40841427466465 53.78720105910755 -10.3787867844429
334.4067954962796 43.40841427466465 0 0 43.40841427466465 53.78720105910755 -10.3787867844429
334.4067954962796 43.40841427466465 0 0 43.40841427466465 53.78720105910755 -10.3787867844429
334.4067954962796 43.40841427466465 0 0 43.40841427466465 53.78720105910755 -10.3787867844429
334.4067954962796 43.40841427466465 0 0 43.40841427466465 53.78720105910755 -10.3787867844429
334.6392531490349 43.64143367681123 0 0 43.64143367681123 54.02022046125413 -10.3787867844429
334.6392531490349 43.64143367681123 0 0 43.64143367681123 54.02022046125413 -10.3787867844429
334.6392531490349 43.64143367681123 0 0 43.64143367681123 54.02022046125413 -10.3787867844429
334.6392531490349 43.64143367681123 0 0 43.64143367681123 54.02022046125413 -10.3787867844429
334.6392531490349 43.64143367681123 0 0 43.64143367681123 54.02022046125413 -10.3787867844429
334.6392531490349 43.64143367681123 0 0 43.64143367681123 54.02022046125413 -10.3787867844429
334.6392531490349 43.64143367681123 0 0 43.64143367681123 54.02022046125413 -10.3787867844429
334.6392531490349 43.64143367681123 0 0 43.64143367681123 54.02022046125413 -10.3787867844429
334.6392531490349 43.64143367681123 0 0 43.64143367681123 54.02022046125413 -10.3787867844429
334.6392531490349 43.64143367681123 0 0 43.64143367681123 54.02022046125413 -10.3787867844429
334.6392531490349 43.64143367681123 0 0 43.64143367681123 54.02022046125413 -10.3787867844429
334.6392531490349 43.64143367681123 0 0 43.64143367681123 54.02022046125413 -10.3787867844429
334.6392531490349 43.64143367681123 0 0 43.64143367681123 54.02022046125413 -10.3787867844429
334.6392531490349 43.64143367681123 0 0 43.64143367681123 54.02022046125413 -10.3787867844429
334.6392531490349 43.64143367681123 0 0 43.64143367681123 54.02022046125413 -10.3787867844429
334.6392531490349 43.64143367681123 0 0 43.64143367681123 54.02022046125413 -10.3787867844429
334.6392531490349 43.64143367681123 0 0 43.64143367681123 54.02022046125413 -10.3787867844429
334.6392531490349 43.64143367681123 0 0 43.64143367681123 54.02022046125413 -10.3787867844429
334.6392531490349 43.64143367681123 0 0 43.64143367681123 54.02022046125413 -10.3787867844429
334.6392531490349 43.64143367681123 0 0 43.64143367681123 54.02022046125413 -10.3787867844429
334.6392531490349 43.64143367681123 0 0 43.64143367681123 54.02022046125413 -10.3787867844429
334.6392531490349 43.64143367681123 0 0 43.64143367681123 54.02022046125413 -10.3787867844429
334.6392531490349 43.64143367681123 0 0 43.64143367681123 54.02022046125413 -10.3787867844429
334.6392531490349 43.64143367681123 0 0 43.64143367681123 54.02022046125413 -10.3787867844429
334.6392531490349 43.64143367681123 0 0 43.64143367681123 54.02022046125413 -10.3787867844429
334.6392531490349 43.64143367681123 0 0 43.64143367681123 54.02022046125413 -10.3787867844429
334.6392531490349 43.64143367681123 0 0 43.64143367681123 54.02022046125413 -10.3787867844429
334.6392531490349 43.64143367681123 0 0 43.64143367681123 54.02022046125413 -10.3787867844429
334.6392531490349 43.64143367681123 0 0 43.64143367681123 54.02022046125413 -10.3787867844429
334.6392531490349 43.64143367681123 0 0 43.64143367681123 54.02022046125413 -10.3787867844429
334.6392531490349 43.64143367681123 0 0 43.64143367681123 54.02022046125413 -10.3787867844429
334.6392531490349 43.64143367681123 0 0 43.64143367681123 54.02022046125413 -10.3787867844429
334.6392531490349 43.64143367681123 0 0 43.64143367681123 54.02022046125413 -10.3787867844429
334.6392531490349 43.64143367681123 0 0 43.64143367681123 54.02022046125413 -10.3787867844429
334.6392531490349 43.64143367681123 0 0 43.64143367681123 54.02022046125413 -10.3787867844429
334.6392531490349 43.64143367681123 0 0 43.64143367681123 54.02022046125413 -10.3787867844429
334.6392531490349 43.64143367681123 0 0 43.64143367681123 54.02022046125413 -10.3787867844429
334.6392531490349 43.64143367681123 0 0 43.64143367681123 54.02022046125413 -10.3787867844429
334.6392531490349 43.64143367681123 0 0 43.64143367681123 54.02022046125413 -10.3787867844429
334.6392531490349 43.64143367681123 0 0 43.64143367681123 54.02022046125413 -10.3787867844429
334.6392531490349 43.64143367681123 0 0 43.64143367681123 54.02022046125413 -10.3787867844429
334.6392531490349 43.64143367681123 0 0 43.64143367681123 54.02022046125413 -10.3787867844429
334.6356716588286 43.6418299441214 0 0 43.6418299441214 54.0206167285643 -10.3787867844429
335.3057038816046 43.9384001727359 0 0 43.9384001727359 54.31718695717879 -10.3787867844429
335.3057038816046 43.9384001727359 0 0 43.9384001727359 54.31718695717879 -10.3787867844429
335.3057038816046 43.9384001727359 0 0 43.9384001727359 54.31718695717879 -10.3787867844429
335.3057038816046 43.9384001727359 0 0 43.9384001727359 54.31718695717879 -10.3787867844429
335.3057038816046 43.9384001727359 0 0 43.9384001727359 54.31718695717879 -10.3787867844429
335.3057038816046 43.9384001727359 0 0 43.9384001727359 54.31718695717879 -10.3787867844429
335.3057038816046 43.9384001727359 0 0 43.9384001727359 54.31718695717879 -10.3787867844429
335.3057038816046 43.9384001727359 0 0 43.9384001727359 54.31718695717879 -10.3787867844429
335.3057038816046 43.9384001727359 0 0 43.9384001727359 54.31718695717879 -10.3787867844429
335.3057038816046 43.9384001727359 0 0 43.9384001727359 54.31718695717879 -10.3787867844429
335.3057038816046 43.9384001727359 0 0 43.9384001727359 54.31718695717879 -10.3787867844429
335.2186941615577 43.95825888407586 0 0 43.95825888407586 54.33704566851875 -10.3787867844429
335.2186941615577 43.95825888407586 0 0 43.95825888407586 54.33704566851875 -10.3787867844429
335.2186941615577 43.95825888407586 0 0 43.95825888407586 54.33704566851875 -10.3787867844429
335.2186941615577 43.95825888407586 0 0 43.95825888407586 54.33704566851875 -10.3787867844429
335.2186941615577 43.95825888407586 0 0 43.95825888407586 54.33704566851875 -10.3787867844429
335.2186941615577 43.95825888407586 0 0 43.95825888407586 54.33704566851875 -10.3787867844429
335.2186941615577 43.95825888407586 0 0 43.95825888407586 54.33704566851875 -10.3787867844429
335.2186941615577 43.95825888407586 0 0 43.95825888407586 54.33704566851875 -10.3787867844429
335.2186941615577 43.95825888407586 0 0 43.95825888407586 54.33704566851875 -10.3787867844429
335.2186941615577 43.95825888407586 0 0 43.95825888407586 54.33704566851875 -10.3787867844429
335.2186941615577 43.95825888407586 0 0 43.95825888407586 54.33704566851875 -10.3787867844429
335.2186941615577 43.95825888407586 0 0 43.95825888407586 54.33704566851875 -10.3787867844429
335.2270008603284 43.95829493494794 0 0 43.95829493494794 54.33708171939084 -10.3787867844429
335.2270008603284 43.95829493494794 0 0 43.95829493494794 54.33708171939084 -10.3787867844429
335.2270008603284 43.95829493494794 0 0 43.95829493494794 54.33708171939084 -10.3787867844429
335.2270008603284 43.95829493494794 0 0 43.95829493494794 54.33708171939084 -10.3787867844429
335.2270008603284 43.95829493494794 0 0 43.95829493494794 54.33708171939084 -10.3787867844429
335.2270008603284 43.95829493494794 0 0 43.95829493494794 54.33708171939084 -10.3787867844429
335.2270008603284 43.95829493494794 0 0 43.95829493494794 54.33708171939084 -10.3787867844429
335.2270008603284 43.95829493494794 0 0 43.95829493494794 54.33708171939084 -10.3787867844429
335.2270008603284 43.95829493494794 0 0 43.95829493494794 54.33708171939084 -10.3787867844429
335.2270008603284 43.95829493494794 0 0 43.95829493494794 54.33708171939084 -10.3787867844429
335.2270008603284 43.95829493494794 0 0 43.95829493494794 54.33708171939084 -10.3787867844429
335.2270008603284 43.95829493494794 0 0 43.95829493494794 54.33708171939084 -10.3787867844429
335.2270008603284 43.95829493494794 0 0 43.95829493494794 54.33708171939084 -10.3787867844429
335.2270008603284 43.95829493494794 0 0 43.95829493494794 54.33708171939084 -10.3787867844429
335.2270008603284 43.95829493494794 0 0 43.95829493494794 54.33708171939084 -10.3787867844429
335.2270008603284 43.95829493494794 0 0 43.95829493494794 54.33708171939084 -10.3787867844429
335.2270008603284 43.95829493494794 0 0 43.95829493494794 54.33708171939084 -10.3787867844429
335.2270008603284 43.95829493494794 0 0 43.95829493494794 54.33708171939084 -10.3787867844429
335.2270008603284 43.95829493494794 0 0 43.95829493494794 54.33708171939084 -10.3787867844429
335.2270008603284 43.95829493494794 0 0 43.95829493494794 54.33708171939084 -10.3787867844429
335.2270008603284 43.95829493494794 0 0 43.95829493494794 54.33708171939084 -10.3787867844429
335.2270008603284 43.95829493494794 0 0 43.95829493494794 54.33708171939084 -10.3787867844429
335.2270008603284 43.95829493494794 0 0 43.95829493494794 54.33708171939084 -10.3787867844429
335.2270008603284 43.95829493494794 0 0 43.95829493494794 54.33708171939084 -10.3787867844429
335.2270008603284 43.95829493494794 0 0 43.95829493494794 54.33708171939084 -10.3787867844429
335.2270008603284 43.95829493494794 0 0 43.95829493494794 54.33708171939084 -10.3787867844429
335.2270008603284 43.95829493494794 0 0 43.95829493494794 54.33708171939084 -10.3787867844429
335.2270008603284 43.95829493494794 0 0 43.95829493494794 54.33708171939084 -10.3787867844429
335.2270008603284 43.95829493494794 0 0 43.95829493494794 54.33708171939084 -10.3787867844429
335.2270008603284 43.95829493494794 0 0 43.95829493494794 54.33708171939084 -10.3787867844429
335.2270008603284 43.95829493494794 0 0 43.95829493494794 54.33708171939084 -10.3787867844429
335.2270008603284 43.95829493494794 0 0 43.95829493494794 54.33708171939084 -10.3787867844429
335.2270008603284 43.95829493494794 0 0 43.95829493494794 54.33708171939084 -10.3787867844429
335.2270008603284 43.95829493494794 0 0 43.95829493494794 54.33708171939084 -10.3787867844429
335.2270008603284 43.95829493494794 0 0 43.95829493494794 54.33708171939084 -10.3787867844429
335.2270008603284 43.95829493494794 0 0 43.95829493494794 54.33708171939084 -10.3787867844429
335.2270008603284 43.95829493494794 0 0 43.95829493494794 54.33708171939084 -10.3787867844429
335.2270008603284 43.95829493494794 0 0 43.95829493494794 54.33708171939084 -10.3787867844429
335.2270008603284 43.95829493494794 0 0 43.95829493494794 54.33708171939084 -10.3787867844429
335.2270008603284 43.95829493494794 0 0 43.95829493494794 54.33708171939084 -10.3787867844429
335.2270008603284 43.95829493494794 0 0 43.95829493494794 54.33708171939084 -10.3787867844429
335.2270008603284 43.95829493494794 0 0 43.95829493494794 54.33708171939084 -10.3787867844429
335.2270008603284 43.95829493494794 0 0 43.95829493494794 54.33708171939084 -10.3787867844429
335.2270008603284 43.95829493494794 0 0 43.95829493494794 54.33708171939084 -10.3787867844429
335.2270008603284 43.95829493494794 0 0 43.95829493494794 54.33708171939084 -10.3787867844429
335.2270008603284 43.95829493494794 0 0 43.95829493494794 54.33708171939084 -10.3787867844429
335.2105889717727 43.95909108876613 0 0 43.95909108876613 54.33787787320902 -10.3787867844429
335.2105889717727 43.95909108876613 0 0 43.95909108876613 54.33787787320902 -10.3787867844429
335.2105889717727 43.95909108876613 0 0 43.95909108876613 54.33787787320902 -10.3787867844429
335.2105889717727 43.95909108876613 0 0 43.95909108876613 54.33787787320902 -10.3787867844429
335.2105889717727 43.95909108876613 0 0 43.95909108876613 54.33787787320902 -10.3787867844429
335.0589991315409 43.97523911806105 0 0 43.97523911806105 54.35402590250396 -10.3787867844429
335.0589991315409 43.97523911806105 0 0 43.97523911806105 54.35402590250396 -10.3787867844429
335.0589991315409 43.97523911806105 0 0 43.97523911806105 54.35402590250396 -10.3787867844429
335.0589991315409 43.97523911806105 0 0 43.97523911806105 54.35402590250396 -10.3787867844429
335.0589991315409 43.97523911806105 0 0 43.97523911806105 54.35402590250396 -10.3787867844429
335.0589991315409 43.97523911806105 0 0 43.97523911806105 54.35402590250396 -10.3787867844429
335.0589991315409 43.97523911806105 0 0 43.97523911806105 54.35402590250396 -10.3787867844429
335.0589991315409 43.97523911806105 0 0 43.97523911806105 54.35402590250396 -10.3787867844429
335.0589991315409 43.97523911806105 0 0 43.97523911806105 54.35402590250396 -10.3787867844429
335.0589991315409 43.97523911806105 0 0 43.97523911806105 54.35402590250396 -10.3787867844429
335.0589991315409 43.97523911806105 0 0 43.97523911806105 54.35402590250396 -10.3787867844429
335.0589991315409 43.97523911806105 0 0 43.97523911806105 54.35402590250396 -10.3787867844429
335.0589991315409 43.97523911806105 0 0 43.97523911806105 54.35402590250396 -10.3787867844429
335.0589991315409 43.97523911806105 0 0 43.97523911806105 54.35402590250396 -10.3787867844429
335.0589991315409 43.97523911806105 0 0 43.97523911806105 54.35402590250396 -10.3787867844429
335.0589991315409 43.97523911806105 0 0 43.97523911806105 54.35402590250396 -10.3787867844429
335.0589991315409 43.97523911806105 0 0 43.97523911806105 54.35402590250396 -10.3787867844429
335.0589991315409 43.97523911806105 0 0 43.97523911806105 54.35402590250396 -10.3787867844429
335.0589991315409 43.97523911806105 0 0 43.97523911806105 54.35402590250396 -10.3787867844429
335.0589991315409 43.97523911806105 0 0 43.97523911806105 54.35402590250396 -10.3787867844429
335.0589991315409 43.97523911806105 0 0 43.97523911806105 54.35402590250396 -10.3787867844429
335.0589991315409 43.97523911806105 0 0 43.97523911806105 54.35402590250396 -10.3787867844429
335.0589991315409 43.97523911806105 0 0 43.97523911806105 54.35402590250396 -10.3787867844429
335.0589991315409 43.97523911806105 0 0 43.97523911806105 54.35402590250396 -10.3787867844429
335.0589991315409 43.97523911806105 0 0 43.97523911806105 54.35402590250396 -10.3787867844429
335.0589991315409 43.97523911806105 0 0 43.97523911806105 54.35402590250396 -10.3787867844429
335.0589991315409 43.97523911806105 0 0 43.97523911806105 54.35402590250396 -10.3787867844429
335.0589991315409 43.97523911806105 0 0 43.97523911806105 54.35402590250396 -10.3787867844429
335.0589991315409 43.97523911806105 0 0 43.97523911806105 54.35402590250396 -10.3787867844429
335.0589991315409 43.97523911806105 0 0 43.97523911806105 54.35402590250396 -10.3787867844429
335.0589991315409 43.97523911806105 0 0 43.97523911806105 54.35402590250396 -10.3787867844429
335.0589991315409 43.97523911806105 0 0 43.97523911806105 54.35402590250396 -10.3787867844429
335.0589991315409 43.97523911806105 0 0 43.97523911806105 54.35402590250396 -10.3787867844429
335.0589991315409 43.97523911806105 0 0 43.97523911806105 54.35402590250396 -10.3787867844429
335.0589991315409 43.97523911806105 0 0 43.97523911806105 54.35402590250396 -10.3787867844429
335.0589991315409 43.97523911806105 0 0 43.97523911806105 54.35402590250396 -10.3787867844429
335.0589991315409 43.97523911806105 0 0 43.97523911806105 54.35402590250396 -10.3787867844429
335.0589991315409 43.97523911806105 0 0 43.97523911806105 54.35402590250396 -10.3787867844429
334.788775137025 44.14609567268293 0 0 44.14609567268293 54.52488245712583 -10.3787867844429
335.2008878365261 44.08706391480935 0 0 44.08706391480935 54.46585069925224 -10.3787867844429
335.2008878365261 44.08706391480935 0 0 44.08706391480935 54.46585069925224 -10.3787867844429
335.2008878365261 44.08706391480935 0 0 44.08706391480935 54.46585069925224 -10.3787867844429
335.2008878365261 44.08706391480935 0 0 44.08706391480935 54.46585069925224 -10.3787867844429
335.2008878365261 44.08706391480935 0 0 44.08706391480935 54.46585069925224 -10.3787867844429
335.2008878365261 44.08706391480935 0 0 44.08706391480935 54.46585069925224 -10.3787867844429
335.2008878365261 44.08706391480935 0 0 44.08706391480935 54.46585069925224 -10.3787867844429
335.2008878365261 44.08706391480935 0 0 44.08706391480935 54.46585069925224 -10.3787867844429
335.2008878365261 44.08706391480935 0 0 44.08706391480935 54.46585069925224 -10.3787867844429
335.2008878365261 44.08706391480935 0 0 44.08706391480935 54.46585069925224 -10.3787867844429
335.2008878365261 44.08706391480935 0 0 44.08706391480935 54.46585069925224 -10.3787867844429
335.2008878365261 44.08706391480935 0 0 44.08706391480935 54.46585069925224 -10.3787867844429
335.2008878365261 44.08706391480935 0 0 44.08706391480935 54.46585069925224 -10.3787867844429
335.2008878365261 44.08706391480935 0 0 44.08706391480935 54.46585069925224 -10.3787867844429
335.2008878365261 44.08706391480935 0 0 44.08706391480935 54.46585069925224 -10.3787867844429
335.2008878365261 44.08706391480935 0 0 44.08706391480935 54.46585069925224 -10.3787867844429
335.1285193857597 44.05178471982687 0 0 44.05178471982687 54.43057150426977 -10.3787867844429
335.1285193857597 44.05178471982687 0 0 44.05178471982687 54.43057150426977 -10.3787867844429
335.1285193857597 44.05178471982687 0 0 44.05178471982687 54.43057150426977 -10.3787867844429
335.1285193857597 44.05178471982687 0 0 44.05178471982687 54.43057150426977 -10.3787867844429
335.1285193857597 44.05178471982687 0 0 44.05178471982687 54.43057150426977 -10.3787867844429
335.1285193857597 44.05178471982687 0 0 44.05178471982687 54.43057150426977 -10.3787867844429
335.1285193857597 44.05178471982687 0 0 44.05178471982687 54.43057150426977 -10.3787867844429
335.1285193857597 44.05178471982687 0 0 44.05178471982687 54.43057150426977 -10.3787867844429
335.1285193857597 44.05178471982687 0 0 44.05178471982687 54.43057150426977 -10.3787867844429
335.1285193857597 44.05178471982687 0 0 44.05178471982687 54.43057150426977 -10.3787867844429
335.1285193857597 44.05178471982687 0 0 44.05178471982687 54.43057150426977 -10.3787867844429
335.1285193857597 44.05178471982687 0 0 44.05178471982687 54.43057150426977 -10.3787867844429
335.1285193857597 44.05178471982687 0 0 44.05178471982687 54.43057150426977 -10.3787867844429
334.9880604050834 44.05077906409682 0 0 44.05077906409682 54.42956584853971 -10.3787867844429
334.9880604050834 44.05077906409682 0 0 44.05077906409682 54.42956584853971 -10.3787867844429
334.9880604050834 44.05077906409682 0 0 44.05077906409682 54.42956584853971 -10.3787867844429
334.9880604050834 44.05077906409682 0 0 44.05077906409682 54.42956584853971 -10.3787867844429
334.9880604050834 44.05077906409682 0 0 44.05077906409682 54.42956584853971 -10.3787867844429
334.9880604050834 44.05077906409682 0 0 44.05077906409682 54.42956584853971 -10.3787867844429
334.5138964579871 44.08570597564378 0 0 44.08570597564378 54.46449276008668 -10.3787867844429
334.5138964579871 44.08570597564378 0 0 44.08570597564378 54.46449276008668 -10.3787867844429
334.5138964579871 44.08570597564378 0 0 44.08570597564378 54.46449276008668 -10.3787867844429
334.5138964579871 44.08570597564378 0 0 44.08570597564378 54.46449276008668 -10.3787867844429
334.5138964579871 44.08570597564378 0 0 44.08570597564378 54.46449276008668 -10.3787867844429
334.5138964579871 44.08570597564378 0 0 44.08570597564378 54.46449276008668 -10.3787867844429
334.5138964579871 44.08570597564378 0 0 44.08570597564378 54.46449276008668 -10.3787867844429
334.5138964579871 44.08570597564378 0 0 44.08570597564378 54.46449276008668 -10.3787867844429
334.5138964579871 44.08570597564378 0 0 44.08570597564378 54.46449276008668 -10.3787867844429
334.5138964579871 44.08570597564378 0 0 44.08570597564378 54.46449276008668 -10.3787867844429
334.7376779840739 44.13697239708165 0 0 44.13697239708165 54.51575918152454 -10.3787867844429
334.7376779840739 44.13697239708165 0 0 44.13697239708165 54.51575918152454 -10.3787867844429
334.7376779840739 44.13697239708165 0 0 44.13697239708165 54.51575918152454 -10.3787867844429
334.7376779840739 44.13697239708165 0 0 44.13697239708165 54.51575918152454 -10.3787867844429
334.7376779840739 44.13697239708165 0 0 44.13697239708165 54.51575918152454 -10.3787867844429
334.7376779840739 44.13697239708165 0 0 44.13697239708165 54.51575918152454 -10.3787867844429
334.7376779840739 44.13697239708165 0 0 44.13697239708165 54.51575918152454 -10.3787867844429
334.7376779840739 44.13697239708165 0 0 44.13697239708165 54.51575918152454 -10.3787867844429
334.7376779840739 44.13697239708165 0 0 44.13697239708165 54.51575918152454 -10.3787867844429
334.7376779840739 44.13697239708165 0 0 44.13697239708165 54.51575918152454 -10.3787867844429
334.7376779840739 44.13697239708165 0 0 44.13697239708165 54.51575918152454 -10.3787867844429
334.7376779840739 44.13697239708165 0 0 44.13697239708165 54.51575918152454 -10.3787867844429
334.7376779840739 44.13697239708165 0 0 44.13697239708165 54.51575918152454 -10.3787867844429
334.7376779840739 44.13697239708165 0 0 44.13697239708165 54.51575918152454 -10.3787867844429
334.7376779840739 44.13697239708165 0 0 44.13697239708165 54.51575918152454 -10.3787867844429
334.7376779840739 44.13697239708165 0 0 44.13697239708165 54.51575918152454 -10.3787867844429
334.7376779840739 44.13697239708165 0 0 44.13697239708165 54.51575918152454 -10.3787867844429
334.7376779840739 44.13697239708165 0 0 44.13697239708165 54.51575918152454 -10.3787867844429
334.7376779840739 44.13697239708165 0 0 44.13697239708165 54.51575918152454 -10.3787867844429
334.7376779840739 44.13697239708165 0 0 44.13697239708165 54.51575918152454 -10.3787867844429
334.5660142961713 44.12872045809596 0 0 44.12872045809596 54.50750724253886 -10.3787867844429
334.5660142961713 44.12872045809596 0 0 44.12872045809596 54.50750724253886 -10.3787867844429
334.5660142961713 44.12872045809596 0 0 44.12872045809596 54.50750724253886 -10.3787867844429
334.5660142961713 44.12872045809596 0 0 44.12872045809596 54.50750724253886 -10.3787867844429
334.5660142961713 44.12872045809596 0 0 44.12872045809596 54.50750724253886 -10.3787867844429
334.5660142961713 44.12872045809596 0 0 44.12872045809596 54.50750724253886 -10.3787867844429
334.5660142961713 44.12872045809596 0 0 44.12872045809596 54.50750724253886 -10.3787867844429
334.5660142961713 44.12872045809596 0 0 44.12872045809596 54.50750724253886 -10.3787867844429
334.5660142961713 44.12872045809596 0 0 44.12872045809596 54.50750724253886 -10.3787867844429
334.5660142961713 44.12872045809596 0 0 44.12872045809596 54.50750724253886 -10.3787867844429
334.4182750762732 44.13494480577236 0 0 44.13494480577236 54.51373159021527 -10.3787867844429
334.4182750762732 44.13494480577236 0 0 44.13494480577236 54.51373159021527 -10.3787867844429
334.6717095450641 44.14698372624048 0 0 44.14698372624048 54.52577051068338 -10.3787867844429
334.6717095450641 44.14698372624048 0 0 44.14698372624048 54.52577051068338 -10.3787867844429
334.6717095450641 44.14698372624048 0 0 44.14698372624048 54.52577051068338 -10.3787867844429
335.5457951581272 44.30856833833683 0 0 44.30856833833683 54.68735512277972 -10.3787867844429
335.5457951581272 44.30856833833683 0 0 44.30856833833683 54.68735512277972 -10.3787867844429
335.5457951581272 44.30856833833683 0 0 44.30856833833683 54.68735512277972 -10.3787867844429
335.5457951581272 44.30856833833683 0 0 44.30856833833683 54.68735512277972 -10.3787867844429
335.5457951581272 44.30856833833683 0 0 44.30856833833683 54.68735512277972 -10.3787867844429
335.5457951581272 44.30856833833683 0 0 44.30856833833683 54.68735512277972 -10.3787867844429
335.5457951581272 44.30856833833683 0 0 44.30856833833683 54.68735512277972 -10.3787867844429
335.5457951581272 44.30856833833683 0 0 44.30856833833683 54.68735512277972 -10.3787867844429
335.5457951581272 44.30856833833683 0 0 44.30856833833683 54.68735512277972 -10.3787867844429
335.5457951581272 44.30856833833683 0 0 44.30856833833683 54.68735512277972 -10.3787867844429
335.5457951581272 44.30856833833683 0 0 44.30856833833683 54.68735512277972 -10.3787867844429
335.5457951581272 44.30856833833683 0 0 44.30856833833683 54.68735512277972 -10.3787867844429
335.5457951581272 44.30856833833683 0 0 44.30856833833683 54.68735512277972 -10.3787867844429
335.5457951581272 44.30856833833683 0 0 44.30856833833683 54.68735512277972 -10.3787867844429
335.5457951581272 44.30856833833683 0 0 44.30856833833683 54.68735512277972 -10.3787867844429
335.5457951581272 44.30856833833683 0 0 44.30856833833683 54.68735512277972 -10.3787867844429
335.5457951581272 44.30856833833683 0 0 44.30856833833683 54.68735512277972 -10.3787867844429
335.5457951581272 44.30856833833683 0 0 44.30856833833683 54.68735512277972 -10.3787867844429
335.5457951581272 44.30856833833683 0 0 44.30856833833683 54.68735512277972 -10.3787867844429
335.5457951581272 44.30856833833683 0 0 44.30856833833683 54.68735512277972 -10.3787867844429
335.5457951581272 44.30856833833683 0 0 44.30856833833683 54.68735512277972 -10.3787867844429
335.5457951581272 44.30856833833683 0 0 44.30856833833683 54.68735512277972 -10.3787867844429
335.5457951581272 44.30856833833683 0 0 44.30856833833683 54.68735512277972 -10.3787867844429
335.5457951581272 44.30856833833683 0 0 44.30856833833683 54.68735512277972 -10.3787867844429
335.5457951581272 44.30856833833683 0 0 44.30856833833683 54.68735512277972 -10.3787867844429
335.5457951581272 44.30856833833683 0 0 44.30856833833683 54.68735512277972 -10.3787867844429
335.5457951581272 44.30856833833683 0 0 44.30856833833683 54.68735512277972 -10.3787867844429
335.5457951581272 44.30856833833683 0 0 44.30856833833683 54.68735512277972 -10.3787867844429
335.5457951581272 44.30856833833683 0 0 44.30856833833683 54.68735512277972 -10.3787867844429
335.5457951581272 44.30856833833683 0 0 44.30856833833683 54.68735512277972 -10.3787867844429
335.5457951581272 44.30856833833683 0 0 44.30856833833683 54.68735512277972 -10.3787867844429
335.5457951581272 44.30856833833683 0 0 44.30856833833683 54.68735512277972 -10.3787867844429
335.5457951581272 44.30856833833683 0 0 44.30856833833683 54.68735512277972 -10.3787867844429
335.5457951581272 44.30856833833683 0 0 44.30856833833683 54.68735512277972 -10.3787867844429
335.5457951581272 44.30856833833683 0 0 44.30856833833683 54.68735512277972 -10.3787867844429
335.5457951581272 44.30856833833683 0 0 44.30856833833683 54.68735512277972 -10.3787867844429
335.5457951581272 44.30856833833683 0 0 44.30856833833683 54.68735512277972 -10.3787867844429
335.5457951581272 44.30856833833683 0 0 44.30856833833683 54.68735512277972 -10.3787867844429
335.5457951581272 44.30856833833683 0 0 44.30856833833683 54.68735512277972 -10.3787867844429
335.5457951581272 44.30856833833683 0 0 44.30856833833683 54.68735512277972 -10.3787867844429
335.5457951581272 44.30856833833683 0 0 44.30856833833683 54.68735512277972 -10.3787867844429
335.5457951581272 44.30856833833683 0 0 44.30856833833683 54.68735512277972 -10.3787867844429
335.5457951581272 44.30856833833683 0 0 44.30856833833683 54.68735512277972 -10.3787867844429
335.5457951581272 44.30856833833683 0 0 44.30856833833683 54.68735512277972 -10.3787867844429
335.5706619745545 44.30853513934318 0 0 44.30853513934318 54.68732192378608 -10.3787867844429
335.5706619745545 44.30853513934318 0 0 44.30853513934318 54.68732192378608 -10.3787867844429
335.5706619745545 44.30853513934318 0 0 44.30853513934318 54.68732192378608 -10.3787867844429
335.5706619745545 44.30853513934318 0 0 44.30853513934318 54.68732192378608 -10.3787867844429
335.5706619745545 44.30853513934318 0 0 44.30853513934318 54.68732192378608 -10.3787867844429
335.5706619745545 44.30853513934318 0 0 44.30853513934318 54.68732192378608 -10.3787867844429
335.5706619745545 44.30853513934318 0 0 44.30853513934318 54.68732192378608 -10.3787867844429
335.5706619745545 44.30853513934318 0 0 44.30853513934318 54.68732192378608 -10.3787867844429
335.5706619745545 44.30853513934318 0 0 44.30853513934318 54.68732192378608 -10.3787867844429
335.5706619745545 44.30853513934318 0 0 44.30853513934318 54.68732192378608 -10.3787867844429
335.0301071985695 44.16708923871148 0 0 44.16708923871148 54.54587602315438 -10.3787867844429
335.0301071985695 44.16708923871148 0 0 44.16708923871148 54.54587602315438 -10.3787867844429
335.0301071985695 44.16708923871148 0 0 44.16708923871148 54.54587602315438 -10.3787867844429
334.6690870698784 44.39359061547708 0 0 44.39359061547708 54.77237739991998 -10.3787867844429
334.6690870698784 44.39359061547708 0 0 44.39359061547708 54.77237739991998 -10.3787867844429
334.6690870698784 44.39359061547708 0 0 44.39359061547708 54.77237739991998 -10.3787867844429
334.6690870698784 44.39359061547708 0 0 44.39359061547708 54.77237739991998 -10.3787867844429
334.6690870698784 44.39359061547708 0 0 44.39359061547708 54.77237739991998 -10.3787867844429
334.6690870698784 44.39359061547708 0 0 44.39359061547708 54.77237739991998 -10.3787867844429
334.6690870698784 44.39359061547708 0 0 44.39359061547708 54.77237739991998 -10.3787867844429
334.6690870698784 44.39359061547708 0 0 44.39359061547708 54.77237739991998 -10.3787867844429
334.6690870698784 44.39359061547708 0 0 44.39359061547708 54.77237739991998 -10.3787867844429
334.6690870698784 44.39359061547708 0 0 44.39359061547708 54.77237739991998 -10.3787867844429
334.6690870698784 44.39359061547708 0 0 44.39359061547708 54.77237739991998 -10.3787867844429
334.6690870698784 44.39359061547708 0 0 44.39359061547708 54.77237739991998 -10.3787867844429
334.6690870698784 44.39359061547708 0 0 44.39359061547708 54.77237739991998 -10.3787867844429
334.6690870698784 44.39359061547708 0 0 44.39359061547708 54.77237739991998 -10.3787867844429
334.6690870698784 44.39359061547708 0 0 44.39359061547708 54.77237739991998 -10.3787867844429
334.6690870698784 44.39359061547708 0 0 44.39359061547708 54.77237739991998 -10.3787867844429
334.6690870698784 44.39359061547708 0 0 44.39359061547708 54.77237739991998 -10.3787867844429
334.6690870698784 44.39359061547708 0 0 44.39359061547708 54.77237739991998 -10.3787867844429
334.6690870698784 44.39359061547708 0 0 44.39359061547708 54.77237739991998 -10.3787867844429
334.6690870698784 44.39359061547708 0 0 44.39359061547708 54.77237739991998 -10.3787867844429
334.6690870698784 44.39359061547708 0 0 44.39359061547708 54.77237739991998 -10.3787867844429
