totalLogLikelihoodDensity totalLogPriorDensity H1NoiseLogPriorDensity L1NoiseLogPriorDensity gwLogPriorDensity gwExtrinsicLogPriorDensityTracker gwCbcLogPriorDensityTracker
268.9361581075324 42.58114048810603 0 0 42.58114048810603 52.95992727254892 -10.3787867844429
268.9361581075324 42.58114048810603 0 0 42.58114048810603 52.95992727254892 -10.3787867844429
268.9361581075324 42.58114048810603 0 0 42.58114048810603 52.95992727254892 -10.3787867844429
268.9361581075324 42.58114048810603 0 0 42.58114048810603 52.95992727254892 -10.3787867844429
268.9361581075324 42.58114048810603 0 0 42.58114048810603 52.95992727254892 -10.3787867844429
268.9361581075324 42.58114048810603 0 0 42.58114048810603 52.95992727254892 -10.3787867844429
268.9361581075324 42.58114048810603 0 0 42.58114048810603 52.95992727254892 -10.3787867844429
268.9361581075324 42.58114048810603 0 0 42.58114048810603 52.95992727254892 -10.3787867844429
268.9361581075324 42.58114048810603 0 0 42.58114048810603 52.95992727254892 -10.3787867844429
268.9361581075324 42.58114048810603 0 0 42.58114048810603 52.95992727254892 -10.3787867844429
268.9361581075324 42.58114048810603 0 0 42.58114048810603 52.95992727254892 -10.3787867844429
268.9361581075324 42.58114048810603 0 0 42.58114048810603 52.95992727254892 -10.3787867844429
268.9361581075324 42.58114048810603 0 0 42.58114048810603 52.95992727254892 -10.3787867844429
268.9361581075324 42.58114048810603 0 0 42.58114048810603 52.95992727254892 -10.3787867844429
268.9361581075324 42.58114048810603 0 0 42.58114048810603 52.95992727254892 -10.3787867844429
336.807114197635 44.16768415524808 0 0 44.16768415524808 54.54647093969098 -10.3787867844429
336.807114197635 44.16768415524808 0 0 44.16768415524808 54.54647093969098 -10.3787867844429
336.807114197635 44.16768415524808 0 0 44.16768415524808 54.54647093969098 -10.3787867844429
336.807114197635 44.16768415524808 0 0 44.16768415524808 54.54647093969098 -10.3787867844429
336.807114197635 44.16768415524808 0 0 44.16768415524808 54.54647093969098 -10.3787867844429
337.0485286500577 43.93469149162583 0 0 43.93469149162583 54.31347827606873 -10.3787867844429
337.4290005251309 43.86624680293032 0 0 43.86624680293032 54.24503358737321 -10.3787867844429
337.4290005251309 43.86624680293032 0 0 43.86624680293032 54.24503358737321 -10.3787867844429
336.9347849235272 43.70327423170802 0 0 43.70327423170802 54.08206101615092 -10.3787867844429
336.9347849235272 43.70327423170802 0 0 43.70327423170802 54.08206101615092 -10.3787867844429
337.4192105157805 43.68721507661613 0 0 43.68721507661613 54.06600186105902 -10.3787867844429
337.2891548621848 43.74237317644213 0 0 43.74237317644213 54.12115996088503 -10.3787867844429
337.0559855084659 43.91604471896328 0 0 43.91604471896328 54.29483150340617 -10.3787867844429
336.5087538918643 43.83517841535325 0 0 43.83517841535325 54.21396519979616 -10.3787867844429
336.5087538918643 43.83517841535325 0 0 43.83517841535325 54.21396519979616 -10.3787867844429
336.6337886525249 43.76394119908338 0 0 43.76394119908338 54.14272798352628 -10.3787867844429
337.1157026020142 43.78063869664261 0 0 43.78063869664261 54.15942548108551 -10.3787867844429
337.1157026020142 43.78063869664261 0 0 43.78063869664261 54.15942548108551 -10.3787867844429
337.1035546315627 43.51253978325016 0 0 43.51253978325016 53.89132656769306 -10.3787867844429
337.159293317017 43.63043937390805 0 0 43.63043937390805 54.00922615835095 -10.3787867844429
336.9031722958739 43.58388140849567 0 0 43.58388140849567 53.96266819293857 -10.3787867844429
337.0239071643942 43.56627629237886 0 0 43.56627629237886 53.94506307682176 -10.3787867844429
337.0239071643942 43.56627629237886 0 0 43.56627629237886 53.94506307682176 -10.3787867844429
337.2343048815624 43.61227397821433 0 0 43.61227397821433 53.99106076265723 -10.3787867844429
337.2343048815624 43.61227397821433 0 0 43.61227397821433 53.99106076265723 -10.3787867844429
337.1715371753172 43.6543266334606 0 0 43.6543266334606 54.03311341790349 -10.3787867844429
337.1715371753172 43.6543266334606 0 0 43.6543266334606 54.03311341790349 -10.3787867844429
336.2305337521089 43.47731803218942 0 0 43.47731803218942 53.85610481663232 -10.3787867844429
335.9753409015743 43.52905527913259 0 0 43.52905527913259 53.90784206357549 -10.3787867844429
336.7155327554307 43.68623032918919 0 0 43.68623032918919 54.06501711363208 -10.3787867844429
336.7155327554307 43.68623032918919 0 0 43.68623032918919 54.06501711363208 -10.3787867844429
336.7773330077557 43.73850990189614 0 0 43.73850990189614 54.11729668633904 -10.3787867844429
336.2928802938939 43.75652332360279 0 0 43.75652332360279 54.13531010804569 -10.3787867844429
336.296408105303 43.74907246996915 0 0 43.74907246996915 54.12785925441204 -10.3787867844429
336.7580634450856 43.86151282225707 0 0 43.86151282225707 54.24029960669997 -10.3787867844429
336.7088611792228 43.9653040196759 0 0 43.9653040196759 54.34409080411879 -10.3787867844429
336.8758247682764 43.9495170077825 0 0 43.9495170077825 54.32830379222541 -10.3787867844429
336.9901386278068 44.0411518111538 0 0 44.0411518111538 54.4199385955967 -10.3787867844429
336.8272125566685 44.20741607708142 0 0 44.20741607708142 54.58620286152432 -10.3787867844429
336.3027956552746 44.01807670597148 0 0 44.01807670597148 54.39686349041438 -10.3787867844429
336.3027956552746 44.01807670597148 0 0 44.01807670597148 54.39686349041438 -10.3787867844429
337.1230089345686 44.10993586062507 0 0 44.10993586062507 54.48872264506797 -10.3787867844429
337.1230089345686 44.10993586062507 0 0 44.10993586062507 54.48872264506797 -10.3787867844429
335.9627926834781 44.09960288425107 0 0 44.09960288425107 54.47838966869396 -10.3787867844429
335.9627926834781 44.09960288425107 0 0 44.09960288425107 54.47838966869396 -10.3787867844429
335.9842613815637 44.1190027450205 0 0 44.1190027450205 54.49778952946339 -10.3787867844429
336.8633235719213 44.09050502397491 0 0 44.09050502397491 54.46929180841781 -10.3787867844429
336.8633235719213 44.09050502397491 0 0 44.09050502397491 54.46929180841781 -10.3787867844429
336.8633235719213 44.09050502397491 0 0 44.09050502397491 54.46929180841781 -10.3787867844429
336.8633235719213 44.09050502397491 0 0 44.09050502397491 54.46929180841781 -10.3787867844429
336.8633235719213 44.09050502397491 0 0 44.09050502397491 54.46929180841781 -10.3787867844429
336.8750959737117 44.035165903459 0 0 44.035165903459 54.4139526879019 -10.3787867844429
337.340687963217 44.1019598619762 0 0 44.1019598619762 54.4807466464191 -10.3787867844429
337.340687963217 44.1019598619762 0 0 44.1019598619762 54.4807466464191 -10.3787867844429
336.7801324307312 44.29042720457909 0 0 44.29042720457909 54.66921398902199 -10.3787867844429
336.7801324307312 44.29042720457909 0 0 44.29042720457909 54.66921398902199 -10.3787867844429
336.7801324307312 44.29042720457909 0 0 44.29042720457909 54.66921398902199 -10.3787867844429
336.7801324307312 44.29042720457909 0 0 44.29042720457909 54.66921398902199 -10.3787867844429
336.3734013383544 44.30339577930532 0 0 44.30339577930532 54.68218256374821 -10.3787867844429
336.2526054752501 44.26957232187705 0 0 44.26957232187705 54.64835910631994 -10.3787867844429
336.3771451590608 44.28810377342893 0 0 44.28810377342893 54.66689055787183 -10.3787867844429
336.2384121237637 44.36373291930548 0 0 44.36373291930548 54.74251970374837 -10.3787867844429
336.2384121237637 44.36373291930548 0 0 44.36373291930548 54.74251970374837 -10.3787867844429
336.2384121237637 44.36373291930548 0 0 44.36373291930548 54.74251970374837 -10.3787867844429
336.2384121237637 44.36373291930548 0 0 44.36373291930548 54.74251970374837 -10.3787867844429
336.2384121237637 44.36373291930548 0 0 44.36373291930548 54.74251970374837 -10.3787867844429
336.2384121237637 44.36373291930548 0 0 44.36373291930548 54.74251970374837 -10.3787867844429
336.2384121237637 44.36373291930548 0 0 44.36373291930548 54.74251970374837 -10.3787867844429
336.2384121237637 44.36373291930548 0 0 44.36373291930548 54.74251970374837 -10.3787867844429
336.2384121237637 44.36373291930548 0 0 44.36373291930548 54.74251970374837 -10.3787867844429
336.2384121237637 44.36373291930548 0 0 44.36373291930548 54.74251970374837 -10.3787867844429
336.2384121237637 44.36373291930548 0 0 44.36373291930548 54.74251970374837 -10.3787867844429
336.2384121237637 44.36373291930548 0 0 44.36373291930548 54.74251970374837 -10.3787867844429
337.3897824513838 44.38110426787406 0 0 44.38110426787406 54.75989105231697 -10.3787867844429
337.3897824513838 44.38110426787406 0 0 44.38110426787406 54.75989105231697 -10.3787867844429
337.7527112123699 44.32074982012152 0 0 44.32074982012152 54.69953660456441 -10.3787867844429
338.7409151388605 44.18756695958139 0 0 44.18756695958139 54.56635374402428 -10.3787867844429
338.7409151388605 44.18756695958139 0 0 44.18756695958139 54.56635374402428 -10.3787867844429
338.7409151388605 44.18756695958139 0 0 44.18756695958139 54.56635374402428 -10.3787867844429
338.7409151388605 44.18756695958139 0 0 44.18756695958139 54.56635374402428 -10.3787867844429
338.7409151388605 44.18756695958139 0 0 44.18756695958139 54.56635374402428 -10.3787867844429
338.7409151388605 44.18756695958139 0 0 44.18756695958139 54.56635374402428 -10.3787867844429
338.6483756181667 44.18724366412533 0 0 44.18724366412533 54.56603044856823 -10.3787867844429
338.6483756181667 44.18724366412533 0 0 44.18724366412533 54.56603044856823 -10.3787867844429
338.6483756181667 44.18724366412533 0 0 44.18724366412533 54.56603044856823 -10.3787867844429
338.6586166669284 44.26133806304394 0 0 44.26133806304394 54.64012484748684 -10.3787867844429
338.6586166669284 44.26133806304394 0 0 44.26133806304394 54.64012484748684 -10.3787867844429
338.6586166669284 44.26133806304394 0 0 44.26133806304394 54.64012484748684 -10.3787867844429
338.6586166669284 44.26133806304394 0 0 44.26133806304394 54.64012484748684 -10.3787867844429
338.6586166669284 44.26133806304394 0 0 44.26133806304394 54.64012484748684 -10.3787867844429
338.7455221370883 44.36506526919115 0 0 44.36506526919115 54.74385205363405 -10.3787867844429
338.7455221370883 44.36506526919115 0 0 44.36506526919115 54.74385205363405 -10.3787867844429
338.6372162278585 44.21479788669865 0 0 44.21479788669865 54.59358467114155 -10.3787867844429
338.6302958796594 44.09404076742069 0 0 44.09404076742069 54.4728275518636 -10.3787867844429
338.6302958796594 44.09404076742069 0 0 44.09404076742069 54.4728275518636 -10.3787867844429
338.2145093050084 43.9444824909275 0 0 43.9444824909275 54.3232692753704 -10.3787867844429
338.3667810125449 44.1296531249253 0 0 44.1296531249253 54.50843990936819 -10.3787867844429
338.8622291019555 43.92721256582726 0 0 43.92721256582726 54.30599935027016 -10.3787867844429
338.8622291019555 43.92721256582726 0 0 43.92721256582726 54.30599935027016 -10.3787867844429
338.8622291019555 43.92721256582726 0 0 43.92721256582726 54.30599935027016 -10.3787867844429
338.6524612755051 44.30313359451151 0 0 44.30313359451151 54.6819203789544 -10.3787867844429
338.6208966179238 44.33402398030039 0 0 44.33402398030039 54.71281076474329 -10.3787867844429
338.6208966179238 44.33402398030039 0 0 44.33402398030039 54.71281076474329 -10.3787867844429
338.6230344896363 44.33496820210524 0 0 44.33496820210524 54.71375498654814 -10.3787867844429
338.5151285183863 44.21680786724372 0 0 44.21680786724372 54.59559465168661 -10.3787867844429
338.7571962256728 44.24680173236916 0 0 44.24680173236916 54.62558851681206 -10.3787867844429
338.7571962256728 44.24680173236916 0 0 44.24680173236916 54.62558851681206 -10.3787867844429
338.7571962256728 44.24680173236916 0 0 44.24680173236916 54.62558851681206 -10.3787867844429
338.7571962256728 44.24680173236916 0 0 44.24680173236916 54.62558851681206 -10.3787867844429
339.8265622642504 44.15512879877804 0 0 44.15512879877804 54.53391558322093 -10.3787867844429
339.9824848354591 44.09664648120815 0 0 44.09664648120815 54.47543326565105 -10.3787867844429
339.9824848354591 44.09664648120815 0 0 44.09664648120815 54.47543326565105 -10.3787867844429
339.9824848354591 44.09664648120815 0 0 44.09664648120815 54.47543326565105 -10.3787867844429
339.9824848354591 44.09664648120815 0 0 44.09664648120815 54.47543326565105 -10.3787867844429
339.1914436614319 44.1924613111487 0 0 44.1924613111487 54.57124809559161 -10.3787867844429
339.1914436614319 44.1924613111487 0 0 44.1924613111487 54.57124809559161 -10.3787867844429
338.6985556610716 44.13742742590007 0 0 44.13742742590007 54.51621421034297 -10.3787867844429
338.6985556610716 44.13742742590007 0 0 44.13742742590007 54.51621421034297 -10.3787867844429
338.7730748382379 43.9820703524513 0 0 43.9820703524513 54.3608571368942 -10.3787867844429
338.7730748382379 43.9820703524513 0 0 43.9820703524513 54.3608571368942 -10.3787867844429
338.7730748382379 43.9820703524513 0 0 43.9820703524513 54.3608571368942 -10.3787867844429
338.7730748382379 43.9820703524513 0 0 43.9820703524513 54.3608571368942 -10.3787867844429
338.7730748382379 43.9820703524513 0 0 43.9820703524513 54.3608571368942 -10.3787867844429
338.7730748382379 43.9820703524513 0 0 43.9820703524513 54.3608571368942 -10.3787867844429
338.0372030510027 44.14857902177283 0 0 44.14857902177283 54.52736580621573 -10.3787867844429
338.7118591985251 44.28457784048936 0 0 44.28457784048936 54.66336462493226 -10.3787867844429
338.7118591985251 44.28457784048936 0 0 44.28457784048936 54.66336462493226 -10.3787867844429
339.5323607714451 44.20575942786212 0 0 44.20575942786212 54.58454621230502 -10.3787867844429
339.809371289136 44.40775092189894 0 0 44.40775092189894 54.78653770634184 -10.3787867844429
339.5565502983843 44.37429940061485 0 0 44.37429940061485 54.75308618505774 -10.3787867844429
339.5565502983843 44.37429940061485 0 0 44.37429940061485 54.75308618505774 -10.3787867844429
339.5565502983843 44.37429940061485 0 0 44.37429940061485 54.75308618505774 -10.3787867844429
339.5565502983843 44.37429940061485 0 0 44.37429940061485 54.75308618505774 -10.3787867844429
339.5565502983843 44.37429940061485 0 0 44.37429940061485 54.75308618505774 -10.3787867844429
339.7019963432226 44.20971782669467 0 0 44.20971782669467 54.58850461113757 -10.3787867844429
339.9045445926257 44.18680693240903 0 0 44.18680693240903 54.56559371685193 -10.3787867844429
339.9045445926257 44.18680693240903 0 0 44.18680693240903 54.56559371685193 -10.3787867844429
339.9045445926257 44.18680693240903 0 0 44.18680693240903 54.56559371685193 -10.3787867844429
339.9045445926257 44.18680693240903 0 0 44.18680693240903 54.56559371685193 -10.3787867844429
339.9045445926257 44.18680693240903 0 0 44.18680693240903 54.56559371685193 -10.3787867844429
339.9045445926257 44.18680693240903 0 0 44.18680693240903 54.56559371685193 -10.3787867844429
339.8484827212749 44.13935095672002 0 0 44.13935095672002 54.51813774116292 -10.3787867844429
339.8484827212749 44.13935095672002 0 0 44.13935095672002 54.51813774116292 -10.3787867844429
339.8484827212749 44.13935095672002 0 0 44.13935095672002 54.51813774116292 -10.3787867844429
339.5180290094113 44.04101232694569 0 0 44.04101232694569 54.41979911138858 -10.3787867844429
339.4261970713089 44.16231483912892 0 0 44.16231483912892 54.54110162357182 -10.3787867844429
338.8995075115396 44.16180525149993 0 0 44.16180525149993 54.54059203594283 -10.3787867844429
339.4987286920727 44.12365825986706 0 0 44.12365825986706 54.50244504430995 -10.3787867844429
339.879332456968 44.0301237501309 0 0 44.0301237501309 54.4089105345738 -10.3787867844429
339.5314861071397 44.05121026853406 0 0 44.05121026853406 54.42999705297696 -10.3787867844429
339.9428026224923 44.03438925730202 0 0 44.03438925730202 54.41317604174493 -10.3787867844429
339.7162792570788 44.05530244013191 0 0 44.05530244013191 54.43408922457481 -10.3787867844429
339.7162792570788 44.05530244013191 0 0 44.05530244013191 54.43408922457481 -10.3787867844429
339.7162792570788 44.05530244013191 0 0 44.05530244013191 54.43408922457481 -10.3787867844429
339.6730236019954 44.02511252622961 0 0 44.02511252622961 54.4038993106725 -10.3787867844429
339.6730236019954 44.02511252622961 0 0 44.02511252622961 54.4038993106725 -10.3787867844429
339.6516470654464 43.81829433582509 0 0 43.81829433582509 54.19708112026798 -10.3787867844429
338.3637709667742 44.31861475521238 0 0 44.31861475521238 54.69740153965528 -10.3787867844429
338.3637709667742 44.31861475521238 0 0 44.31861475521238 54.69740153965528 -10.3787867844429
338.3637709667742 44.31861475521238 0 0 44.31861475521238 54.69740153965528 -10.3787867844429
339.7608474488661 44.25376246712865 0 0 44.25376246712865 54.63254925157155 -10.3787867844429
339.7608474488661 44.25376246712865 0 0 44.25376246712865 54.63254925157155 -10.3787867844429
339.7608474488661 44.25376246712865 0 0 44.25376246712865 54.63254925157155 -10.3787867844429
339.3718344716761 44.27755608994811 0 0 44.27755608994811 54.656342874391 -10.3787867844429
339.3718344716761 44.27755608994811 0 0 44.27755608994811 54.656342874391 -10.3787867844429
339.3718344716761 44.27755608994811 0 0 44.27755608994811 54.656342874391 -10.3787867844429
339.3718344716761 44.27755608994811 0 0 44.27755608994811 54.656342874391 -10.3787867844429
339.3718344716761 44.27755608994811 0 0 44.27755608994811 54.656342874391 -10.3787867844429
339.9766631061447 44.197020821826 0 0 44.197020821826 54.5758076062689 -10.3787867844429
339.9766631061447 44.197020821826 0 0 44.197020821826 54.5758076062689 -10.3787867844429
340.1677044482874 44.18867755981371 0 0 44.18867755981371 54.56746434425661 -10.3787867844429
340.1677044482874 44.18867755981371 0 0 44.18867755981371 54.56746434425661 -10.3787867844429
340.1677044482874 44.18867755981371 0 0 44.18867755981371 54.56746434425661 -10.3787867844429
340.1677044482874 44.18867755981371 0 0 44.18867755981371 54.56746434425661 -10.3787867844429
340.1789573314788 44.04412053794651 0 0 44.04412053794651 54.42290732238941 -10.3787867844429
340.4221753913274 44.18645585596995 0 0 44.18645585596995 54.56524264041285 -10.3787867844429
340.4221753913274 44.18645585596995 0 0 44.18645585596995 54.56524264041285 -10.3787867844429
340.4221753913274 44.18645585596995 0 0 44.18645585596995 54.56524264041285 -10.3787867844429
340.4221753913274 44.18645585596995 0 0 44.18645585596995 54.56524264041285 -10.3787867844429
340.4221753913274 44.18645585596995 0 0 44.18645585596995 54.56524264041285 -10.3787867844429
340.6647590198805 44.16016962519257 0 0 44.16016962519257 54.53895640963546 -10.3787867844429
340.6647590198805 44.16016962519257 0 0 44.16016962519257 54.53895640963546 -10.3787867844429
339.6252813852803 44.09572012321107 0 0 44.09572012321107 54.47450690765396 -10.3787867844429
339.7980446633503 44.33853192555662 0 0 44.33853192555662 54.71731870999952 -10.3787867844429
339.7764253059776 44.3699201692588 0 0 44.3699201692588 54.7487069537017 -10.3787867844429
339.7764253059776 44.3699201692588 0 0 44.3699201692588 54.7487069537017 -10.3787867844429
340.3365247042954 44.23167940029215 0 0 44.23167940029215 54.61046618473505 -10.3787867844429
340.3365247042954 44.23167940029215 0 0 44.23167940029215 54.61046618473505 -10.3787867844429
340.3365247042954 44.23167940029215 0 0 44.23167940029215 54.61046618473505 -10.3787867844429
340.3365247042954 44.23167940029215 0 0 44.23167940029215 54.61046618473505 -10.3787867844429
340.3638947472791 44.11643323478225 0 0 44.11643323478225 54.49522001922514 -10.3787867844429
340.3638947472791 44.11643323478225 0 0 44.11643323478225 54.49522001922514 -10.3787867844429
340.3638947472791 44.11643323478225 0 0 44.11643323478225 54.49522001922514 -10.3787867844429
340.3638947472791 44.11643323478225 0 0 44.11643323478225 54.49522001922514 -10.3787867844429
340.3638947472791 44.11643323478225 0 0 44.11643323478225 54.49522001922514 -10.3787867844429
340.3638947472791 44.11643323478225 0 0 44.11643323478225 54.49522001922514 -10.3787867844429
340.3638947472791 44.11643323478225 0 0 44.11643323478225 54.49522001922514 -10.3787867844429
340.3638947472791 44.11643323478225 0 0 44.11643323478225 54.49522001922514 -10.3787867844429
340.3478713450347 44.08921428969552 0 0 44.08921428969552 54.46800107413842 -10.3787867844429
340.3478713450347 44.08921428969552 0 0 44.08921428969552 54.46800107413842 -10.3787867844429
340.02287473498 44.12704507457357 0 0 44.12704507457357 54.50583185901647 -10.3787867844429
340.02287473498 44.12704507457357 0 0 44.12704507457357 54.50583185901647 -10.3787867844429
340.02287473498 44.12704507457357 0 0 44.12704507457357 54.50583185901647 -10.3787867844429
340.0357988710181 43.98952351781645 0 0 43.98952351781645 54.36831030225935 -10.3787867844429
340.2796793512267 44.17799130431021 0 0 44.17799130431021 54.55677808875311 -10.3787867844429
340.2796793512267 44.17799130431021 0 0 44.17799130431021 54.55677808875311 -10.3787867844429
340.2796793512267 44.17799130431021 0 0 44.17799130431021 54.55677808875311 -10.3787867844429
340.1669138299155 44.20654318216189 0 0 44.20654318216189 54.58532996660479 -10.3787867844429
340.0384041139922 44.35699262895068 0 0 44.35699262895068 54.73577941339357 -10.3787867844429
340.0384041139922 44.35699262895068 0 0 44.35699262895068 54.73577941339357 -10.3787867844429
340.028557520572 44.38310582673147 0 0 44.38310582673147 54.76189261117436 -10.3787867844429
340.028557520572 44.38310582673147 0 0 44.38310582673147 54.76189261117436 -10.3787867844429
340.028557520572 44.38310582673147 0 0 44.38310582673147 54.76189261117436 -10.3787867844429
340.028557520572 44.38310582673147 0 0 44.38310582673147 54.76189261117436 -10.3787867844429
339.2238035784932 44.26540613215381 0 0 44.26540613215381 54.64419291659671 -10.3787867844429
340.0691934768383 44.10997651043812 0 0 44.10997651043812 54.48876329488102 -10.3787867844429
340.0691934768383 44.10997651043812 0 0 44.10997651043812 54.48876329488102 -10.3787867844429
340.0691934768383 44.10997651043812 0 0 44.10997651043812 54.48876329488102 -10.3787867844429
340.0691934768383 44.10997651043812 0 0 44.10997651043812 54.48876329488102 -10.3787867844429
340.0691934768383 44.10997651043812 0 0 44.10997651043812 54.48876329488102 -10.3787867844429
340.0691934768383 44.10997651043812 0 0 44.10997651043812 54.48876329488102 -10.3787867844429
340.0691934768383 44.10997651043812 0 0 44.10997651043812 54.48876329488102 -10.3787867844429
340.0691934768383 44.10997651043812 0 0 44.10997651043812 54.48876329488102 -10.3787867844429
340.0691934768383 44.10997651043812 0 0 44.10997651043812 54.48876329488102 -10.3787867844429
340.2996487238827 44.05902516435094 0 0 44.05902516435094 54.43781194879384 -10.3787867844429
340.1426452774951 44.01427698700503 0 0 44.01427698700503 54.39306377144793 -10.3787867844429
340.1426452774951 44.01427698700503 0 0 44.01427698700503 54.39306377144793 -10.3787867844429
339.7762029011725 44.1634710922624 0 0 44.1634710922624 54.5422578767053 -10.3787867844429
339.7762029011725 44.1634710922624 0 0 44.1634710922624 54.5422578767053 -10.3787867844429
340.0783896129645 44.08314359773938 0 0 44.08314359773938 54.46193038218228 -10.3787867844429
340.2600099478265 43.91385363584349 0 0 43.91385363584349 54.29264042028639 -10.3787867844429
340.2600099478265 43.91385363584349 0 0 43.91385363584349 54.29264042028639 -10.3787867844429
340.2600099478265 43.91385363584349 0 0 43.91385363584349 54.29264042028639 -10.3787867844429
340.2499065137475 43.98377885503243 0 0 43.98377885503243 54.36256563947532 -10.3787867844429
340.2499065137475 43.98377885503243 0 0 43.98377885503243 54.36256563947532 -10.3787867844429
340.2499065137475 43.98377885503243 0 0 43.98377885503243 54.36256563947532 -10.3787867844429
340.2499065137475 43.98377885503243 0 0 43.98377885503243 54.36256563947532 -10.3787867844429
340.2499065137475 43.98377885503243 0 0 43.98377885503243 54.36256563947532 -10.3787867844429
340.2499065137475 43.98377885503243 0 0 43.98377885503243 54.36256563947532 -10.3787867844429
340.2499065137475 43.98377885503243 0 0 43.98377885503243 54.36256563947532 -10.3787867844429
340.2499065137475 43.98377885503243 0 0 43.98377885503243 54.36256563947532 -10.3787867844429
340.2499065137475 43.98377885503243 0 0 43.98377885503243 54.36256563947532 -10.3787867844429
340.4471532690959 44.01410118446897 0 0 44.01410118446897 54.39288796891187 -10.3787867844429
340.4471532690959 44.01410118446897 0 0 44.01410118446897 54.39288796891187 -10.3787867844429
340.4471532690959 44.01410118446897 0 0 44.01410118446897 54.39288796891187 -10.3787867844429
340.4471532690959 44.01410118446897 0 0 44.01410118446897 54.39288796891187 -10.3787867844429
340.4471532690959 44.01410118446897 0 0 44.01410118446897 54.39288796891187 -10.3787867844429
340.4471532690959 44.01410118446897 0 0 44.01410118446897 54.39288796891187 -10.3787867844429
340.4471532690959 44.01410118446897 0 0 44.01410118446897 54.39288796891187 -10.3787867844429
340.4471532690959 44.01410118446897 0 0 44.01410118446897 54.39288796891187 -10.3787867844429
340.4471532690959 44.01410118446897 0 0 44.01410118446897 54.39288796891187 -10.3787867844429
339.7549325198942 44.05407409039383 0 0 44.05407409039383 54.43286087483672 -10.3787867844429
339.1297029147526 44.23255050634118 0 0 44.23255050634118 54.61133729078408 -10.3787867844429
340.0234232931688 44.2885493832959 0 0 44.2885493832959 54.6673361677388 -10.3787867844429
340.0234232931688 44.2885493832959 0 0 44.2885493832959 54.6673361677388 -10.3787867844429
340.5106349160663 44.20324240997259 0 0 44.20324240997259 54.58202919441548 -10.3787867844429
340.5106349160663 44.20324240997259 0 0 44.20324240997259 54.58202919441548 -10.3787867844429
340.5106349160663 44.20324240997259 0 0 44.20324240997259 54.58202919441548 -10.3787867844429
340.5106349160663 44.20324240997259 0 0 44.20324240997259 54.58202919441548 -10.3787867844429
340.5106349160663 44.20324240997259 0 0 44.20324240997259 54.58202919441548 -10.3787867844429
340.594406264446 44.03553823497255 0 0 44.03553823497255 54.41432501941544 -10.3787867844429
340.594406264446 44.03553823497255 0 0 44.03553823497255 54.41432501941544 -10.3787867844429
340.594406264446 44.03553823497255 0 0 44.03553823497255 54.41432501941544 -10.3787867844429
340.594406264446 44.03553823497255 0 0 44.03553823497255 54.41432501941544 -10.3787867844429
340.594406264446 44.03553823497255 0 0 44.03553823497255 54.41432501941544 -10.3787867844429
340.594406264446 44.03553823497255 0 0 44.03553823497255 54.41432501941544 -10.3787867844429
340.594406264446 44.03553823497255 0 0 44.03553823497255 54.41432501941544 -10.3787867844429
340.594406264446 44.03553823497255 0 0 44.03553823497255 54.41432501941544 -10.3787867844429
340.594406264446 44.03553823497255 0 0 44.03553823497255 54.41432501941544 -10.3787867844429
340.594406264446 44.03553823497255 0 0 44.03553823497255 54.41432501941544 -10.3787867844429
340.594406264446 44.03553823497255 0 0 44.03553823497255 54.41432501941544 -10.3787867844429
340.594406264446 44.03553823497255 0 0 44.03553823497255 54.41432501941544 -10.3787867844429
340.594406264446 44.03553823497255 0 0 44.03553823497255 54.41432501941544 -10.3787867844429
340.594406264446 44.03553823497255 0 0 44.03553823497255 54.41432501941544 -10.3787867844429
340.4677887991204 44.1575946157599 0 0 44.1575946157599 54.5363814002028 -10.3787867844429
339.9965951560586 44.1298433639443 0 0 44.1298433639443 54.5086301483872 -10.3787867844429
339.9965951560586 44.1298433639443 0 0 44.1298433639443 54.5086301483872 -10.3787867844429
339.9965951560586 44.1298433639443 0 0 44.1298433639443 54.5086301483872 -10.3787867844429
339.9965951560586 44.1298433639443 0 0 44.1298433639443 54.5086301483872 -10.3787867844429
339.9965951560586 44.1298433639443 0 0 44.1298433639443 54.5086301483872 -10.3787867844429
339.9965951560586 44.1298433639443 0 0 44.1298433639443 54.5086301483872 -10.3787867844429
339.9965951560586 44.1298433639443 0 0 44.1298433639443 54.5086301483872 -10.3787867844429
339.9965951560586 44.1298433639443 0 0 44.1298433639443 54.5086301483872 -10.3787867844429
339.9965951560586 44.1298433639443 0 0 44.1298433639443 54.5086301483872 -10.3787867844429
339.6827194116291 43.85087988463764 0 0 43.85087988463764 54.22966666908054 -10.3787867844429
340.0564832016573 43.72195000876314 0 0 43.72195000876314 54.10073679320604 -10.3787867844429
340.0564832016573 43.72195000876314 0 0 43.72195000876314 54.10073679320604 -10.3787867844429
340.0564832016573 43.72195000876314 0 0 43.72195000876314 54.10073679320604 -10.3787867844429
340.0564832016573 43.72195000876314 0 0 43.72195000876314 54.10073679320604 -10.3787867844429
340.0564832016573 43.72195000876314 0 0 43.72195000876314 54.10073679320604 -10.3787867844429
340.0564832016573 43.72195000876314 0 0 43.72195000876314 54.10073679320604 -10.3787867844429
340.2635102874793 43.68980080324646 0 0 43.68980080324646 54.06858758768936 -10.3787867844429
340.1893674007234 43.53704358953438 0 0 43.53704358953438 53.91583037397728 -10.3787867844429
338.8061021965451 43.62803054004227 0 0 43.62803054004227 54.00681732448517 -10.3787867844429
338.8061021965451 43.62803054004227 0 0 43.62803054004227 54.00681732448517 -10.3787867844429
339.1186851904916 43.65643217850099 0 0 43.65643217850099 54.03521896294389 -10.3787867844429
339.1186851904916 43.65643217850099 0 0 43.65643217850099 54.03521896294389 -10.3787867844429
339.9819232612471 43.7699337601548 0 0 43.7699337601548 54.14872054459769 -10.3787867844429
340.467633066092 43.67194381565243 0 0 43.67194381565243 54.05073060009532 -10.3787867844429
340.3754933507425 43.56068576512975 0 0 43.56068576512975 53.93947254957264 -10.3787867844429
340.3754933507425 43.56068576512975 0 0 43.56068576512975 53.93947254957264 -10.3787867844429
340.3754933507425 43.56068576512975 0 0 43.56068576512975 53.93947254957264 -10.3787867844429
340.3754933507425 43.56068576512975 0 0 43.56068576512975 53.93947254957264 -10.3787867844429
340.3754933507425 43.56068576512975 0 0 43.56068576512975 53.93947254957264 -10.3787867844429
340.3754933507425 43.56068576512975 0 0 43.56068576512975 53.93947254957264 -10.3787867844429
340.3754933507425 43.56068576512975 0 0 43.56068576512975 53.93947254957264 -10.3787867844429
340.3754933507425 43.56068576512975 0 0 43.56068576512975 53.93947254957264 -10.3787867844429
340.3754933507425 43.56068576512975 0 0 43.56068576512975 53.93947254957264 -10.3787867844429
340.3754933507425 43.56068576512975 0 0 43.56068576512975 53.93947254957264 -10.3787867844429
340.3754933507425 43.56068576512975 0 0 43.56068576512975 53.93947254957264 -10.3787867844429
340.3754933507425 43.56068576512975 0 0 43.56068576512975 53.93947254957264 -10.3787867844429
338.610219190275 43.69202042565473 0 0 43.69202042565473 54.07080721009763 -10.3787867844429
338.610219190275 43.69202042565473 0 0 43.69202042565473 54.07080721009763 -10.3787867844429
340.2132630645515 43.85029928183302 0 0 43.85029928183302 54.22908606627591 -10.3787867844429
340.2132630645515 43.85029928183302 0 0 43.85029928183302 54.22908606627591 -10.3787867844429
340.2132630645515 43.85029928183302 0 0 43.85029928183302 54.22908606627591 -10.3787867844429
340.2132630645515 43.85029928183302 0 0 43.85029928183302 54.22908606627591 -10.3787867844429
340.035854604989 43.79878849867472 0 0 43.79878849867472 54.17757528311763 -10.3787867844429
340.035854604989 43.79878849867472 0 0 43.79878849867472 54.17757528311763 -10.3787867844429
339.9163926420507 43.82345687748148 0 0 43.82345687748148 54.20224366192437 -10.3787867844429
339.9163926420507 43.82345687748148 0 0 43.82345687748148 54.20224366192437 -10.3787867844429
339.9163926420507 43.82345687748148 0 0 43.82345687748148 54.20224366192437 -10.3787867844429
339.9163926420507 43.82345687748148 0 0 43.82345687748148 54.20224366192437 -10.3787867844429
339.9163926420507 43.82345687748148 0 0 43.82345687748148 54.20224366192437 -10.3787867844429
339.9163926420507 43.82345687748148 0 0 43.82345687748148 54.20224366192437 -10.3787867844429
339.9163926420507 43.82345687748148 0 0 43.82345687748148 54.20224366192437 -10.3787867844429
339.7227516180803 44.00879929193145 0 0 44.00879929193145 54.38758607637435 -10.3787867844429
339.7227516180803 44.00879929193145 0 0 44.00879929193145 54.38758607637435 -10.3787867844429
339.7227516180803 44.00879929193145 0 0 44.00879929193145 54.38758607637435 -10.3787867844429
339.7227516180803 44.00879929193145 0 0 44.00879929193145 54.38758607637435 -10.3787867844429
339.7227516180803 44.00879929193145 0 0 44.00879929193145 54.38758607637435 -10.3787867844429
339.7227516180803 44.00879929193145 0 0 44.00879929193145 54.38758607637435 -10.3787867844429
339.7227516180803 44.00879929193145 0 0 44.00879929193145 54.38758607637435 -10.3787867844429
339.7227516180803 44.00879929193145 0 0 44.00879929193145 54.38758607637435 -10.3787867844429
339.7227516180803 44.00879929193145 0 0 44.00879929193145 54.38758607637435 -10.3787867844429
339.7227516180803 44.00879929193145 0 0 44.00879929193145 54.38758607637435 -10.3787867844429
339.7227516180803 44.00879929193145 0 0 44.00879929193145 54.38758607637435 -10.3787867844429
339.7227516180803 44.00879929193145 0 0 44.00879929193145 54.38758607637435 -10.3787867844429
339.7227516180803 44.00879929193145 0 0 44.00879929193145 54.38758607637435 -10.3787867844429
339.7227516180803 44.00879929193145 0 0 44.00879929193145 54.38758607637435 -10.3787867844429
339.7227516180803 44.00879929193145 0 0 44.00879929193145 54.38758607637435 -10.3787867844429
339.8603180814577 44.18016014391382 0 0 44.18016014391382 54.55894692835672 -10.3787867844429
339.8603180814577 44.18016014391382 0 0 44.18016014391382 54.55894692835672 -10.3787867844429
339.8603180814577 44.18016014391382 0 0 44.18016014391382 54.55894692835672 -10.3787867844429
339.8603180814577 44.18016014391382 0 0 44.18016014391382 54.55894692835672 -10.3787867844429
339.8603180814577 44.18016014391382 0 0 44.18016014391382 54.55894692835672 -10.3787867844429
339.8603180814577 44.18016014391382 0 0 44.18016014391382 54.55894692835672 -10.3787867844429
339.8214511344791 44.15861884209397 0 0 44.15861884209397 54.53740562653687 -10.3787867844429
339.4583835758895 44.01169473205688 0 0 44.01169473205688 54.39048151649978 -10.3787867844429
339.6273407766851 43.93976148789861 0 0 43.93976148789861 54.3185482723415 -10.3787867844429
339.6273407766851 43.93976148789861 0 0 43.93976148789861 54.3185482723415 -10.3787867844429
339.3900683219878 44.02551785160449 0 0 44.02551785160449 54.40430463604739 -10.3787867844429
339.3900683219878 44.02551785160449 0 0 44.02551785160449 54.40430463604739 -10.3787867844429
339.3900683219878 44.02551785160449 0 0 44.02551785160449 54.40430463604739 -10.3787867844429
338.9352903210217 44.11630052485759 0 0 44.11630052485759 54.49508730930049 -10.3787867844429
338.9352903210217 44.11630052485759 0 0 44.11630052485759 54.49508730930049 -10.3787867844429
338.8612715261772 44.15371229661105 0 0 44.15371229661105 54.53249908105395 -10.3787867844429
339.5158564945922 44.11780490653453 0 0 44.11780490653453 54.49659169097743 -10.3787867844429
339.5158564945922 44.11780490653453 0 0 44.11780490653453 54.49659169097743 -10.3787867844429
339.5158564945922 44.11780490653453 0 0 44.11780490653453 54.49659169097743 -10.3787867844429
339.5158564945922 44.11780490653453 0 0 44.11780490653453 54.49659169097743 -10.3787867844429
339.5158564945922 44.11780490653453 0 0 44.11780490653453 54.49659169097743 -10.3787867844429
338.5843076316665 43.97586734654385 0 0 43.97586734654385 54.35465413098675 -10.3787867844429
338.5843076316665 43.97586734654385 0 0 43.97586734654385 54.35465413098675 -10.3787867844429
338.5843076316665 43.97586734654385 0 0 43.97586734654385 54.35465413098675 -10.3787867844429
338.5843076316665 43.97586734654385 0 0 43.97586734654385 54.35465413098675 -10.3787867844429
339.1824705847207 44.27019669314747 0 0 44.27019669314747 54.64898347759036 -10.3787867844429
339.1824705847207 44.27019669314747 0 0 44.27019669314747 54.64898347759036 -10.3787867844429
339.1824705847207 44.27019669314747 0 0 44.27019669314747 54.64898347759036 -10.3787867844429
339.1824705847207 44.27019669314747 0 0 44.27019669314747 54.64898347759036 -10.3787867844429
339.2859304191675 44.1863719645465 0 0 44.1863719645465 54.56515874898939 -10.3787867844429
339.2859304191675 44.1863719645465 0 0 44.1863719645465 54.56515874898939 -10.3787867844429
339.2859304191675 44.1863719645465 0 0 44.1863719645465 54.56515874898939 -10.3787867844429
339.2859304191675 44.1863719645465 0 0 44.1863719645465 54.56515874898939 -10.3787867844429
339.2859304191675 44.1863719645465 0 0 44.1863719645465 54.56515874898939 -10.3787867844429
339.2859304191675 44.1863719645465 0 0 44.1863719645465 54.56515874898939 -10.3787867844429
339.2859304191675 44.1863719645465 0 0 44.1863719645465 54.56515874898939 -10.3787867844429
339.2859304191675 44.1863719645465 0 0 44.1863719645465 54.56515874898939 -10.3787867844429
339.2859304191675 44.1863719645465 0 0 44.1863719645465 54.56515874898939 -10.3787867844429
339.2859304191675 44.1863719645465 0 0 44.1863719645465 54.56515874898939 -10.3787867844429
339.2859304191675 44.1863719645465 0 0 44.1863719645465 54.56515874898939 -10.3787867844429
339.2859304191675 44.1863719645465 0 0 44.1863719645465 54.56515874898939 -10.3787867844429
339.2859304191675 44.1863719645465 0 0 44.1863719645465 54.56515874898939 -10.3787867844429
339.2859304191675 44.1863719645465 0 0 44.1863719645465 54.56515874898939 -10.3787867844429
340.2555699497024 44.05971428838089 0 0 44.05971428838089 54.43850107282378 -10.3787867844429
340.2555699497024 44.05971428838089 0 0 44.05971428838089 54.43850107282378 -10.3787867844429
340.0978460972992 44.0435575645114 0 0 44.0435575645114 54.4223443489543 -10.3787867844429
340.0978460972992 44.0435575645114 0 0 44.0435575645114 54.4223443489543 -10.3787867844429
340.0978460972992 44.0435575645114 0 0 44.0435575645114 54.4223443489543 -10.3787867844429
340.0978460972992 44.0435575645114 0 0 44.0435575645114 54.4223443489543 -10.3787867844429
340.0978460972992 44.0435575645114 0 0 44.0435575645114 54.4223443489543 -10.3787867844429
340.0602614039608 44.06199988884148 0 0 44.06199988884148 54.44078667328439 -10.3787867844429
340.5247524109458 44.05281147268462 0 0 44.05281147268462 54.43159825712752 -10.3787867844429
340.4427234771159 44.14401900565616 0 0 44.14401900565616 54.52280579009906 -10.3787867844429
340.4427234771159 44.14401900565616 0 0 44.14401900565616 54.52280579009906 -10.3787867844429
340.3843906386728 44.13164998793398 0 0 44.13164998793398 54.51043677237688 -10.3787867844429
340.3843906386728 44.13164998793398 0 0 44.13164998793398 54.51043677237688 -10.3787867844429
340.3843906386728 44.13164998793398 0 0 44.13164998793398 54.51043677237688 -10.3787867844429
340.3843906386728 44.13164998793398 0 0 44.13164998793398 54.51043677237688 -10.3787867844429
340.3843906386728 44.13164998793398 0 0 44.13164998793398 54.51043677237688 -10.3787867844429
340.3843906386728 44.13164998793398 0 0 44.13164998793398 54.51043677237688 -10.3787867844429
339.8593086793087 44.13178005172965 0 0 44.13178005172965 54.51056683617254 -10.3787867844429
339.8593086793087 44.13178005172965 0 0 44.13178005172965 54.51056683617254 -10.3787867844429
339.8593086793087 44.13178005172965 0 0 44.13178005172965 54.51056683617254 -10.3787867844429
339.5693335083252 44.18639439006463 0 0 44.18639439006463 54.56518117450754 -10.3787867844429
339.9780437001132 44.17213441820793 0 0 44.17213441820793 54.55092120265083 -10.3787867844429
339.9780437001132 44.17213441820793 0 0 44.17213441820793 54.55092120265083 -10.3787867844429
339.9780437001132 44.17213441820793 0 0 44.17213441820793 54.55092120265083 -10.3787867844429
339.9780437001132 44.17213441820793 0 0 44.17213441820793 54.55092120265083 -10.3787867844429
339.9780437001132 44.17213441820793 0 0 44.17213441820793 54.55092120265083 -10.3787867844429
339.9829083587582 44.1714690753733 0 0 44.1714690753733 54.5502558598162 -10.3787867844429
339.9829083587582 44.1714690753733 0 0 44.1714690753733 54.5502558598162 -10.3787867844429
339.9829083587582 44.1714690753733 0 0 44.1714690753733 54.5502558598162 -10.3787867844429
339.9829083587582 44.1714690753733 0 0 44.1714690753733 54.5502558598162 -10.3787867844429
339.9829083587582 44.1714690753733 0 0 44.1714690753733 54.5502558598162 -10.3787867844429
339.9829083587582 44.1714690753733 0 0 44.1714690753733 54.5502558598162 -10.3787867844429
339.9893003480838 44.23735183751434 0 0 44.23735183751434 54.61613862195724 -10.3787867844429
339.9893003480838 44.23735183751434 0 0 44.23735183751434 54.61613862195724 -10.3787867844429
340.1932732268948 44.18673785051317 0 0 44.18673785051317 54.56552463495607 -10.3787867844429
340.1436590767692 44.1655680860958 0 0 44.1655680860958 54.5443548705387 -10.3787867844429
340.0656088624396 44.0194998237003 0 0 44.0194998237003 54.3982866081432 -10.3787867844429
340.0656088624396 44.0194998237003 0 0 44.0194998237003 54.3982866081432 -10.3787867844429
340.0656088624396 44.0194998237003 0 0 44.0194998237003 54.3982866081432 -10.3787867844429
340.0656088624396 44.0194998237003 0 0 44.0194998237003 54.3982866081432 -10.3787867844429
340.0656088624396 44.0194998237003 0 0 44.0194998237003 54.3982866081432 -10.3787867844429
340.0656088624396 44.0194998237003 0 0 44.0194998237003 54.3982866081432 -10.3787867844429
340.0656088624396 44.0194998237003 0 0 44.0194998237003 54.3982866081432 -10.3787867844429
340.1764244622036 44.02159245477685 0 0 44.02159245477685 54.40037923921975 -10.3787867844429
340.1764244622036 44.02159245477685 0 0 44.02159245477685 54.40037923921975 -10.3787867844429
340.208900472277 43.97493009388047 0 0 43.97493009388047 54.35371687832337 -10.3787867844429
340.1444724364022 43.96650468601651 0 0 43.96650468601651 54.34529147045941 -10.3787867844429
340.1444724364022 43.96650468601651 0 0 43.96650468601651 54.34529147045941 -10.3787867844429
340.1444724364022 43.96650468601651 0 0 43.96650468601651 54.34529147045941 -10.3787867844429
340.0436108733824 43.91237754131271 0 0 43.91237754131271 54.29116432575561 -10.3787867844429
340.0436108733824 43.91237754131271 0 0 43.91237754131271 54.29116432575561 -10.3787867844429
340.0436108733824 43.91237754131271 0 0 43.91237754131271 54.29116432575561 -10.3787867844429
340.0436108733824 43.91237754131271 0 0 43.91237754131271 54.29116432575561 -10.3787867844429
340.0436108733824 43.91237754131271 0 0 43.91237754131271 54.29116432575561 -10.3787867844429
340.0436108733824 43.91237754131271 0 0 43.91237754131271 54.29116432575561 -10.3787867844429
339.968615142632 43.93632986603933 0 0 43.93632986603933 54.31511665048223 -10.3787867844429
339.968615142632 43.93632986603933 0 0 43.93632986603933 54.31511665048223 -10.3787867844429
339.968615142632 43.93632986603933 0 0 43.93632986603933 54.31511665048223 -10.3787867844429
339.968615142632 43.93632986603933 0 0 43.93632986603933 54.31511665048223 -10.3787867844429
339.968615142632 43.93632986603933 0 0 43.93632986603933 54.31511665048223 -10.3787867844429
339.968615142632 43.93632986603933 0 0 43.93632986603933 54.31511665048223 -10.3787867844429
340.2005188792236 43.82554149030867 0 0 43.82554149030867 54.20432827475156 -10.3787867844429
340.2005188792236 43.82554149030867 0 0 43.82554149030867 54.20432827475156 -10.3787867844429
340.0821984019908 43.76579472092595 0 0 43.76579472092595 54.14458150536885 -10.3787867844429
340.0821984019908 43.76579472092595 0 0 43.76579472092595 54.14458150536885 -10.3787867844429
340.0821984019908 43.76579472092595 0 0 43.76579472092595 54.14458150536885 -10.3787867844429
340.0821984019908 43.76579472092595 0 0 43.76579472092595 54.14458150536885 -10.3787867844429
340.0821984019908 43.76579472092595 0 0 43.76579472092595 54.14458150536885 -10.3787867844429
340.0821984019908 43.76579472092595 0 0 43.76579472092595 54.14458150536885 -10.3787867844429
340.0821984019908 43.76579472092595 0 0 43.76579472092595 54.14458150536885 -10.3787867844429
340.0541324470876 43.778433253006 0 0 43.778433253006 54.1572200374489 -10.3787867844429
340.0541324470876 43.778433253006 0 0 43.778433253006 54.1572200374489 -10.3787867844429
340.0541324470876 43.778433253006 0 0 43.778433253006 54.1572200374489 -10.3787867844429
339.8705877198935 43.56676896435231 0 0 43.56676896435231 53.9455557487952 -10.3787867844429
339.8705877198935 43.56676896435231 0 0 43.56676896435231 53.9455557487952 -10.3787867844429
339.8705877198935 43.56676896435231 0 0 43.56676896435231 53.9455557487952 -10.3787867844429
339.9962025833382 43.59724029525225 0 0 43.59724029525225 53.97602707969514 -10.3787867844429
339.9962025833382 43.59724029525225 0 0 43.59724029525225 53.97602707969514 -10.3787867844429
339.9962025833382 43.59724029525225 0 0 43.59724029525225 53.97602707969514 -10.3787867844429
339.9962025833382 43.59724029525225 0 0 43.59724029525225 53.97602707969514 -10.3787867844429
339.9962025833382 43.59724029525225 0 0 43.59724029525225 53.97602707969514 -10.3787867844429
339.9962025833382 43.59724029525225 0 0 43.59724029525225 53.97602707969514 -10.3787867844429
339.9962025833382 43.59724029525225 0 0 43.59724029525225 53.97602707969514 -10.3787867844429
339.9962025833382 43.59724029525225 0 0 43.59724029525225 53.97602707969514 -10.3787867844429
339.9962025833382 43.59724029525225 0 0 43.59724029525225 53.97602707969514 -10.3787867844429
340.0152085264621 43.60204576062733 0 0 43.60204576062733 53.98083254507024 -10.3787867844429
340.0152085264621 43.60204576062733 0 0 43.60204576062733 53.98083254507024 -10.3787867844429
340.0152085264621 43.60204576062733 0 0 43.60204576062733 53.98083254507024 -10.3787867844429
340.0152085264621 43.60204576062733 0 0 43.60204576062733 53.98083254507024 -10.3787867844429
340.0152085264621 43.60204576062733 0 0 43.60204576062733 53.98083254507024 -10.3787867844429
339.6852029017101 43.61037015261989 0 0 43.61037015261989 53.98915693706279 -10.3787867844429
339.4305310667055 43.69599561535958 0 0 43.69599561535958 54.07478239980247 -10.3787867844429
340.1012714670643 43.87730131021286 0 0 43.87730131021286 54.25608809465576 -10.3787867844429
340.1012714670643 43.87730131021286 0 0 43.87730131021286 54.25608809465576 -10.3787867844429
340.1012714670643 43.87730131021286 0 0 43.87730131021286 54.25608809465576 -10.3787867844429
340.0691342965596 43.57681023022482 0 0 43.57681023022482 53.95559701466772 -10.3787867844429
340.0691342965596 43.57681023022482 0 0 43.57681023022482 53.95559701466772 -10.3787867844429
340.0691342965596 43.57681023022482 0 0 43.57681023022482 53.95559701466772 -10.3787867844429
340.0691342965596 43.57681023022482 0 0 43.57681023022482 53.95559701466772 -10.3787867844429
340.0691342965596 43.57681023022482 0 0 43.57681023022482 53.95559701466772 -10.3787867844429
340.0691342965596 43.57681023022482 0 0 43.57681023022482 53.95559701466772 -10.3787867844429
340.0691342965596 43.57681023022482 0 0 43.57681023022482 53.95559701466772 -10.3787867844429
