totalLogLikelihoodDensity totalLogPriorDensity H1NoiseLogPriorDensity L1NoiseLogPriorDensity gwLogPriorDensity gwExtrinsicLogPriorDensityTracker gwCbcLogPriorDensityTracker
202.6632027471761 43.74494988835215 0 0 43.74494988835215 54.12373667279505 -10.3787867844429
318.0240383008922 44.09521409535402 0 0 44.09521409535402 54.47400087979692 -10.3787867844429
318.0240383008922 44.09521409535402 0 0 44.09521409535402 54.47400087979692 -10.3787867844429
318.0240383008922 44.09521409535402 0 0 44.09521409535402 54.47400087979692 -10.3787867844429
318.0240383008922 44.09521409535402 0 0 44.09521409535402 54.47400087979692 -10.3787867844429
334.4303821689275 44.03065248334498 0 0 44.03065248334498 54.40943926778788 -10.3787867844429
334.5014666023816 44.18312227808823 0 0 44.18312227808823 54.56190906253113 -10.3787867844429
334.5014666023816 44.18312227808823 0 0 44.18312227808823 54.56190906253113 -10.3787867844429
334.5014666023816 44.18312227808823 0 0 44.18312227808823 54.56190906253113 -10.3787867844429
334.5014666023816 44.18312227808823 0 0 44.18312227808823 54.56190906253113 -10.3787867844429
336.079921844566 44.15530607755599 0 0 44.15530607755599 54.53409286199889 -10.3787867844429
336.1016332536445 44.29287063113756 0 0 44.29287063113756 54.67165741558046 -10.3787867844429
336.1016332536445 44.29287063113756 0 0 44.29287063113756 54.67165741558046 -10.3787867844429
336.1016332536445 44.29287063113756 0 0 44.29287063113756 54.67165741558046 -10.3787867844429
336.1016332536445 44.29287063113756 0 0 44.29287063113756 54.67165741558046 -10.3787867844429
336.807114197635 44.16768415524808 0 0 44.16768415524808 54.54647093969098 -10.3787867844429
336.807114197635 44.16768415524808 0 0 44.16768415524808 54.54647093969098 -10.3787867844429
336.807114197635 44.16768415524808 0 0 44.16768415524808 54.54647093969098 -10.3787867844429
336.807114197635 44.16768415524808 0 0 44.16768415524808 54.54647093969098 -10.3787867844429
336.807114197635 44.16768415524808 0 0 44.16768415524808 54.54647093969098 -10.3787867844429
336.807114197635 44.16768415524808 0 0 44.16768415524808 54.54647093969098 -10.3787867844429
336.807114197635 44.16768415524808 0 0 44.16768415524808 54.54647093969098 -10.3787867844429
336.807114197635 44.16768415524808 0 0 44.16768415524808 54.54647093969098 -10.3787867844429
336.807114197635 44.16768415524808 0 0 44.16768415524808 54.54647093969098 -10.3787867844429
336.807114197635 44.16768415524808 0 0 44.16768415524808 54.54647093969098 -10.3787867844429
336.807114197635 44.16768415524808 0 0 44.16768415524808 54.54647093969098 -10.3787867844429
336.807114197635 44.16768415524808 0 0 44.16768415524808 54.54647093969098 -10.3787867844429
336.807114197635 44.16768415524808 0 0 44.16768415524808 54.54647093969098 -10.3787867844429
336.807114197635 44.16768415524808 0 0 44.16768415524808 54.54647093969098 -10.3787867844429
336.807114197635 44.16768415524808 0 0 44.16768415524808 54.54647093969098 -10.3787867844429
336.807114197635 44.16768415524808 0 0 44.16768415524808 54.54647093969098 -10.3787867844429
336.807114197635 44.16768415524808 0 0 44.16768415524808 54.54647093969098 -10.3787867844429
336.807114197635 44.16768415524808 0 0 44.16768415524808 54.54647093969098 -10.3787867844429
336.807114197635 44.16768415524808 0 0 44.16768415524808 54.54647093969098 -10.3787867844429
336.807114197635 44.16768415524808 0 0 44.16768415524808 54.54647093969098 -10.3787867844429
336.807114197635 44.16768415524808 0 0 44.16768415524808 54.54647093969098 -10.3787867844429
336.807114197635 44.16768415524808 0 0 44.16768415524808 54.54647093969098 -10.3787867844429
336.807114197635 44.16768415524808 0 0 44.16768415524808 54.54647093969098 -10.3787867844429
336.807114197635 44.16768415524808 0 0 44.16768415524808 54.54647093969098 -10.3787867844429
336.807114197635 44.16768415524808 0 0 44.16768415524808 54.54647093969098 -10.3787867844429
336.807114197635 44.16768415524808 0 0 44.16768415524808 54.54647093969098 -10.3787867844429
337.006740463607 44.40789433264561 0 0 44.40789433264561 54.78668111708851 -10.3787867844429
337.006740463607 44.40789433264561 0 0 44.40789433264561 54.78668111708851 -10.3787867844429
337.006740463607 44.40789433264561 0 0 44.40789433264561 54.78668111708851 -10.3787867844429
337.006740463607 44.40789433264561 0 0 44.40789433264561 54.78668111708851 -10.3787867844429
337.006740463607 44.40789433264561 0 0 44.40789433264561 54.78668111708851 -10.3787867844429
337.006740463607 44.40789433264561 0 0 44.40789433264561 54.78668111708851 -10.3787867844429
337.006740463607 44.40789433264561 0 0 44.40789433264561 54.78668111708851 -10.3787867844429
337.006740463607 44.40789433264561 0 0 44.40789433264561 54.78668111708851 -10.3787867844429
337.006740463607 44.40789433264561 0 0 44.40789433264561 54.78668111708851 -10.3787867844429
337.006740463607 44.40789433264561 0 0 44.40789433264561 54.78668111708851 -10.3787867844429
337.006740463607 44.40789433264561 0 0 44.40789433264561 54.78668111708851 -10.3787867844429
337.006740463607 44.40789433264561 0 0 44.40789433264561 54.78668111708851 -10.3787867844429
337.006740463607 44.40789433264561 0 0 44.40789433264561 54.78668111708851 -10.3787867844429
337.006740463607 44.40789433264561 0 0 44.40789433264561 54.78668111708851 -10.3787867844429
337.006740463607 44.40789433264561 0 0 44.40789433264561 54.78668111708851 -10.3787867844429
337.006740463607 44.40789433264561 0 0 44.40789433264561 54.78668111708851 -10.3787867844429
337.006740463607 44.40789433264561 0 0 44.40789433264561 54.78668111708851 -10.3787867844429
337.006740463607 44.40789433264561 0 0 44.40789433264561 54.78668111708851 -10.3787867844429
337.006740463607 44.40789433264561 0 0 44.40789433264561 54.78668111708851 -10.3787867844429
337.006740463607 44.40789433264561 0 0 44.40789433264561 54.78668111708851 -10.3787867844429
337.006740463607 44.40789433264561 0 0 44.40789433264561 54.78668111708851 -10.3787867844429
337.006740463607 44.40789433264561 0 0 44.40789433264561 54.78668111708851 -10.3787867844429
337.006740463607 44.40789433264561 0 0 44.40789433264561 54.78668111708851 -10.3787867844429
337.006740463607 44.40789433264561 0 0 44.40789433264561 54.78668111708851 -10.3787867844429
337.006740463607 44.40789433264561 0 0 44.40789433264561 54.78668111708851 -10.3787867844429
337.006740463607 44.40789433264561 0 0 44.40789433264561 54.78668111708851 -10.3787867844429
337.006740463607 44.40789433264561 0 0 44.40789433264561 54.78668111708851 -10.3787867844429
337.006740463607 44.40789433264561 0 0 44.40789433264561 54.78668111708851 -10.3787867844429
337.006740463607 44.40789433264561 0 0 44.40789433264561 54.78668111708851 -10.3787867844429
337.006740463607 44.40789433264561 0 0 44.40789433264561 54.78668111708851 -10.3787867844429
337.006740463607 44.40789433264561 0 0 44.40789433264561 54.78668111708851 -10.3787867844429
337.006740463607 44.40789433264561 0 0 44.40789433264561 54.78668111708851 -10.3787867844429
337.006740463607 44.40789433264561 0 0 44.40789433264561 54.78668111708851 -10.3787867844429
337.006740463607 44.40789433264561 0 0 44.40789433264561 54.78668111708851 -10.3787867844429
337.006740463607 44.40789433264561 0 0 44.40789433264561 54.78668111708851 -10.3787867844429
337.006740463607 44.40789433264561 0 0 44.40789433264561 54.78668111708851 -10.3787867844429
337.006740463607 44.40789433264561 0 0 44.40789433264561 54.78668111708851 -10.3787867844429
337.006740463607 44.40789433264561 0 0 44.40789433264561 54.78668111708851 -10.3787867844429
337.006740463607 44.40789433264561 0 0 44.40789433264561 54.78668111708851 -10.3787867844429
337.006740463607 44.40789433264561 0 0 44.40789433264561 54.78668111708851 -10.3787867844429
337.006740463607 44.40789433264561 0 0 44.40789433264561 54.78668111708851 -10.3787867844429
337.3219894951164 44.32106514663792 0 0 44.32106514663792 54.69985193108081 -10.3787867844429
337.3219894951164 44.32106514663792 0 0 44.32106514663792 54.69985193108081 -10.3787867844429
337.3219894951164 44.32106514663792 0 0 44.32106514663792 54.69985193108081 -10.3787867844429
337.3219894951164 44.32106514663792 0 0 44.32106514663792 54.69985193108081 -10.3787867844429
337.1934261928749 44.15995392291565 0 0 44.15995392291565 54.53874070735855 -10.3787867844429
337.1934261928749 44.15995392291565 0 0 44.15995392291565 54.53874070735855 -10.3787867844429
337.1934261928749 44.15995392291565 0 0 44.15995392291565 54.53874070735855 -10.3787867844429
337.7503909766002 44.13339684747051 0 0 44.13339684747051 54.5121836319134 -10.3787867844429
337.7503909766002 44.13339684747051 0 0 44.13339684747051 54.5121836319134 -10.3787867844429
337.7503909766002 44.13339684747051 0 0 44.13339684747051 54.5121836319134 -10.3787867844429
337.7503909766002 44.13339684747051 0 0 44.13339684747051 54.5121836319134 -10.3787867844429
337.7503909766002 44.13339684747051 0 0 44.13339684747051 54.5121836319134 -10.3787867844429
337.7503909766002 44.13339684747051 0 0 44.13339684747051 54.5121836319134 -10.3787867844429
337.7503909766002 44.13339684747051 0 0 44.13339684747051 54.5121836319134 -10.3787867844429
337.7739206405299 44.21908947399554 0 0 44.21908947399554 54.59787625843843 -10.3787867844429
337.7739206405299 44.21908947399554 0 0 44.21908947399554 54.59787625843843 -10.3787867844429
337.6266543353161 44.24006828347234 0 0 44.24006828347234 54.61885506791523 -10.3787867844429
337.6266543353161 44.24006828347234 0 0 44.24006828347234 54.61885506791523 -10.3787867844429
337.6266543353161 44.24006828347234 0 0 44.24006828347234 54.61885506791523 -10.3787867844429
337.6154619913964 44.19213196655113 0 0 44.19213196655113 54.57091875099403 -10.3787867844429
337.6154619913964 44.19213196655113 0 0 44.19213196655113 54.57091875099403 -10.3787867844429
337.6154619913964 44.19213196655113 0 0 44.19213196655113 54.57091875099403 -10.3787867844429
337.6154619913964 44.19213196655113 0 0 44.19213196655113 54.57091875099403 -10.3787867844429
337.6154619913964 44.19213196655113 0 0 44.19213196655113 54.57091875099403 -10.3787867844429
337.6154619913964 44.19213196655113 0 0 44.19213196655113 54.57091875099403 -10.3787867844429
337.6154619913964 44.19213196655113 0 0 44.19213196655113 54.57091875099403 -10.3787867844429
337.6154619913964 44.19213196655113 0 0 44.19213196655113 54.57091875099403 -10.3787867844429
337.6154619913964 44.19213196655113 0 0 44.19213196655113 54.57091875099403 -10.3787867844429
337.6154619913964 44.19213196655113 0 0 44.19213196655113 54.57091875099403 -10.3787867844429
337.6154619913964 44.19213196655113 0 0 44.19213196655113 54.57091875099403 -10.3787867844429
337.6154619913964 44.19213196655113 0 0 44.19213196655113 54.57091875099403 -10.3787867844429
337.6154619913964 44.19213196655113 0 0 44.19213196655113 54.57091875099403 -10.3787867844429
337.6154619913964 44.19213196655113 0 0 44.19213196655113 54.57091875099403 -10.3787867844429
337.6154619913964 44.19213196655113 0 0 44.19213196655113 54.57091875099403 -10.3787867844429
337.6154619913964 44.19213196655113 0 0 44.19213196655113 54.57091875099403 -10.3787867844429
337.6154619913964 44.19213196655113 0 0 44.19213196655113 54.57091875099403 -10.3787867844429
337.6154619913964 44.19213196655113 0 0 44.19213196655113 54.57091875099403 -10.3787867844429
337.6154619913964 44.19213196655113 0 0 44.19213196655113 54.57091875099403 -10.3787867844429
337.6154619913964 44.19213196655113 0 0 44.19213196655113 54.57091875099403 -10.3787867844429
337.6154619913964 44.19213196655113 0 0 44.19213196655113 54.57091875099403 -10.3787867844429
337.6154619913964 44.19213196655113 0 0 44.19213196655113 54.57091875099403 -10.3787867844429
337.6154619913964 44.19213196655113 0 0 44.19213196655113 54.57091875099403 -10.3787867844429
337.6154619913964 44.19213196655113 0 0 44.19213196655113 54.57091875099403 -10.3787867844429
337.6298612638496 44.20815882674827 0 0 44.20815882674827 54.58694561119117 -10.3787867844429
336.1720524349433 44.31353690144255 0 0 44.31353690144255 54.69232368588545 -10.3787867844429
336.1720524349433 44.31353690144255 0 0 44.31353690144255 54.69232368588545 -10.3787867844429
336.1720524349433 44.31353690144255 0 0 44.31353690144255 54.69232368588545 -10.3787867844429
336.1720524349433 44.31353690144255 0 0 44.31353690144255 54.69232368588545 -10.3787867844429
336.1720524349433 44.31353690144255 0 0 44.31353690144255 54.69232368588545 -10.3787867844429
335.9969554072089 44.2618088086011 0 0 44.2618088086011 54.640595593044 -10.3787867844429
335.9969554072089 44.2618088086011 0 0 44.2618088086011 54.640595593044 -10.3787867844429
337.5494210618089 44.2651472702324 0 0 44.2651472702324 54.64393405467531 -10.3787867844429
336.6607223467242 44.19061265038478 0 0 44.19061265038478 54.56939943482767 -10.3787867844429
336.6607223467242 44.19061265038478 0 0 44.19061265038478 54.56939943482767 -10.3787867844429
337.8594330603349 43.96722792305451 0 0 43.96722792305451 54.34601470749741 -10.3787867844429
337.5222172258162 44.11622625899339 0 0 44.11622625899339 54.49501304343629 -10.3787867844429
337.5222172258162 44.11622625899339 0 0 44.11622625899339 54.49501304343629 -10.3787867844429
336.8589628364803 44.1157946805172 0 0 44.1157946805172 54.4945814649601 -10.3787867844429
336.8589628364803 44.1157946805172 0 0 44.1157946805172 54.4945814649601 -10.3787867844429
336.5185774785105 44.3661216531242 0 0 44.3661216531242 54.7449084375671 -10.3787867844429
336.1144794633137 44.17966368685207 0 0 44.17966368685207 54.55845047129497 -10.3787867844429
336.1144794633137 44.17966368685207 0 0 44.17966368685207 54.55845047129497 -10.3787867844429
336.1144794633137 44.17966368685207 0 0 44.17966368685207 54.55845047129497 -10.3787867844429
336.1144794633137 44.17966368685207 0 0 44.17966368685207 54.55845047129497 -10.3787867844429
337.0251932983825 43.65150151270984 0 0 43.65150151270984 54.03028829715274 -10.3787867844429
337.0251932983825 43.65150151270984 0 0 43.65150151270984 54.03028829715274 -10.3787867844429
337.8894287282984 43.91763465273793 0 0 43.91763465273793 54.29642143718083 -10.3787867844429
337.4024679458868 43.9203945981894 0 0 43.9203945981894 54.29918138263231 -10.3787867844429
337.4024679458868 43.9203945981894 0 0 43.9203945981894 54.29918138263231 -10.3787867844429
337.4024679458868 43.9203945981894 0 0 43.9203945981894 54.29918138263231 -10.3787867844429
336.8493524192505 44.00570881780324 0 0 44.00570881780324 54.38449560224614 -10.3787867844429
336.8493524192505 44.00570881780324 0 0 44.00570881780324 54.38449560224614 -10.3787867844429
336.7683390979284 43.81345587202892 0 0 43.81345587202892 54.19224265647183 -10.3787867844429
336.6374333980108 43.52577516091462 0 0 43.52577516091462 53.90456194535752 -10.3787867844429
336.5195968726206 43.73713960329995 0 0 43.73713960329995 54.11592638774285 -10.3787867844429
336.5195968726206 43.73713960329995 0 0 43.73713960329995 54.11592638774285 -10.3787867844429
336.5195968726206 43.73713960329995 0 0 43.73713960329995 54.11592638774285 -10.3787867844429
336.5195968726206 43.73713960329995 0 0 43.73713960329995 54.11592638774285 -10.3787867844429
335.2927788435468 43.50850746014625 0 0 43.50850746014625 53.88729424458915 -10.3787867844429
335.2927788435468 43.50850746014625 0 0 43.50850746014625 53.88729424458915 -10.3787867844429
335.2155152417955 43.5134898053544 0 0 43.5134898053544 53.89227658979729 -10.3787867844429
334.9652518762995 43.36924199582771 0 0 43.36924199582771 53.74802878027061 -10.3787867844429
333.989005730052 43.56881148023238 0 0 43.56881148023238 53.94759826467529 -10.3787867844429
334.6994872593607 43.03927906440295 0 0 43.03927906440295 53.41806584884585 -10.3787867844429
335.1008189172101 43.02496150771793 0 0 43.02496150771793 53.40374829216083 -10.3787867844429
335.8495223571387 43.1516900331752 0 0 43.1516900331752 53.5304768176181 -10.3787867844429
336.5522071240213 42.91301580557973 0 0 42.91301580557973 53.29180259002263 -10.3787867844429
336.5522071240213 42.91301580557973 0 0 42.91301580557973 53.29180259002263 -10.3787867844429
336.5522071240213 42.91301580557973 0 0 42.91301580557973 53.29180259002263 -10.3787867844429
336.5522071240213 42.91301580557973 0 0 42.91301580557973 53.29180259002263 -10.3787867844429
336.5522071240213 42.91301580557973 0 0 42.91301580557973 53.29180259002263 -10.3787867844429
336.5522071240213 42.91301580557973 0 0 42.91301580557973 53.29180259002263 -10.3787867844429
336.5522071240213 42.91301580557973 0 0 42.91301580557973 53.29180259002263 -10.3787867844429
336.5522071240213 42.91301580557973 0 0 42.91301580557973 53.29180259002263 -10.3787867844429
336.5522071240213 42.91301580557973 0 0 42.91301580557973 53.29180259002263 -10.3787867844429
336.5522071240213 42.91301580557973 0 0 42.91301580557973 53.29180259002263 -10.3787867844429
336.5522071240213 42.91301580557973 0 0 42.91301580557973 53.29180259002263 -10.3787867844429
336.5522071240213 42.91301580557973 0 0 42.91301580557973 53.29180259002263 -10.3787867844429
336.9661436871371 42.93519400043436 0 0 42.93519400043436 53.31398078487726 -10.3787867844429
336.979651536153 42.94316029450596 0 0 42.94316029450596 53.32194707894885 -10.3787867844429
336.8482734496338 42.87681091458987 0 0 42.87681091458987 53.25559769903276 -10.3787867844429
336.8482734496338 42.87681091458987 0 0 42.87681091458987 53.25559769903276 -10.3787867844429
336.8482734496338 42.87681091458987 0 0 42.87681091458987 53.25559769903276 -10.3787867844429
336.8482734496338 42.87681091458987 0 0 42.87681091458987 53.25559769903276 -10.3787867844429
336.8482734496338 42.87681091458987 0 0 42.87681091458987 53.25559769903276 -10.3787867844429
336.8482734496338 42.87681091458987 0 0 42.87681091458987 53.25559769903276 -10.3787867844429
336.8482734496338 42.87681091458987 0 0 42.87681091458987 53.25559769903276 -10.3787867844429
336.8482734496338 42.87681091458987 0 0 42.87681091458987 53.25559769903276 -10.3787867844429
336.8482734496338 42.87681091458987 0 0 42.87681091458987 53.25559769903276 -10.3787867844429
337.3250437297094 42.64828247615151 0 0 42.64828247615151 53.0270692605944 -10.3787867844429
337.3250437297094 42.64828247615151 0 0 42.64828247615151 53.0270692605944 -10.3787867844429
337.3250437297094 42.64828247615151 0 0 42.64828247615151 53.0270692605944 -10.3787867844429
337.3250437297094 42.64828247615151 0 0 42.64828247615151 53.0270692605944 -10.3787867844429
337.3250437297094 42.64828247615151 0 0 42.64828247615151 53.0270692605944 -10.3787867844429
337.3250437297094 42.64828247615151 0 0 42.64828247615151 53.0270692605944 -10.3787867844429
337.413556084245 42.64155189509042 0 0 42.64155189509042 53.02033867953331 -10.3787867844429
337.2090777260177 42.60913815917837 0 0 42.60913815917837 52.98792494362127 -10.3787867844429
337.0377702489052 42.50467239712917 0 0 42.50467239712917 52.88345918157207 -10.3787867844429
337.0377702489052 42.50467239712917 0 0 42.50467239712917 52.88345918157207 -10.3787867844429
337.0377702489052 42.50467239712917 0 0 42.50467239712917 52.88345918157207 -10.3787867844429
336.0267009081635 42.57445718446115 0 0 42.57445718446115 52.95324396890405 -10.3787867844429
336.5720213981797 42.65974091872206 0 0 42.65974091872206 53.03852770316496 -10.3787867844429
336.5720213981797 42.65974091872206 0 0 42.65974091872206 53.03852770316496 -10.3787867844429
336.5720213981797 42.65974091872206 0 0 42.65974091872206 53.03852770316496 -10.3787867844429
337.646726632927 42.83556926466788 0 0 42.83556926466788 53.21435604911078 -10.3787867844429
337.5494624313845 42.88453811631848 0 0 42.88453811631848 53.26332490076138 -10.3787867844429
338.6479160223853 42.93977679021539 0 0 42.93977679021539 53.31856357465829 -10.3787867844429
338.6479160223853 42.93977679021539 0 0 42.93977679021539 53.31856357465829 -10.3787867844429
338.6479160223853 42.93977679021539 0 0 42.93977679021539 53.31856357465829 -10.3787867844429
338.6479160223853 42.93977679021539 0 0 42.93977679021539 53.31856357465829 -10.3787867844429
338.6579487869045 42.98856533453161 0 0 42.98856533453161 53.36735211897451 -10.3787867844429
338.7127477558058 42.97705024338666 0 0 42.97705024338666 53.35583702782955 -10.3787867844429
338.7242384241307 42.91288879468246 0 0 42.91288879468246 53.29167557912535 -10.3787867844429
338.8038440210682 42.93325897978778 0 0 42.93325897978778 53.31204576423067 -10.3787867844429
338.6862100481885 42.67840324990513 0 0 42.67840324990513 53.05719003434803 -10.3787867844429
338.424079542858 42.81620716467114 0 0 42.81620716467114 53.19499394911404 -10.3787867844429
338.8387930490296 42.70449704983201 0 0 42.70449704983201 53.08328383427492 -10.3787867844429
336.5178463471972 43.84408677065784 0 0 43.84408677065784 54.22287355510074 -10.3787867844429
339.2575438158476 43.85381548746251 0 0 43.85381548746251 54.23260227190541 -10.3787867844429
339.4178306401386 43.98452321149134 0 0 43.98452321149134 54.36330999593423 -10.3787867844429
339.7611678975967 43.86129411399473 0 0 43.86129411399473 54.24008089843763 -10.3787867844429
338.052364571629 43.8863930720216 0 0 43.8863930720216 54.26517985646451 -10.3787867844429
338.2484872956456 43.67403265582723 0 0 43.67403265582723 54.05281944027013 -10.3787867844429
338.2484872956456 43.67403265582723 0 0 43.67403265582723 54.05281944027013 -10.3787867844429
338.710841129955 43.52798054071975 0 0 43.52798054071975 53.90676732516265 -10.3787867844429
338.7206442467536 43.52444679474553 0 0 43.52444679474553 53.90323357918842 -10.3787867844429
339.1729268927486 43.50890542574619 0 0 43.50890542574619 53.88769221018909 -10.3787867844429
338.1405549633214 43.50060527718497 0 0 43.50060527718497 53.87939206162787 -10.3787867844429
338.1772637595024 43.39845260006976 0 0 43.39845260006976 53.77723938451265 -10.3787867844429
338.4042667119385 43.37080567801159 0 0 43.37080567801159 53.74959246245449 -10.3787867844429
338.7743951891541 43.362020178324 0 0 43.362020178324 53.7408069627669 -10.3787867844429
338.2879326439607 43.3481096782384 0 0 43.3481096782384 53.7268964626813 -10.3787867844429
338.1642644636059 43.41010983849033 0 0 43.41010983849033 53.78889662293322 -10.3787867844429
338.712612861836 43.41317481890958 0 0 43.41317481890958 53.79196160335248 -10.3787867844429
338.9930904039857 43.13779788640745 0 0 43.13779788640745 53.51658467085035 -10.3787867844429
338.9930904039857 43.13779788640745 0 0 43.13779788640745 53.51658467085035 -10.3787867844429
338.4765567525762 43.03354438356462 0 0 43.03354438356462 53.41233116800751 -10.3787867844429
338.7931717989549 43.03318288150234 0 0 43.03318288150234 53.41196966594524 -10.3787867844429
338.7931717989549 43.03318288150234 0 0 43.03318288150234 53.41196966594524 -10.3787867844429
338.7931717989549 43.03318288150234 0 0 43.03318288150234 53.41196966594524 -10.3787867844429
338.7931717989549 43.03318288150234 0 0 43.03318288150234 53.41196966594524 -10.3787867844429
339.0994024955714 42.87863502646029 0 0 42.87863502646029 53.25742181090318 -10.3787867844429
339.0994024955714 42.87863502646029 0 0 42.87863502646029 53.25742181090318 -10.3787867844429
339.4198843315629 42.67843072996143 0 0 42.67843072996143 53.05721751440434 -10.3787867844429
339.4198843315629 42.67843072996143 0 0 42.67843072996143 53.05721751440434 -10.3787867844429
339.4198843315629 42.67843072996143 0 0 42.67843072996143 53.05721751440434 -10.3787867844429
339.4198843315629 42.67843072996143 0 0 42.67843072996143 53.05721751440434 -10.3787867844429
339.9348159257963 42.81843575893609 0 0 42.81843575893609 53.19722254337899 -10.3787867844429
339.9348159257963 42.81843575893609 0 0 42.81843575893609 53.19722254337899 -10.3787867844429
339.9348159257963 42.81843575893609 0 0 42.81843575893609 53.19722254337899 -10.3787867844429
339.9348159257963 42.81843575893609 0 0 42.81843575893609 53.19722254337899 -10.3787867844429
339.9348159257963 42.81843575893609 0 0 42.81843575893609 53.19722254337899 -10.3787867844429
339.9348159257963 42.81843575893609 0 0 42.81843575893609 53.19722254337899 -10.3787867844429
339.9348159257963 42.81843575893609 0 0 42.81843575893609 53.19722254337899 -10.3787867844429
339.9348159257963 42.81843575893609 0 0 42.81843575893609 53.19722254337899 -10.3787867844429
339.4788472825668 43.12540607963805 0 0 43.12540607963805 53.50419286408095 -10.3787867844429
339.4788472825668 43.12540607963805 0 0 43.12540607963805 53.50419286408095 -10.3787867844429
339.4788472825668 43.12540607963805 0 0 43.12540607963805 53.50419286408095 -10.3787867844429
339.4788472825668 43.12540607963805 0 0 43.12540607963805 53.50419286408095 -10.3787867844429
339.5337330771613 43.13793620215108 0 0 43.13793620215108 53.51672298659398 -10.3787867844429
339.5337330771613 43.13793620215108 0 0 43.13793620215108 53.51672298659398 -10.3787867844429
339.5337330771613 43.13793620215108 0 0 43.13793620215108 53.51672298659398 -10.3787867844429
339.5348766485274 43.5203342639922 0 0 43.5203342639922 53.89912104843509 -10.3787867844429
339.5348766485274 43.5203342639922 0 0 43.5203342639922 53.89912104843509 -10.3787867844429
339.5094410438098 43.75069771487478 0 0 43.75069771487478 54.12948449931767 -10.3787867844429
339.5272247842955 43.73580082880753 0 0 43.73580082880753 54.11458761325042 -10.3787867844429
339.5272247842955 43.73580082880753 0 0 43.73580082880753 54.11458761325042 -10.3787867844429
339.4969857191372 43.67451622564613 0 0 43.67451622564613 54.05330301008902 -10.3787867844429
339.51217167161 43.71176050247901 0 0 43.71176050247901 54.0905472869219 -10.3787867844429
339.51217167161 43.71176050247901 0 0 43.71176050247901 54.0905472869219 -10.3787867844429
339.4725083712088 43.54582446692987 0 0 43.54582446692987 53.92461125137277 -10.3787867844429
339.4767057134404 43.86929384866345 0 0 43.86929384866345 54.24808063310634 -10.3787867844429
338.9848868274662 44.14749908333025 0 0 44.14749908333025 54.52628586777314 -10.3787867844429
338.9848868274662 44.14749908333025 0 0 44.14749908333025 54.52628586777314 -10.3787867844429
338.9848868274662 44.14749908333025 0 0 44.14749908333025 54.52628586777314 -10.3787867844429
338.4658160633905 44.20161382206044 0 0 44.20161382206044 54.58040060650334 -10.3787867844429
338.3299309124806 44.22433726692287 0 0 44.22433726692287 54.60312405136577 -10.3787867844429
338.4292766902699 44.22331765150864 0 0 44.22331765150864 54.60210443595154 -10.3787867844429
338.4023595010867 44.25621825863433 0 0 44.25621825863433 54.63500504307723 -10.3787867844429
338.4023595010867 44.25621825863433 0 0 44.25621825863433 54.63500504307723 -10.3787867844429
338.4023595010867 44.25621825863433 0 0 44.25621825863433 54.63500504307723 -10.3787867844429
339.1121715908902 44.22584482039511 0 0 44.22584482039511 54.604631604838 -10.3787867844429
339.1121715908902 44.22584482039511 0 0 44.22584482039511 54.604631604838 -10.3787867844429
339.1121715908902 44.22584482039511 0 0 44.22584482039511 54.604631604838 -10.3787867844429
339.3466016119851 44.22245915645122 0 0 44.22245915645122 54.60124594089412 -10.3787867844429
339.3043339554434 44.23959570175904 0 0 44.23959570175904 54.61838248620194 -10.3787867844429
339.2545138442625 44.23778596599647 0 0 44.23778596599647 54.61657275043936 -10.3787867844429
339.2545138442625 44.23778596599647 0 0 44.23778596599647 54.61657275043936 -10.3787867844429
339.3246179768519 44.25274119790932 0 0 44.25274119790932 54.63152798235221 -10.3787867844429
339.3246179768519 44.25274119790932 0 0 44.25274119790932 54.63152798235221 -10.3787867844429
338.8546196588815 44.11679122534908 0 0 44.11679122534908 54.49557800979198 -10.3787867844429
337.1531127108786 44.0912704893571 0 0 44.0912704893571 54.4700572738 -10.3787867844429
337.1531127108786 44.0912704893571 0 0 44.0912704893571 54.4700572738 -10.3787867844429
337.9111052111233 43.80307531732588 0 0 43.80307531732588 54.18186210176877 -10.3787867844429
337.9111052111233 43.80307531732588 0 0 43.80307531732588 54.18186210176877 -10.3787867844429
337.9111052111233 43.80307531732588 0 0 43.80307531732588 54.18186210176877 -10.3787867844429
337.9111052111233 43.80307531732588 0 0 43.80307531732588 54.18186210176877 -10.3787867844429
337.9111052111233 43.80307531732588 0 0 43.80307531732588 54.18186210176877 -10.3787867844429
338.2219983516153 43.9930449775978 0 0 43.9930449775978 54.3718317620407 -10.3787867844429
338.7663612939918 43.92315687352007 0 0 43.92315687352007 54.30194365796297 -10.3787867844429
338.8558077137747 43.85040351880461 0 0 43.85040351880461 54.22919030324751 -10.3787867844429
338.8558077137747 43.85040351880461 0 0 43.85040351880461 54.22919030324751 -10.3787867844429
338.8558077137747 43.85040351880461 0 0 43.85040351880461 54.22919030324751 -10.3787867844429
338.9428671946735 43.95467016829818 0 0 43.95467016829818 54.33345695274107 -10.3787867844429
338.9428671946735 43.95467016829818 0 0 43.95467016829818 54.33345695274107 -10.3787867844429
338.9428671946735 43.95467016829818 0 0 43.95467016829818 54.33345695274107 -10.3787867844429
338.9428671946735 43.95467016829818 0 0 43.95467016829818 54.33345695274107 -10.3787867844429
338.9428671946735 43.95467016829818 0 0 43.95467016829818 54.33345695274107 -10.3787867844429
338.9428671946735 43.95467016829818 0 0 43.95467016829818 54.33345695274107 -10.3787867844429
338.3772068645965 43.85065142934401 0 0 43.85065142934401 54.22943821378691 -10.3787867844429
339.0878341713614 43.82022376875258 0 0 43.82022376875258 54.19901055319548 -10.3787867844429
339.0878341713614 43.82022376875258 0 0 43.82022376875258 54.19901055319548 -10.3787867844429
338.1777952260763 43.66060462913192 0 0 43.66060462913192 54.03939141357483 -10.3787867844429
338.1777952260763 43.66060462913192 0 0 43.66060462913192 54.03939141357483 -10.3787867844429
338.1777952260763 43.66060462913192 0 0 43.66060462913192 54.03939141357483 -10.3787867844429
339.3768148558058 43.54910850124043 0 0 43.54910850124043 53.92789528568333 -10.3787867844429
339.3768148558058 43.54910850124043 0 0 43.54910850124043 53.92789528568333 -10.3787867844429
339.3768148558058 43.54910850124043 0 0 43.54910850124043 53.92789528568333 -10.3787867844429
339.3768148558058 43.54910850124043 0 0 43.54910850124043 53.92789528568333 -10.3787867844429
339.6359977907188 43.31270094660324 0 0 43.31270094660324 53.69148773104614 -10.3787867844429
339.6359977907188 43.31270094660324 0 0 43.31270094660324 53.69148773104614 -10.3787867844429
339.7820522108556 43.24422680472493 0 0 43.24422680472493 53.62301358916783 -10.3787867844429
339.7507004996527 43.10056300357166 0 0 43.10056300357166 53.47934978801456 -10.3787867844429
339.5900336434277 42.74936184554304 0 0 42.74936184554304 53.12814862998594 -10.3787867844429
339.2801305141339 42.79042644436711 0 0 42.79042644436711 53.16921322881002 -10.3787867844429
339.2799251250266 42.52199205470092 0 0 42.52199205470092 52.90077883914381 -10.3787867844429
339.5678164405174 42.29230592696922 0 0 42.29230592696922 52.67109271141211 -10.3787867844429
339.847054439294 42.34558111651295 0 0 42.34558111651295 52.72436790095585 -10.3787867844429
339.847054439294 42.34558111651295 0 0 42.34558111651295 52.72436790095585 -10.3787867844429
339.847054439294 42.34558111651295 0 0 42.34558111651295 52.72436790095585 -10.3787867844429
339.847054439294 42.34558111651295 0 0 42.34558111651295 52.72436790095585 -10.3787867844429
339.847054439294 42.34558111651295 0 0 42.34558111651295 52.72436790095585 -10.3787867844429
339.3717146350301 42.22478809239043 0 0 42.22478809239043 52.60357487683333 -10.3787867844429
339.3717146350301 42.22478809239043 0 0 42.22478809239043 52.60357487683333 -10.3787867844429
339.357122716044 43.98526959609275 0 0 43.98526959609275 54.36405638053564 -10.3787867844429
339.357122716044 43.98526959609275 0 0 43.98526959609275 54.36405638053564 -10.3787867844429
339.357122716044 43.98526959609275 0 0 43.98526959609275 54.36405638053564 -10.3787867844429
339.357122716044 43.98526959609275 0 0 43.98526959609275 54.36405638053564 -10.3787867844429
339.357122716044 43.98526959609275 0 0 43.98526959609275 54.36405638053564 -10.3787867844429
339.5975555674129 43.95253672471296 0 0 43.95253672471296 54.33132350915585 -10.3787867844429
340.1003226706695 44.18366578080351 0 0 44.18366578080351 54.56245256524641 -10.3787867844429
340.1003226706695 44.18366578080351 0 0 44.18366578080351 54.56245256524641 -10.3787867844429
339.1120032011658 43.92252744140252 0 0 43.92252744140252 54.30131422584542 -10.3787867844429
338.3765639407978 44.02911456311855 0 0 44.02911456311855 54.40790134756145 -10.3787867844429
338.3765639407978 44.02911456311855 0 0 44.02911456311855 54.40790134756145 -10.3787867844429
338.3765639407978 44.02911456311855 0 0 44.02911456311855 54.40790134756145 -10.3787867844429
338.3765639407978 44.02911456311855 0 0 44.02911456311855 54.40790134756145 -10.3787867844429
338.3765639407978 44.02911456311855 0 0 44.02911456311855 54.40790134756145 -10.3787867844429
338.3765639407978 44.02911456311855 0 0 44.02911456311855 54.40790134756145 -10.3787867844429
338.3765639407978 44.02911456311855 0 0 44.02911456311855 54.40790134756145 -10.3787867844429
339.5119917283412 43.99522447296359 0 0 43.99522447296359 54.37401125740649 -10.3787867844429
339.848395587137 43.95872832077026 0 0 43.95872832077026 54.33751510521316 -10.3787867844429
339.848395587137 43.95872832077026 0 0 43.95872832077026 54.33751510521316 -10.3787867844429
339.8321009984201 43.95374864331868 0 0 43.95374864331868 54.33253542776158 -10.3787867844429
340.3410052143247 43.75273457470199 0 0 43.75273457470199 54.13152135914489 -10.3787867844429
340.3410052143247 43.75273457470199 0 0 43.75273457470199 54.13152135914489 -10.3787867844429
340.0152843451986 43.80399166570986 0 0 43.80399166570986 54.18277845015276 -10.3787867844429
339.826437589326 43.78008396120808 0 0 43.78008396120808 54.15887074565097 -10.3787867844429
339.4942220645925 43.83024000759862 0 0 43.83024000759862 54.20902679204152 -10.3787867844429
339.4942220645925 43.83024000759862 0 0 43.83024000759862 54.20902679204152 -10.3787867844429
340.0110928813804 43.82479986458422 0 0 43.82479986458422 54.20358664902712 -10.3787867844429
340.0110928813804 43.82479986458422 0 0 43.82479986458422 54.20358664902712 -10.3787867844429
340.0110928813804 43.82479986458422 0 0 43.82479986458422 54.20358664902712 -10.3787867844429
339.369156584188 44.11857581261087 0 0 44.11857581261087 54.49736259705377 -10.3787867844429
339.369156584188 44.11857581261087 0 0 44.11857581261087 54.49736259705377 -10.3787867844429
339.5807491698281 44.13206844609073 0 0 44.13206844609073 54.51085523053362 -10.3787867844429
339.5807491698281 44.13206844609073 0 0 44.13206844609073 54.51085523053362 -10.3787867844429
339.5807491698281 44.13206844609073 0 0 44.13206844609073 54.51085523053362 -10.3787867844429
339.5807491698281 44.13206844609073 0 0 44.13206844609073 54.51085523053362 -10.3787867844429
339.411702319775 44.11995689492831 0 0 44.11995689492831 54.49874367937121 -10.3787867844429
339.2865941002514 44.27229307913238 0 0 44.27229307913238 54.65107986357528 -10.3787867844429
339.8211921981331 44.18009369187679 0 0 44.18009369187679 54.55888047631969 -10.3787867844429
339.7273154452959 44.13743059603802 0 0 44.13743059603802 54.51621738048092 -10.3787867844429
338.7038114203615 43.84446262190883 0 0 43.84446262190883 54.22324940635173 -10.3787867844429
338.7038114203615 43.84446262190883 0 0 43.84446262190883 54.22324940635173 -10.3787867844429
338.7038114203615 43.84446262190883 0 0 43.84446262190883 54.22324940635173 -10.3787867844429
338.7038114203615 43.84446262190883 0 0 43.84446262190883 54.22324940635173 -10.3787867844429
338.7038114203615 43.84446262190883 0 0 43.84446262190883 54.22324940635173 -10.3787867844429
338.7038114203615 43.84446262190883 0 0 43.84446262190883 54.22324940635173 -10.3787867844429
338.1479361163987 43.8858180965934 0 0 43.8858180965934 54.2646048810363 -10.3787867844429
338.1479361163987 43.8858180965934 0 0 43.8858180965934 54.2646048810363 -10.3787867844429
338.1479361163987 43.8858180965934 0 0 43.8858180965934 54.2646048810363 -10.3787867844429
338.1479361163987 43.8858180965934 0 0 43.8858180965934 54.2646048810363 -10.3787867844429
338.1479361163987 43.8858180965934 0 0 43.8858180965934 54.2646048810363 -10.3787867844429
338.3477344879979 43.88655984052016 0 0 43.88655984052016 54.26534662496306 -10.3787867844429
338.3477344879979 43.88655984052016 0 0 43.88655984052016 54.26534662496306 -10.3787867844429
338.3477344879979 43.88655984052016 0 0 43.88655984052016 54.26534662496306 -10.3787867844429
338.3477344879979 43.88655984052016 0 0 43.88655984052016 54.26534662496306 -10.3787867844429
338.3477344879979 43.88655984052016 0 0 43.88655984052016 54.26534662496306 -10.3787867844429
338.7884570380043 44.05603217164696 0 0 44.05603217164696 54.43481895608986 -10.3787867844429
339.7596668163206 44.1026396237024 0 0 44.1026396237024 54.4814264081453 -10.3787867844429
339.7226495670751 43.93020557746014 0 0 43.93020557746014 54.30899236190304 -10.3787867844429
339.6072512142489 43.76063682510673 0 0 43.76063682510673 54.13942360954963 -10.3787867844429
339.6072512142489 43.76063682510673 0 0 43.76063682510673 54.13942360954963 -10.3787867844429
339.7431076399189 43.73708086844267 0 0 43.73708086844267 54.11586765288557 -10.3787867844429
339.708988914515 43.66712531106658 0 0 43.66712531106658 54.04591209550948 -10.3787867844429
339.708988914515 43.66712531106658 0 0 43.66712531106658 54.04591209550948 -10.3787867844429
339.708988914515 43.66712531106658 0 0 43.66712531106658 54.04591209550948 -10.3787867844429
339.4760775802882 43.61086813431606 0 0 43.61086813431606 53.98965491875897 -10.3787867844429
339.4760775802882 43.61086813431606 0 0 43.61086813431606 53.98965491875897 -10.3787867844429
339.4760775802882 43.61086813431606 0 0 43.61086813431606 53.98965491875897 -10.3787867844429
339.4760775802882 43.61086813431606 0 0 43.61086813431606 53.98965491875897 -10.3787867844429
339.2693342260609 43.8092243055397 0 0 43.8092243055397 54.1880110899826 -10.3787867844429
339.2693342260609 43.8092243055397 0 0 43.8092243055397 54.1880110899826 -10.3787867844429
339.2693342260609 43.8092243055397 0 0 43.8092243055397 54.1880110899826 -10.3787867844429
339.2693342260609 43.8092243055397 0 0 43.8092243055397 54.1880110899826 -10.3787867844429
339.2693342260609 43.8092243055397 0 0 43.8092243055397 54.1880110899826 -10.3787867844429
339.2693342260609 43.8092243055397 0 0 43.8092243055397 54.1880110899826 -10.3787867844429
339.2693342260609 43.8092243055397 0 0 43.8092243055397 54.1880110899826 -10.3787867844429
339.2693342260609 43.8092243055397 0 0 43.8092243055397 54.1880110899826 -10.3787867844429
339.2693342260609 43.8092243055397 0 0 43.8092243055397 54.1880110899826 -10.3787867844429
339.2693342260609 43.8092243055397 0 0 43.8092243055397 54.1880110899826 -10.3787867844429
339.2693342260609 43.8092243055397 0 0 43.8092243055397 54.1880110899826 -10.3787867844429
339.2693342260609 43.8092243055397 0 0 43.8092243055397 54.1880110899826 -10.3787867844429
339.2693342260609 43.8092243055397 0 0 43.8092243055397 54.1880110899826 -10.3787867844429
339.2693342260609 43.8092243055397 0 0 43.8092243055397 54.1880110899826 -10.3787867844429
339.5710841777374 43.82345896158012 0 0 43.82345896158012 54.20224574602302 -10.3787867844429
339.6448818070053 43.80357370387139 0 0 43.80357370387139 54.18236048831429 -10.3787867844429
339.6448818070053 43.80357370387139 0 0 43.80357370387139 54.18236048831429 -10.3787867844429
340.0340290268574 43.82479542284524 0 0 43.82479542284524 54.20358220728814 -10.3787867844429
340.0620347288273 43.88531897486961 0 0 43.88531897486961 54.26410575931251 -10.3787867844429
340.0620347288273 43.88531897486961 0 0 43.88531897486961 54.26410575931251 -10.3787867844429
340.189407137747 43.90571703015642 0 0 43.90571703015642 54.28450381459932 -10.3787867844429
340.189407137747 43.90571703015642 0 0 43.90571703015642 54.28450381459932 -10.3787867844429
340.189407137747 43.90571703015642 0 0 43.90571703015642 54.28450381459932 -10.3787867844429
340.189407137747 43.90571703015642 0 0 43.90571703015642 54.28450381459932 -10.3787867844429
340.189407137747 43.90571703015642 0 0 43.90571703015642 54.28450381459932 -10.3787867844429
340.189407137747 43.90571703015642 0 0 43.90571703015642 54.28450381459932 -10.3787867844429
340.189407137747 43.90571703015642 0 0 43.90571703015642 54.28450381459932 -10.3787867844429
340.3831571210483 43.96755640829552 0 0 43.96755640829552 54.34634319273842 -10.3787867844429
340.3547358605095 43.9480223305315 0 0 43.9480223305315 54.3268091149744 -10.3787867844429
340.3116832012113 43.89137006711992 0 0 43.89137006711992 54.27015685156282 -10.3787867844429
340.1016530130847 43.78042866525259 0 0 43.78042866525259 54.15921544969549 -10.3787867844429
340.3150062257307 43.78799013411887 0 0 43.78799013411887 54.16677691856177 -10.3787867844429
340.3150062257307 43.78799013411887 0 0 43.78799013411887 54.16677691856177 -10.3787867844429
340.3150062257307 43.78799013411887 0 0 43.78799013411887 54.16677691856177 -10.3787867844429
340.3150062257307 43.78799013411887 0 0 43.78799013411887 54.16677691856177 -10.3787867844429
340.3150062257307 43.78799013411887 0 0 43.78799013411887 54.16677691856177 -10.3787867844429
340.3150062257307 43.78799013411887 0 0 43.78799013411887 54.16677691856177 -10.3787867844429
340.3150062257307 43.78799013411887 0 0 43.78799013411887 54.16677691856177 -10.3787867844429
339.8340945837475 43.86796049443052 0 0 43.86796049443052 54.24674727887341 -10.3787867844429
339.8340945837475 43.86796049443052 0 0 43.86796049443052 54.24674727887341 -10.3787867844429
339.3467661501655 44.01990819549496 0 0 44.01990819549496 54.39869497993786 -10.3787867844429
339.2701532039349 44.12881895201392 0 0 44.12881895201392 54.50760573645681 -10.3787867844429
339.2701532039349 44.12881895201392 0 0 44.12881895201392 54.50760573645681 -10.3787867844429
339.2701532039349 44.12881895201392 0 0 44.12881895201392 54.50760573645681 -10.3787867844429
339.3561131724435 44.14361818399192 0 0 44.14361818399192 54.52240496843482 -10.3787867844429
338.995379182542 43.76222915653969 0 0 43.76222915653969 54.14101594098258 -10.3787867844429
339.1173508649941 43.72237565969664 0 0 43.72237565969664 54.10116244413953 -10.3787867844429
338.636079910026 43.846376053732 0 0 43.846376053732 54.2251628381749 -10.3787867844429
338.8500870926987 43.91082717737746 0 0 43.91082717737746 54.28961396182036 -10.3787867844429
338.8500870926987 43.91082717737746 0 0 43.91082717737746 54.28961396182036 -10.3787867844429
339.5201826509115 43.751898668319 0 0 43.751898668319 54.1306854527619 -10.3787867844429
339.5201826509115 43.751898668319 0 0 43.751898668319 54.1306854527619 -10.3787867844429
339.5201826509115 43.751898668319 0 0 43.751898668319 54.1306854527619 -10.3787867844429
339.5201826509115 43.751898668319 0 0 43.751898668319 54.1306854527619 -10.3787867844429
339.5792927371173 43.58326174512892 0 0 43.58326174512892 53.96204852957182 -10.3787867844429
339.5291152072767 43.23181361694128 0 0 43.23181361694128 53.61060040138418 -10.3787867844429
339.6795553031279 43.24746539976428 0 0 43.24746539976428 53.62625218420717 -10.3787867844429
338.7584599220119 43.41874244870078 0 0 43.41874244870078 53.79752923314368 -10.3787867844429
338.7584599220119 43.41874244870078 0 0 43.41874244870078 53.79752923314368 -10.3787867844429
338.7584599220119 43.41874244870078 0 0 43.41874244870078 53.79752923314368 -10.3787867844429
338.7584599220119 43.41874244870078 0 0 43.41874244870078 53.79752923314368 -10.3787867844429
338.3258790455839 43.40206820168659 0 0 43.40206820168659 53.78085498612949 -10.3787867844429
338.3258790455839 43.40206820168659 0 0 43.40206820168659 53.78085498612949 -10.3787867844429
338.3258790455839 43.40206820168659 0 0 43.40206820168659 53.78085498612949 -10.3787867844429
338.7812631289348 43.37289631106147 0 0 43.37289631106147 53.75168309550436 -10.3787867844429
338.7812631289348 43.37289631106147 0 0 43.37289631106147 53.75168309550436 -10.3787867844429
338.8184425402949 43.41071515353354 0 0 43.41071515353354 53.78950193797644 -10.3787867844429
339.2802227703268 43.45309688106991 0 0 43.45309688106991 53.83188366551281 -10.3787867844429
339.2802227703268 43.45309688106991 0 0 43.45309688106991 53.83188366551281 -10.3787867844429
339.2802227703268 43.45309688106991 0 0 43.45309688106991 53.83188366551281 -10.3787867844429
339.2802227703268 43.45309688106991 0 0 43.45309688106991 53.83188366551281 -10.3787867844429
339.3717794430278 43.39708454454835 0 0 43.39708454454835 53.77587132899125 -10.3787867844429
339.3717794430278 43.39708454454835 0 0 43.39708454454835 53.77587132899125 -10.3787867844429
339.3717794430278 43.39708454454835 0 0 43.39708454454835 53.77587132899125 -10.3787867844429
339.4188047379914 43.2143490603216 0 0 43.2143490603216 53.59313584476449 -10.3787867844429
339.4188047379914 43.2143490603216 0 0 43.2143490603216 53.59313584476449 -10.3787867844429
339.4188047379914 43.2143490603216 0 0 43.2143490603216 53.59313584476449 -10.3787867844429
338.7738004213434 43.47869386151628 0 0 43.47869386151628 53.85748064595917 -10.3787867844429
338.7738004213434 43.47869386151628 0 0 43.47869386151628 53.85748064595917 -10.3787867844429
338.9420639701132 43.37978105634208 0 0 43.37978105634208 53.75856784078498 -10.3787867844429
338.2549324698427 43.48473262978784 0 0 43.48473262978784 53.86351941423074 -10.3787867844429
338.2549324698427 43.48473262978784 0 0 43.48473262978784 53.86351941423074 -10.3787867844429
338.2549324698427 43.48473262978784 0 0 43.48473262978784 53.86351941423074 -10.3787867844429
338.7184658317379 43.42257154909251 0 0 43.42257154909251 53.8013583335354 -10.3787867844429
338.7184658317379 43.42257154909251 0 0 43.42257154909251 53.8013583335354 -10.3787867844429
338.7686658726327 43.4172997254831 0 0 43.4172997254831 53.79608650992601 -10.3787867844429
338.7686658726327 43.4172997254831 0 0 43.4172997254831 53.79608650992601 -10.3787867844429
338.9643179809209 43.45415410815676 0 0 43.45415410815676 53.83294089259965 -10.3787867844429
338.8152401427358 43.45126873244793 0 0 43.45126873244793 53.83005551689082 -10.3787867844429
338.7146851438458 43.42845519724388 0 0 43.42845519724388 53.80724198168678 -10.3787867844429
338.7624091117755 43.46033198574393 0 0 43.46033198574393 53.83911877018683 -10.3787867844429
338.7624091117755 43.46033198574393 0 0 43.46033198574393 53.83911877018683 -10.3787867844429
339.3057793763884 43.41833241615088 0 0 43.41833241615088 53.79711920059378 -10.3787867844429
339.3057793763884 43.41833241615088 0 0 43.41833241615088 53.79711920059378 -10.3787867844429
339.3057793763884 43.41833241615088 0 0 43.41833241615088 53.79711920059378 -10.3787867844429
339.2659518316577 43.28267754723568 0 0 43.28267754723568 53.66146433167858 -10.3787867844429
339.5038381935714 43.58094683720722 0 0 43.58094683720722 53.95973362165012 -10.3787867844429
