totalLogLikelihoodDensity totalLogPriorDensity H1NoiseLogPriorDensity L1NoiseLogPriorDensity gwLogPriorDensity gwExtrinsicLogPriorDensityTracker gwCbcLogPriorDensityTracker
168.7701846245189 43.48142011064616 0 0 43.48142011064616 53.86020689508905 -10.3787867844429
318.0240383008922 44.09521409535402 0 0 44.09521409535402 54.47400087979692 -10.3787867844429
318.0240383008922 44.09521409535402 0 0 44.09521409535402 54.47400087979692 -10.3787867844429
318.0240383008922 44.09521409535402 0 0 44.09521409535402 54.47400087979692 -10.3787867844429
318.0240383008922 44.09521409535402 0 0 44.09521409535402 54.47400087979692 -10.3787867844429
318.0240383008922 44.09521409535402 0 0 44.09521409535402 54.47400087979692 -10.3787867844429
318.0240383008922 44.09521409535402 0 0 44.09521409535402 54.47400087979692 -10.3787867844429
318.0240383008922 44.09521409535402 0 0 44.09521409535402 54.47400087979692 -10.3787867844429
318.0240383008922 44.09521409535402 0 0 44.09521409535402 54.47400087979692 -10.3787867844429
318.0240383008922 44.09521409535402 0 0 44.09521409535402 54.47400087979692 -10.3787867844429
329.54300161358 44.18215004603216 0 0 44.18215004603216 54.56093683047506 -10.3787867844429
329.54300161358 44.18215004603216 0 0 44.18215004603216 54.56093683047506 -10.3787867844429
329.54300161358 44.18215004603216 0 0 44.18215004603216 54.56093683047506 -10.3787867844429
329.54300161358 44.18215004603216 0 0 44.18215004603216 54.56093683047506 -10.3787867844429
329.54300161358 44.18215004603216 0 0 44.18215004603216 54.56093683047506 -10.3787867844429
329.54300161358 44.18215004603216 0 0 44.18215004603216 54.56093683047506 -10.3787867844429
329.54300161358 44.18215004603216 0 0 44.18215004603216 54.56093683047506 -10.3787867844429
329.54300161358 44.18215004603216 0 0 44.18215004603216 54.56093683047506 -10.3787867844429
329.54300161358 44.18215004603216 0 0 44.18215004603216 54.56093683047506 -10.3787867844429
329.54300161358 44.18215004603216 0 0 44.18215004603216 54.56093683047506 -10.3787867844429
329.54300161358 44.18215004603216 0 0 44.18215004603216 54.56093683047506 -10.3787867844429
329.54300161358 44.18215004603216 0 0 44.18215004603216 54.56093683047506 -10.3787867844429
329.54300161358 44.18215004603216 0 0 44.18215004603216 54.56093683047506 -10.3787867844429
329.54300161358 44.18215004603216 0 0 44.18215004603216 54.56093683047506 -10.3787867844429
329.54300161358 44.18215004603216 0 0 44.18215004603216 54.56093683047506 -10.3787867844429
329.54300161358 44.18215004603216 0 0 44.18215004603216 54.56093683047506 -10.3787867844429
329.54300161358 44.18215004603216 0 0 44.18215004603216 54.56093683047506 -10.3787867844429
329.54300161358 44.18215004603216 0 0 44.18215004603216 54.56093683047506 -10.3787867844429
329.54300161358 44.18215004603216 0 0 44.18215004603216 54.56093683047506 -10.3787867844429
329.54300161358 44.18215004603216 0 0 44.18215004603216 54.56093683047506 -10.3787867844429
329.54300161358 44.18215004603216 0 0 44.18215004603216 54.56093683047506 -10.3787867844429
329.54300161358 44.18215004603216 0 0 44.18215004603216 54.56093683047506 -10.3787867844429
329.54300161358 44.18215004603216 0 0 44.18215004603216 54.56093683047506 -10.3787867844429
329.54300161358 44.18215004603216 0 0 44.18215004603216 54.56093683047506 -10.3787867844429
329.54300161358 44.18215004603216 0 0 44.18215004603216 54.56093683047506 -10.3787867844429
329.54300161358 44.18215004603216 0 0 44.18215004603216 54.56093683047506 -10.3787867844429
329.54300161358 44.18215004603216 0 0 44.18215004603216 54.56093683047506 -10.3787867844429
329.54300161358 44.18215004603216 0 0 44.18215004603216 54.56093683047506 -10.3787867844429
329.54300161358 44.18215004603216 0 0 44.18215004603216 54.56093683047506 -10.3787867844429
329.54300161358 44.18215004603216 0 0 44.18215004603216 54.56093683047506 -10.3787867844429
329.54300161358 44.18215004603216 0 0 44.18215004603216 54.56093683047506 -10.3787867844429
329.54300161358 44.18215004603216 0 0 44.18215004603216 54.56093683047506 -10.3787867844429
329.54300161358 44.18215004603216 0 0 44.18215004603216 54.56093683047506 -10.3787867844429
329.54300161358 44.18215004603216 0 0 44.18215004603216 54.56093683047506 -10.3787867844429
329.54300161358 44.18215004603216 0 0 44.18215004603216 54.56093683047506 -10.3787867844429
329.54300161358 44.18215004603216 0 0 44.18215004603216 54.56093683047506 -10.3787867844429
329.54300161358 44.18215004603216 0 0 44.18215004603216 54.56093683047506 -10.3787867844429
329.54300161358 44.18215004603216 0 0 44.18215004603216 54.56093683047506 -10.3787867844429
329.54300161358 44.18215004603216 0 0 44.18215004603216 54.56093683047506 -10.3787867844429
329.54300161358 44.18215004603216 0 0 44.18215004603216 54.56093683047506 -10.3787867844429
329.54300161358 44.18215004603216 0 0 44.18215004603216 54.56093683047506 -10.3787867844429
329.54300161358 44.18215004603216 0 0 44.18215004603216 54.56093683047506 -10.3787867844429
329.54300161358 44.18215004603216 0 0 44.18215004603216 54.56093683047506 -10.3787867844429
329.54300161358 44.18215004603216 0 0 44.18215004603216 54.56093683047506 -10.3787867844429
329.54300161358 44.18215004603216 0 0 44.18215004603216 54.56093683047506 -10.3787867844429
329.54300161358 44.18215004603216 0 0 44.18215004603216 54.56093683047506 -10.3787867844429
329.54300161358 44.18215004603216 0 0 44.18215004603216 54.56093683047506 -10.3787867844429
329.54300161358 44.18215004603216 0 0 44.18215004603216 54.56093683047506 -10.3787867844429
329.54300161358 44.18215004603216 0 0 44.18215004603216 54.56093683047506 -10.3787867844429
329.54300161358 44.18215004603216 0 0 44.18215004603216 54.56093683047506 -10.3787867844429
329.54300161358 44.18215004603216 0 0 44.18215004603216 54.56093683047506 -10.3787867844429
329.54300161358 44.18215004603216 0 0 44.18215004603216 54.56093683047506 -10.3787867844429
329.54300161358 44.18215004603216 0 0 44.18215004603216 54.56093683047506 -10.3787867844429
329.54300161358 44.18215004603216 0 0 44.18215004603216 54.56093683047506 -10.3787867844429
329.54300161358 44.18215004603216 0 0 44.18215004603216 54.56093683047506 -10.3787867844429
329.54300161358 44.18215004603216 0 0 44.18215004603216 54.56093683047506 -10.3787867844429
329.54300161358 44.18215004603216 0 0 44.18215004603216 54.56093683047506 -10.3787867844429
329.54300161358 44.18215004603216 0 0 44.18215004603216 54.56093683047506 -10.3787867844429
329.54300161358 44.18215004603216 0 0 44.18215004603216 54.56093683047506 -10.3787867844429
329.54300161358 44.18215004603216 0 0 44.18215004603216 54.56093683047506 -10.3787867844429
329.54300161358 44.18215004603216 0 0 44.18215004603216 54.56093683047506 -10.3787867844429
329.54300161358 44.18215004603216 0 0 44.18215004603216 54.56093683047506 -10.3787867844429
329.54300161358 44.18215004603216 0 0 44.18215004603216 54.56093683047506 -10.3787867844429
329.54300161358 44.18215004603216 0 0 44.18215004603216 54.56093683047506 -10.3787867844429
329.54300161358 44.18215004603216 0 0 44.18215004603216 54.56093683047506 -10.3787867844429
329.54300161358 44.18215004603216 0 0 44.18215004603216 54.56093683047506 -10.3787867844429
329.54300161358 44.18215004603216 0 0 44.18215004603216 54.56093683047506 -10.3787867844429
329.54300161358 44.18215004603216 0 0 44.18215004603216 54.56093683047506 -10.3787867844429
329.54300161358 44.18215004603216 0 0 44.18215004603216 54.56093683047506 -10.3787867844429
329.54300161358 44.18215004603216 0 0 44.18215004603216 54.56093683047506 -10.3787867844429
329.54300161358 44.18215004603216 0 0 44.18215004603216 54.56093683047506 -10.3787867844429
333.2129136205856 44.23820877754608 0 0 44.23820877754608 54.61699556198897 -10.3787867844429
333.2129136205856 44.23820877754608 0 0 44.23820877754608 54.61699556198897 -10.3787867844429
333.2129136205856 44.23820877754608 0 0 44.23820877754608 54.61699556198897 -10.3787867844429
333.2129136205856 44.23820877754608 0 0 44.23820877754608 54.61699556198897 -10.3787867844429
333.2129136205856 44.23820877754608 0 0 44.23820877754608 54.61699556198897 -10.3787867844429
333.2129136205856 44.23820877754608 0 0 44.23820877754608 54.61699556198897 -10.3787867844429
333.2129136205856 44.23820877754608 0 0 44.23820877754608 54.61699556198897 -10.3787867844429
333.2129136205856 44.23820877754608 0 0 44.23820877754608 54.61699556198897 -10.3787867844429
333.2129136205856 44.23820877754608 0 0 44.23820877754608 54.61699556198897 -10.3787867844429
333.2129136205856 44.23820877754608 0 0 44.23820877754608 54.61699556198897 -10.3787867844429
333.2129136205856 44.23820877754608 0 0 44.23820877754608 54.61699556198897 -10.3787867844429
333.2129136205856 44.23820877754608 0 0 44.23820877754608 54.61699556198897 -10.3787867844429
333.2129136205856 44.23820877754608 0 0 44.23820877754608 54.61699556198897 -10.3787867844429
333.2129136205856 44.23820877754608 0 0 44.23820877754608 54.61699556198897 -10.3787867844429
333.2129136205856 44.23820877754608 0 0 44.23820877754608 54.61699556198897 -10.3787867844429
333.2129136205856 44.23820877754608 0 0 44.23820877754608 54.61699556198897 -10.3787867844429
333.2129136205856 44.23820877754608 0 0 44.23820877754608 54.61699556198897 -10.3787867844429
333.2129136205856 44.23820877754608 0 0 44.23820877754608 54.61699556198897 -10.3787867844429
333.2129136205856 44.23820877754608 0 0 44.23820877754608 54.61699556198897 -10.3787867844429
333.2129136205856 44.23820877754608 0 0 44.23820877754608 54.61699556198897 -10.3787867844429
333.2129136205856 44.23820877754608 0 0 44.23820877754608 54.61699556198897 -10.3787867844429
333.2129136205856 44.23820877754608 0 0 44.23820877754608 54.61699556198897 -10.3787867844429
333.2129136205856 44.23820877754608 0 0 44.23820877754608 54.61699556198897 -10.3787867844429
333.2129136205856 44.23820877754608 0 0 44.23820877754608 54.61699556198897 -10.3787867844429
333.2129136205856 44.23820877754608 0 0 44.23820877754608 54.61699556198897 -10.3787867844429
333.2129136205856 44.23820877754608 0 0 44.23820877754608 54.61699556198897 -10.3787867844429
333.2129136205856 44.23820877754608 0 0 44.23820877754608 54.61699556198897 -10.3787867844429
333.2129136205856 44.23820877754608 0 0 44.23820877754608 54.61699556198897 -10.3787867844429
334.3242124212255 44.34686180908099 0 0 44.34686180908099 54.72564859352389 -10.3787867844429
334.3242124212255 44.34686180908099 0 0 44.34686180908099 54.72564859352389 -10.3787867844429
334.3242124212255 44.34686180908099 0 0 44.34686180908099 54.72564859352389 -10.3787867844429
334.3242124212255 44.34686180908099 0 0 44.34686180908099 54.72564859352389 -10.3787867844429
334.3242124212255 44.34686180908099 0 0 44.34686180908099 54.72564859352389 -10.3787867844429
334.3242124212255 44.34686180908099 0 0 44.34686180908099 54.72564859352389 -10.3787867844429
334.3242124212255 44.34686180908099 0 0 44.34686180908099 54.72564859352389 -10.3787867844429
334.3242124212255 44.34686180908099 0 0 44.34686180908099 54.72564859352389 -10.3787867844429
334.3242124212255 44.34686180908099 0 0 44.34686180908099 54.72564859352389 -10.3787867844429
334.3242124212255 44.34686180908099 0 0 44.34686180908099 54.72564859352389 -10.3787867844429
334.3242124212255 44.34686180908099 0 0 44.34686180908099 54.72564859352389 -10.3787867844429
334.3242124212255 44.34686180908099 0 0 44.34686180908099 54.72564859352389 -10.3787867844429
334.3242124212255 44.34686180908099 0 0 44.34686180908099 54.72564859352389 -10.3787867844429
334.3242124212255 44.34686180908099 0 0 44.34686180908099 54.72564859352389 -10.3787867844429
334.3242124212255 44.34686180908099 0 0 44.34686180908099 54.72564859352389 -10.3787867844429
334.3242124212255 44.34686180908099 0 0 44.34686180908099 54.72564859352389 -10.3787867844429
334.3242124212255 44.34686180908099 0 0 44.34686180908099 54.72564859352389 -10.3787867844429
334.3242124212255 44.34686180908099 0 0 44.34686180908099 54.72564859352389 -10.3787867844429
334.3242124212255 44.34686180908099 0 0 44.34686180908099 54.72564859352389 -10.3787867844429
334.3242124212255 44.34686180908099 0 0 44.34686180908099 54.72564859352389 -10.3787867844429
334.3242124212255 44.34686180908099 0 0 44.34686180908099 54.72564859352389 -10.3787867844429
334.3242124212255 44.34686180908099 0 0 44.34686180908099 54.72564859352389 -10.3787867844429
334.3242124212255 44.34686180908099 0 0 44.34686180908099 54.72564859352389 -10.3787867844429
334.3242124212255 44.34686180908099 0 0 44.34686180908099 54.72564859352389 -10.3787867844429
334.3242124212255 44.34686180908099 0 0 44.34686180908099 54.72564859352389 -10.3787867844429
334.3242124212255 44.34686180908099 0 0 44.34686180908099 54.72564859352389 -10.3787867844429
334.3242124212255 44.34686180908099 0 0 44.34686180908099 54.72564859352389 -10.3787867844429
334.3242124212255 44.34686180908099 0 0 44.34686180908099 54.72564859352389 -10.3787867844429
334.3242124212255 44.34686180908099 0 0 44.34686180908099 54.72564859352389 -10.3787867844429
334.3242124212255 44.34686180908099 0 0 44.34686180908099 54.72564859352389 -10.3787867844429
334.3242124212255 44.34686180908099 0 0 44.34686180908099 54.72564859352389 -10.3787867844429
334.3242124212255 44.34686180908099 0 0 44.34686180908099 54.72564859352389 -10.3787867844429
334.3242124212255 44.34686180908099 0 0 44.34686180908099 54.72564859352389 -10.3787867844429
334.3242124212255 44.34686180908099 0 0 44.34686180908099 54.72564859352389 -10.3787867844429
334.3173271167785 44.33006172052839 0 0 44.33006172052839 54.70884850497129 -10.3787867844429
334.3173271167785 44.33006172052839 0 0 44.33006172052839 54.70884850497129 -10.3787867844429
334.3173271167785 44.33006172052839 0 0 44.33006172052839 54.70884850497129 -10.3787867844429
334.3173271167785 44.33006172052839 0 0 44.33006172052839 54.70884850497129 -10.3787867844429
334.3173271167785 44.33006172052839 0 0 44.33006172052839 54.70884850497129 -10.3787867844429
334.3173271167785 44.33006172052839 0 0 44.33006172052839 54.70884850497129 -10.3787867844429
334.3173271167785 44.33006172052839 0 0 44.33006172052839 54.70884850497129 -10.3787867844429
334.3173271167785 44.33006172052839 0 0 44.33006172052839 54.70884850497129 -10.3787867844429
334.3173271167785 44.33006172052839 0 0 44.33006172052839 54.70884850497129 -10.3787867844429
334.3173271167785 44.33006172052839 0 0 44.33006172052839 54.70884850497129 -10.3787867844429
334.3173271167785 44.33006172052839 0 0 44.33006172052839 54.70884850497129 -10.3787867844429
334.3173271167785 44.33006172052839 0 0 44.33006172052839 54.70884850497129 -10.3787867844429
334.3173271167785 44.33006172052839 0 0 44.33006172052839 54.70884850497129 -10.3787867844429
334.3173271167785 44.33006172052839 0 0 44.33006172052839 54.70884850497129 -10.3787867844429
334.3173271167785 44.33006172052839 0 0 44.33006172052839 54.70884850497129 -10.3787867844429
334.3173271167785 44.33006172052839 0 0 44.33006172052839 54.70884850497129 -10.3787867844429
334.3173271167785 44.33006172052839 0 0 44.33006172052839 54.70884850497129 -10.3787867844429
334.3173271167785 44.33006172052839 0 0 44.33006172052839 54.70884850497129 -10.3787867844429
334.3173271167785 44.33006172052839 0 0 44.33006172052839 54.70884850497129 -10.3787867844429
334.3173271167785 44.33006172052839 0 0 44.33006172052839 54.70884850497129 -10.3787867844429
334.3173271167785 44.33006172052839 0 0 44.33006172052839 54.70884850497129 -10.3787867844429
334.3173271167785 44.33006172052839 0 0 44.33006172052839 54.70884850497129 -10.3787867844429
334.3173271167785 44.33006172052839 0 0 44.33006172052839 54.70884850497129 -10.3787867844429
334.3173271167785 44.33006172052839 0 0 44.33006172052839 54.70884850497129 -10.3787867844429
334.3173271167785 44.33006172052839 0 0 44.33006172052839 54.70884850497129 -10.3787867844429
334.3173271167785 44.33006172052839 0 0 44.33006172052839 54.70884850497129 -10.3787867844429
334.3173271167785 44.33006172052839 0 0 44.33006172052839 54.70884850497129 -10.3787867844429
334.3173271167785 44.33006172052839 0 0 44.33006172052839 54.70884850497129 -10.3787867844429
334.3173271167785 44.33006172052839 0 0 44.33006172052839 54.70884850497129 -10.3787867844429
334.3173271167785 44.33006172052839 0 0 44.33006172052839 54.70884850497129 -10.3787867844429
334.3173271167785 44.33006172052839 0 0 44.33006172052839 54.70884850497129 -10.3787867844429
334.3173271167785 44.33006172052839 0 0 44.33006172052839 54.70884850497129 -10.3787867844429
334.3173271167785 44.33006172052839 0 0 44.33006172052839 54.70884850497129 -10.3787867844429
334.3173271167785 44.33006172052839 0 0 44.33006172052839 54.70884850497129 -10.3787867844429
334.3173271167785 44.33006172052839 0 0 44.33006172052839 54.70884850497129 -10.3787867844429
334.3173271167785 44.33006172052839 0 0 44.33006172052839 54.70884850497129 -10.3787867844429
334.3173271167785 44.33006172052839 0 0 44.33006172052839 54.70884850497129 -10.3787867844429
334.3173271167785 44.33006172052839 0 0 44.33006172052839 54.70884850497129 -10.3787867844429
334.3173271167785 44.33006172052839 0 0 44.33006172052839 54.70884850497129 -10.3787867844429
334.3173271167785 44.33006172052839 0 0 44.33006172052839 54.70884850497129 -10.3787867844429
334.3173271167785 44.33006172052839 0 0 44.33006172052839 54.70884850497129 -10.3787867844429
334.3173271167785 44.33006172052839 0 0 44.33006172052839 54.70884850497129 -10.3787867844429
334.3173271167785 44.33006172052839 0 0 44.33006172052839 54.70884850497129 -10.3787867844429
334.3173271167785 44.33006172052839 0 0 44.33006172052839 54.70884850497129 -10.3787867844429
334.3173271167785 44.33006172052839 0 0 44.33006172052839 54.70884850497129 -10.3787867844429
334.3173271167785 44.33006172052839 0 0 44.33006172052839 54.70884850497129 -10.3787867844429
334.3173271167785 44.33006172052839 0 0 44.33006172052839 54.70884850497129 -10.3787867844429
334.3173271167785 44.33006172052839 0 0 44.33006172052839 54.70884850497129 -10.3787867844429
334.3173271167785 44.33006172052839 0 0 44.33006172052839 54.70884850497129 -10.3787867844429
334.3173271167785 44.33006172052839 0 0 44.33006172052839 54.70884850497129 -10.3787867844429
334.3173271167785 44.33006172052839 0 0 44.33006172052839 54.70884850497129 -10.3787867844429
334.3173271167785 44.33006172052839 0 0 44.33006172052839 54.70884850497129 -10.3787867844429
334.3173271167785 44.33006172052839 0 0 44.33006172052839 54.70884850497129 -10.3787867844429
334.3173271167785 44.33006172052839 0 0 44.33006172052839 54.70884850497129 -10.3787867844429
334.3173271167785 44.33006172052839 0 0 44.33006172052839 54.70884850497129 -10.3787867844429
334.3173271167785 44.33006172052839 0 0 44.33006172052839 54.70884850497129 -10.3787867844429
334.3173271167785 44.33006172052839 0 0 44.33006172052839 54.70884850497129 -10.3787867844429
334.3173271167785 44.33006172052839 0 0 44.33006172052839 54.70884850497129 -10.3787867844429
334.2418213967773 44.31768525696056 0 0 44.31768525696056 54.69647204140346 -10.3787867844429
334.2418213967773 44.31768525696056 0 0 44.31768525696056 54.69647204140346 -10.3787867844429
334.2418213967773 44.31768525696056 0 0 44.31768525696056 54.69647204140346 -10.3787867844429
334.2418213967773 44.31768525696056 0 0 44.31768525696056 54.69647204140346 -10.3787867844429
334.2418213967773 44.31768525696056 0 0 44.31768525696056 54.69647204140346 -10.3787867844429
334.2418213967773 44.31768525696056 0 0 44.31768525696056 54.69647204140346 -10.3787867844429
334.2418213967773 44.31768525696056 0 0 44.31768525696056 54.69647204140346 -10.3787867844429
334.2418213967773 44.31768525696056 0 0 44.31768525696056 54.69647204140346 -10.3787867844429
334.2418213967773 44.31768525696056 0 0 44.31768525696056 54.69647204140346 -10.3787867844429
334.2418213967773 44.31768525696056 0 0 44.31768525696056 54.69647204140346 -10.3787867844429
334.3298140863642 44.33448534551316 0 0 44.33448534551316 54.71327212995605 -10.3787867844429
334.3298140863642 44.33448534551316 0 0 44.33448534551316 54.71327212995605 -10.3787867844429
334.3298140863642 44.33448534551316 0 0 44.33448534551316 54.71327212995605 -10.3787867844429
334.3298140863642 44.33448534551316 0 0 44.33448534551316 54.71327212995605 -10.3787867844429
334.3298140863642 44.33448534551316 0 0 44.33448534551316 54.71327212995605 -10.3787867844429
334.3298140863642 44.33448534551316 0 0 44.33448534551316 54.71327212995605 -10.3787867844429
334.3298140863642 44.33448534551316 0 0 44.33448534551316 54.71327212995605 -10.3787867844429
334.3298140863642 44.33448534551316 0 0 44.33448534551316 54.71327212995605 -10.3787867844429
334.3298140863642 44.33448534551316 0 0 44.33448534551316 54.71327212995605 -10.3787867844429
334.3298140863642 44.33448534551316 0 0 44.33448534551316 54.71327212995605 -10.3787867844429
334.3298140863642 44.33448534551316 0 0 44.33448534551316 54.71327212995605 -10.3787867844429
334.3298140863642 44.33448534551316 0 0 44.33448534551316 54.71327212995605 -10.3787867844429
334.3298140863642 44.33448534551316 0 0 44.33448534551316 54.71327212995605 -10.3787867844429
334.3298140863642 44.33448534551316 0 0 44.33448534551316 54.71327212995605 -10.3787867844429
334.3298140863642 44.33448534551316 0 0 44.33448534551316 54.71327212995605 -10.3787867844429
334.3298140863642 44.33448534551316 0 0 44.33448534551316 54.71327212995605 -10.3787867844429
334.3298140863642 44.33448534551316 0 0 44.33448534551316 54.71327212995605 -10.3787867844429
334.3298140863642 44.33448534551316 0 0 44.33448534551316 54.71327212995605 -10.3787867844429
334.3298140863642 44.33448534551316 0 0 44.33448534551316 54.71327212995605 -10.3787867844429
334.3298140863642 44.33448534551316 0 0 44.33448534551316 54.71327212995605 -10.3787867844429
334.3298140863642 44.33448534551316 0 0 44.33448534551316 54.71327212995605 -10.3787867844429
334.3298140863642 44.33448534551316 0 0 44.33448534551316 54.71327212995605 -10.3787867844429
334.3298140863642 44.33448534551316 0 0 44.33448534551316 54.71327212995605 -10.3787867844429
334.3298140863642 44.33448534551316 0 0 44.33448534551316 54.71327212995605 -10.3787867844429
334.3298140863642 44.33448534551316 0 0 44.33448534551316 54.71327212995605 -10.3787867844429
334.3298140863642 44.33448534551316 0 0 44.33448534551316 54.71327212995605 -10.3787867844429
334.3298140863642 44.33448534551316 0 0 44.33448534551316 54.71327212995605 -10.3787867844429
334.3298140863642 44.33448534551316 0 0 44.33448534551316 54.71327212995605 -10.3787867844429
334.3298140863642 44.33448534551316 0 0 44.33448534551316 54.71327212995605 -10.3787867844429
334.3298140863642 44.33448534551316 0 0 44.33448534551316 54.71327212995605 -10.3787867844429
334.3298140863642 44.33448534551316 0 0 44.33448534551316 54.71327212995605 -10.3787867844429
334.3298140863642 44.33448534551316 0 0 44.33448534551316 54.71327212995605 -10.3787867844429
334.3298140863642 44.33448534551316 0 0 44.33448534551316 54.71327212995605 -10.3787867844429
334.3298140863642 44.33448534551316 0 0 44.33448534551316 54.71327212995605 -10.3787867844429
334.3298140863642 44.33448534551316 0 0 44.33448534551316 54.71327212995605 -10.3787867844429
334.3298140863642 44.33448534551316 0 0 44.33448534551316 54.71327212995605 -10.3787867844429
334.3298140863642 44.33448534551316 0 0 44.33448534551316 54.71327212995605 -10.3787867844429
334.3298140863642 44.33448534551316 0 0 44.33448534551316 54.71327212995605 -10.3787867844429
334.3298140863642 44.33448534551316 0 0 44.33448534551316 54.71327212995605 -10.3787867844429
334.3298140863642 44.33448534551316 0 0 44.33448534551316 54.71327212995605 -10.3787867844429
334.3298140863642 44.33448534551316 0 0 44.33448534551316 54.71327212995605 -10.3787867844429
334.3298140863642 44.33448534551316 0 0 44.33448534551316 54.71327212995605 -10.3787867844429
334.3298140863642 44.33448534551316 0 0 44.33448534551316 54.71327212995605 -10.3787867844429
334.3298140863642 44.33448534551316 0 0 44.33448534551316 54.71327212995605 -10.3787867844429
334.3298140863642 44.33448534551316 0 0 44.33448534551316 54.71327212995605 -10.3787867844429
334.3298140863642 44.33448534551316 0 0 44.33448534551316 54.71327212995605 -10.3787867844429
334.3298140863642 44.33448534551316 0 0 44.33448534551316 54.71327212995605 -10.3787867844429
334.3298140863642 44.33448534551316 0 0 44.33448534551316 54.71327212995605 -10.3787867844429
334.3298140863642 44.33448534551316 0 0 44.33448534551316 54.71327212995605 -10.3787867844429
334.3298140863642 44.33448534551316 0 0 44.33448534551316 54.71327212995605 -10.3787867844429
334.3298140863642 44.33448534551316 0 0 44.33448534551316 54.71327212995605 -10.3787867844429
334.3298140863642 44.33448534551316 0 0 44.33448534551316 54.71327212995605 -10.3787867844429
334.3298140863642 44.33448534551316 0 0 44.33448534551316 54.71327212995605 -10.3787867844429
334.3298140863642 44.33448534551316 0 0 44.33448534551316 54.71327212995605 -10.3787867844429
334.3298140863642 44.33448534551316 0 0 44.33448534551316 54.71327212995605 -10.3787867844429
334.3298140863642 44.33448534551316 0 0 44.33448534551316 54.71327212995605 -10.3787867844429
334.3298140863642 44.33448534551316 0 0 44.33448534551316 54.71327212995605 -10.3787867844429
334.3305072921025 44.33485243840992 0 0 44.33485243840992 54.71363922285283 -10.3787867844429
334.3305072921025 44.33485243840992 0 0 44.33485243840992 54.71363922285283 -10.3787867844429
334.3305072921025 44.33485243840992 0 0 44.33485243840992 54.71363922285283 -10.3787867844429
334.3305072921025 44.33485243840992 0 0 44.33485243840992 54.71363922285283 -10.3787867844429
334.3305072921025 44.33485243840992 0 0 44.33485243840992 54.71363922285283 -10.3787867844429
334.3305072921025 44.33485243840992 0 0 44.33485243840992 54.71363922285283 -10.3787867844429
334.3305072921025 44.33485243840992 0 0 44.33485243840992 54.71363922285283 -10.3787867844429
334.3305072921025 44.33485243840992 0 0 44.33485243840992 54.71363922285283 -10.3787867844429
334.3305072921025 44.33485243840992 0 0 44.33485243840992 54.71363922285283 -10.3787867844429
334.3305072921025 44.33485243840992 0 0 44.33485243840992 54.71363922285283 -10.3787867844429
334.3305072921025 44.33485243840992 0 0 44.33485243840992 54.71363922285283 -10.3787867844429
334.3305072921025 44.33485243840992 0 0 44.33485243840992 54.71363922285283 -10.3787867844429
334.3305072921025 44.33485243840992 0 0 44.33485243840992 54.71363922285283 -10.3787867844429
334.3305072921025 44.33485243840992 0 0 44.33485243840992 54.71363922285283 -10.3787867844429
334.3305072921025 44.33485243840992 0 0 44.33485243840992 54.71363922285283 -10.3787867844429
334.3305072921025 44.33485243840992 0 0 44.33485243840992 54.71363922285283 -10.3787867844429
334.3305072921025 44.33485243840992 0 0 44.33485243840992 54.71363922285283 -10.3787867844429
334.3305072921025 44.33485243840992 0 0 44.33485243840992 54.71363922285283 -10.3787867844429
334.3305072921025 44.33485243840992 0 0 44.33485243840992 54.71363922285283 -10.3787867844429
334.3305072921025 44.33485243840992 0 0 44.33485243840992 54.71363922285283 -10.3787867844429
334.3305072921025 44.33485243840992 0 0 44.33485243840992 54.71363922285283 -10.3787867844429
334.3305072921025 44.33485243840992 0 0 44.33485243840992 54.71363922285283 -10.3787867844429
334.3305072921025 44.33485243840992 0 0 44.33485243840992 54.71363922285283 -10.3787867844429
334.3305072921025 44.33485243840992 0 0 44.33485243840992 54.71363922285283 -10.3787867844429
334.3305072921025 44.33485243840992 0 0 44.33485243840992 54.71363922285283 -10.3787867844429
334.3305072921025 44.33485243840992 0 0 44.33485243840992 54.71363922285283 -10.3787867844429
334.3305072921025 44.33485243840992 0 0 44.33485243840992 54.71363922285283 -10.3787867844429
334.3290401841061 44.33410489190882 0 0 44.33410489190882 54.71289167635172 -10.3787867844429
334.3290401841061 44.33410489190882 0 0 44.33410489190882 54.71289167635172 -10.3787867844429
334.3290401841061 44.33410489190882 0 0 44.33410489190882 54.71289167635172 -10.3787867844429
334.3290401841061 44.33410489190882 0 0 44.33410489190882 54.71289167635172 -10.3787867844429
334.3290401841061 44.33410489190882 0 0 44.33410489190882 54.71289167635172 -10.3787867844429
334.3290401841061 44.33410489190882 0 0 44.33410489190882 54.71289167635172 -10.3787867844429
334.3290401841061 44.33410489190882 0 0 44.33410489190882 54.71289167635172 -10.3787867844429
334.3290401841061 44.33410489190882 0 0 44.33410489190882 54.71289167635172 -10.3787867844429
334.3290401841061 44.33410489190882 0 0 44.33410489190882 54.71289167635172 -10.3787867844429
334.3290401841061 44.33410489190882 0 0 44.33410489190882 54.71289167635172 -10.3787867844429
334.3290401841061 44.33410489190882 0 0 44.33410489190882 54.71289167635172 -10.3787867844429
334.3290401841061 44.33410489190882 0 0 44.33410489190882 54.71289167635172 -10.3787867844429
334.3290401841061 44.33410489190882 0 0 44.33410489190882 54.71289167635172 -10.3787867844429
334.3290401841061 44.33410489190882 0 0 44.33410489190882 54.71289167635172 -10.3787867844429
334.3290401841061 44.33410489190882 0 0 44.33410489190882 54.71289167635172 -10.3787867844429
334.3290401841061 44.33410489190882 0 0 44.33410489190882 54.71289167635172 -10.3787867844429
334.3290401841061 44.33410489190882 0 0 44.33410489190882 54.71289167635172 -10.3787867844429
334.3290401841061 44.33410489190882 0 0 44.33410489190882 54.71289167635172 -10.3787867844429
334.3290401841061 44.33410489190882 0 0 44.33410489190882 54.71289167635172 -10.3787867844429
334.3290401841061 44.33410489190882 0 0 44.33410489190882 54.71289167635172 -10.3787867844429
334.3290401841061 44.33410489190882 0 0 44.33410489190882 54.71289167635172 -10.3787867844429
334.3290401841061 44.33410489190882 0 0 44.33410489190882 54.71289167635172 -10.3787867844429
334.3290401841061 44.33410489190882 0 0 44.33410489190882 54.71289167635172 -10.3787867844429
334.3290401841061 44.33410489190882 0 0 44.33410489190882 54.71289167635172 -10.3787867844429
334.3290401841061 44.33410489190882 0 0 44.33410489190882 54.71289167635172 -10.3787867844429
334.3290401841061 44.33410489190882 0 0 44.33410489190882 54.71289167635172 -10.3787867844429
334.3290401841061 44.33410489190882 0 0 44.33410489190882 54.71289167635172 -10.3787867844429
334.3290401841061 44.33410489190882 0 0 44.33410489190882 54.71289167635172 -10.3787867844429
334.3347221473996 44.33980744612876 0 0 44.33980744612876 54.71859423057166 -10.3787867844429
334.3347221473996 44.33980744612876 0 0 44.33980744612876 54.71859423057166 -10.3787867844429
334.3347221473996 44.33980744612876 0 0 44.33980744612876 54.71859423057166 -10.3787867844429
334.3347221473996 44.33980744612876 0 0 44.33980744612876 54.71859423057166 -10.3787867844429
334.3347221473996 44.33980744612876 0 0 44.33980744612876 54.71859423057166 -10.3787867844429
334.3347221473996 44.33980744612876 0 0 44.33980744612876 54.71859423057166 -10.3787867844429
334.3347221473996 44.33980744612876 0 0 44.33980744612876 54.71859423057166 -10.3787867844429
334.3347221473996 44.33980744612876 0 0 44.33980744612876 54.71859423057166 -10.3787867844429
334.3347221473996 44.33980744612876 0 0 44.33980744612876 54.71859423057166 -10.3787867844429
334.3347221473996 44.33980744612876 0 0 44.33980744612876 54.71859423057166 -10.3787867844429
334.3347221473996 44.33980744612876 0 0 44.33980744612876 54.71859423057166 -10.3787867844429
334.3347221473996 44.33980744612876 0 0 44.33980744612876 54.71859423057166 -10.3787867844429
334.3347221473996 44.33980744612876 0 0 44.33980744612876 54.71859423057166 -10.3787867844429
334.3347221473996 44.33980744612876 0 0 44.33980744612876 54.71859423057166 -10.3787867844429
334.3347221473996 44.33980744612876 0 0 44.33980744612876 54.71859423057166 -10.3787867844429
334.3347221473996 44.33980744612876 0 0 44.33980744612876 54.71859423057166 -10.3787867844429
334.3347221473996 44.33980744612876 0 0 44.33980744612876 54.71859423057166 -10.3787867844429
334.3347221473996 44.33980744612876 0 0 44.33980744612876 54.71859423057166 -10.3787867844429
334.3347221473996 44.33980744612876 0 0 44.33980744612876 54.71859423057166 -10.3787867844429
334.3347221473996 44.33980744612876 0 0 44.33980744612876 54.71859423057166 -10.3787867844429
334.3347221473996 44.33980744612876 0 0 44.33980744612876 54.71859423057166 -10.3787867844429
334.3347221473996 44.33980744612876 0 0 44.33980744612876 54.71859423057166 -10.3787867844429
334.3347221473996 44.33980744612876 0 0 44.33980744612876 54.71859423057166 -10.3787867844429
334.3347221473996 44.33980744612876 0 0 44.33980744612876 54.71859423057166 -10.3787867844429
334.3347221473996 44.33980744612876 0 0 44.33980744612876 54.71859423057166 -10.3787867844429
334.3347221473996 44.33980744612876 0 0 44.33980744612876 54.71859423057166 -10.3787867844429
334.3347221473996 44.33980744612876 0 0 44.33980744612876 54.71859423057166 -10.3787867844429
334.3347221473996 44.33980744612876 0 0 44.33980744612876 54.71859423057166 -10.3787867844429
334.3347221473996 44.33980744612876 0 0 44.33980744612876 54.71859423057166 -10.3787867844429
334.3347221473996 44.33980744612876 0 0 44.33980744612876 54.71859423057166 -10.3787867844429
334.3347221473996 44.33980744612876 0 0 44.33980744612876 54.71859423057166 -10.3787867844429
334.3347221473996 44.33980744612876 0 0 44.33980744612876 54.71859423057166 -10.3787867844429
334.3347221473996 44.33980744612876 0 0 44.33980744612876 54.71859423057166 -10.3787867844429
334.3347221473996 44.33980744612876 0 0 44.33980744612876 54.71859423057166 -10.3787867844429
334.3347221473996 44.33980744612876 0 0 44.33980744612876 54.71859423057166 -10.3787867844429
334.3347221473996 44.33980744612876 0 0 44.33980744612876 54.71859423057166 -10.3787867844429
334.3347221473996 44.33980744612876 0 0 44.33980744612876 54.71859423057166 -10.3787867844429
334.3347221473996 44.33980744612876 0 0 44.33980744612876 54.71859423057166 -10.3787867844429
334.3347221473996 44.33980744612876 0 0 44.33980744612876 54.71859423057166 -10.3787867844429
334.3347221473996 44.33980744612876 0 0 44.33980744612876 54.71859423057166 -10.3787867844429
334.3347221473996 44.33980744612876 0 0 44.33980744612876 54.71859423057166 -10.3787867844429
334.3347221473996 44.33980744612876 0 0 44.33980744612876 54.71859423057166 -10.3787867844429
334.3347221473996 44.33980744612876 0 0 44.33980744612876 54.71859423057166 -10.3787867844429
334.3347221473996 44.33980744612876 0 0 44.33980744612876 54.71859423057166 -10.3787867844429
334.3347221473996 44.33980744612876 0 0 44.33980744612876 54.71859423057166 -10.3787867844429
334.3347221473996 44.33980744612876 0 0 44.33980744612876 54.71859423057166 -10.3787867844429
334.3347221473996 44.33980744612876 0 0 44.33980744612876 54.71859423057166 -10.3787867844429
334.3347221473996 44.33980744612876 0 0 44.33980744612876 54.71859423057166 -10.3787867844429
334.3347221473996 44.33980744612876 0 0 44.33980744612876 54.71859423057166 -10.3787867844429
334.3347221473996 44.33980744612876 0 0 44.33980744612876 54.71859423057166 -10.3787867844429
334.3347221473996 44.33980744612876 0 0 44.33980744612876 54.71859423057166 -10.3787867844429
334.3347221473996 44.33980744612876 0 0 44.33980744612876 54.71859423057166 -10.3787867844429
334.3347221473996 44.33980744612876 0 0 44.33980744612876 54.71859423057166 -10.3787867844429
334.3347221473996 44.33980744612876 0 0 44.33980744612876 54.71859423057166 -10.3787867844429
334.3347221473996 44.33980744612876 0 0 44.33980744612876 54.71859423057166 -10.3787867844429
334.3347221473996 44.33980744612876 0 0 44.33980744612876 54.71859423057166 -10.3787867844429
334.3347221473996 44.33980744612876 0 0 44.33980744612876 54.71859423057166 -10.3787867844429
334.3347221473996 44.33980744612876 0 0 44.33980744612876 54.71859423057166 -10.3787867844429
334.3347221473996 44.33980744612876 0 0 44.33980744612876 54.71859423057166 -10.3787867844429
334.3347221473996 44.33980744612876 0 0 44.33980744612876 54.71859423057166 -10.3787867844429
334.3347221473996 44.33980744612876 0 0 44.33980744612876 54.71859423057166 -10.3787867844429
334.3347221473996 44.33980744612876 0 0 44.33980744612876 54.71859423057166 -10.3787867844429
334.3347221473996 44.33980744612876 0 0 44.33980744612876 54.71859423057166 -10.3787867844429
334.3347221473996 44.33980744612876 0 0 44.33980744612876 54.71859423057166 -10.3787867844429
334.3347221473996 44.33980744612876 0 0 44.33980744612876 54.71859423057166 -10.3787867844429
334.3347221473996 44.33980744612876 0 0 44.33980744612876 54.71859423057166 -10.3787867844429
334.3347221473996 44.33980744612876 0 0 44.33980744612876 54.71859423057166 -10.3787867844429
334.3347221473996 44.33980744612876 0 0 44.33980744612876 54.71859423057166 -10.3787867844429
334.3347221473996 44.33980744612876 0 0 44.33980744612876 54.71859423057166 -10.3787867844429
334.3347221473996 44.33980744612876 0 0 44.33980744612876 54.71859423057166 -10.3787867844429
334.3347221473996 44.33980744612876 0 0 44.33980744612876 54.71859423057166 -10.3787867844429
334.3347221473996 44.33980744612876 0 0 44.33980744612876 54.71859423057166 -10.3787867844429
334.3347221473996 44.33980744612876 0 0 44.33980744612876 54.71859423057166 -10.3787867844429
334.3347221473996 44.33980744612876 0 0 44.33980744612876 54.71859423057166 -10.3787867844429
334.3347221473996 44.33980744612876 0 0 44.33980744612876 54.71859423057166 -10.3787867844429
334.3347221473996 44.33980744612876 0 0 44.33980744612876 54.71859423057166 -10.3787867844429
334.1285125008611 44.30699715515041 0 0 44.30699715515041 54.68578393959331 -10.3787867844429
334.1285125008611 44.30699715515041 0 0 44.30699715515041 54.68578393959331 -10.3787867844429
334.1285125008611 44.30699715515041 0 0 44.30699715515041 54.68578393959331 -10.3787867844429
334.1285125008611 44.30699715515041 0 0 44.30699715515041 54.68578393959331 -10.3787867844429
334.1285125008611 44.30699715515041 0 0 44.30699715515041 54.68578393959331 -10.3787867844429
334.1285125008611 44.30699715515041 0 0 44.30699715515041 54.68578393959331 -10.3787867844429
334.1400384927736 44.30791873823893 0 0 44.30791873823893 54.68670552268183 -10.3787867844429
334.1400384927736 44.30791873823893 0 0 44.30791873823893 54.68670552268183 -10.3787867844429
334.1400384927736 44.30791873823893 0 0 44.30791873823893 54.68670552268183 -10.3787867844429
334.1400384927736 44.30791873823893 0 0 44.30791873823893 54.68670552268183 -10.3787867844429
334.1400384927736 44.30791873823893 0 0 44.30791873823893 54.68670552268183 -10.3787867844429
334.1400384927736 44.30791873823893 0 0 44.30791873823893 54.68670552268183 -10.3787867844429
334.1400384927736 44.30791873823893 0 0 44.30791873823893 54.68670552268183 -10.3787867844429
334.1400384927736 44.30791873823893 0 0 44.30791873823893 54.68670552268183 -10.3787867844429
334.1400384927736 44.30791873823893 0 0 44.30791873823893 54.68670552268183 -10.3787867844429
334.1400384927736 44.30791873823893 0 0 44.30791873823893 54.68670552268183 -10.3787867844429
334.1400384927736 44.30791873823893 0 0 44.30791873823893 54.68670552268183 -10.3787867844429
333.8993309328089 44.29226629673009 0 0 44.29226629673009 54.67105308117299 -10.3787867844429
333.8993309328089 44.29226629673009 0 0 44.29226629673009 54.67105308117299 -10.3787867844429
333.8993309328089 44.29226629673009 0 0 44.29226629673009 54.67105308117299 -10.3787867844429
333.8993309328089 44.29226629673009 0 0 44.29226629673009 54.67105308117299 -10.3787867844429
333.8993309328089 44.29226629673009 0 0 44.29226629673009 54.67105308117299 -10.3787867844429
333.8993309328089 44.29226629673009 0 0 44.29226629673009 54.67105308117299 -10.3787867844429
333.8993309328089 44.29226629673009 0 0 44.29226629673009 54.67105308117299 -10.3787867844429
333.8993309328089 44.29226629673009 0 0 44.29226629673009 54.67105308117299 -10.3787867844429
333.8993309328089 44.29226629673009 0 0 44.29226629673009 54.67105308117299 -10.3787867844429
333.8993309328089 44.29226629673009 0 0 44.29226629673009 54.67105308117299 -10.3787867844429
333.8993309328089 44.29226629673009 0 0 44.29226629673009 54.67105308117299 -10.3787867844429
333.8993309328089 44.29226629673009 0 0 44.29226629673009 54.67105308117299 -10.3787867844429
333.8993309328089 44.29226629673009 0 0 44.29226629673009 54.67105308117299 -10.3787867844429
333.8993309328089 44.29226629673009 0 0 44.29226629673009 54.67105308117299 -10.3787867844429
333.8993309328089 44.29226629673009 0 0 44.29226629673009 54.67105308117299 -10.3787867844429
333.8993309328089 44.29226629673009 0 0 44.29226629673009 54.67105308117299 -10.3787867844429
333.8993309328089 44.29226629673009 0 0 44.29226629673009 54.67105308117299 -10.3787867844429
333.8993309328089 44.29226629673009 0 0 44.29226629673009 54.67105308117299 -10.3787867844429
333.8993309328089 44.29226629673009 0 0 44.29226629673009 54.67105308117299 -10.3787867844429
333.8993309328089 44.29226629673009 0 0 44.29226629673009 54.67105308117299 -10.3787867844429
333.8993309328089 44.29226629673009 0 0 44.29226629673009 54.67105308117299 -10.3787867844429
333.8993309328089 44.29226629673009 0 0 44.29226629673009 54.67105308117299 -10.3787867844429
333.8993309328089 44.29226629673009 0 0 44.29226629673009 54.67105308117299 -10.3787867844429
333.8993309328089 44.29226629673009 0 0 44.29226629673009 54.67105308117299 -10.3787867844429
333.8993309328089 44.29226629673009 0 0 44.29226629673009 54.67105308117299 -10.3787867844429
333.8993309328089 44.29226629673009 0 0 44.29226629673009 54.67105308117299 -10.3787867844429
333.8993309328089 44.29226629673009 0 0 44.29226629673009 54.67105308117299 -10.3787867844429
334.3345337141865 44.34053837657264 0 0 44.34053837657264 54.71932516101554 -10.3787867844429
334.3334290262289 44.33691905879478 0 0 44.33691905879478 54.71570584323768 -10.3787867844429
334.3334290262289 44.33691905879478 0 0 44.33691905879478 54.71570584323768 -10.3787867844429
334.3334290262289 44.33691905879478 0 0 44.33691905879478 54.71570584323768 -10.3787867844429
334.3334290262289 44.33691905879478 0 0 44.33691905879478 54.71570584323768 -10.3787867844429
334.3334290262289 44.33691905879478 0 0 44.33691905879478 54.71570584323768 -10.3787867844429
334.3334290262289 44.33691905879478 0 0 44.33691905879478 54.71570584323768 -10.3787867844429
334.3334290262289 44.33691905879478 0 0 44.33691905879478 54.71570584323768 -10.3787867844429
334.3334290262289 44.33691905879478 0 0 44.33691905879478 54.71570584323768 -10.3787867844429
334.3334290262289 44.33691905879478 0 0 44.33691905879478 54.71570584323768 -10.3787867844429
334.3334290262289 44.33691905879478 0 0 44.33691905879478 54.71570584323768 -10.3787867844429
334.3334290262289 44.33691905879478 0 0 44.33691905879478 54.71570584323768 -10.3787867844429
334.3334290262289 44.33691905879478 0 0 44.33691905879478 54.71570584323768 -10.3787867844429
334.3334290262289 44.33691905879478 0 0 44.33691905879478 54.71570584323768 -10.3787867844429
334.3334290262289 44.33691905879478 0 0 44.33691905879478 54.71570584323768 -10.3787867844429
334.3334290262289 44.33691905879478 0 0 44.33691905879478 54.71570584323768 -10.3787867844429
334.3334290262289 44.33691905879478 0 0 44.33691905879478 54.71570584323768 -10.3787867844429
334.3334290262289 44.33691905879478 0 0 44.33691905879478 54.71570584323768 -10.3787867844429
334.3334290262289 44.33691905879478 0 0 44.33691905879478 54.71570584323768 -10.3787867844429
334.3334290262289 44.33691905879478 0 0 44.33691905879478 54.71570584323768 -10.3787867844429
334.3334290262289 44.33691905879478 0 0 44.33691905879478 54.71570584323768 -10.3787867844429
334.3334290262289 44.33691905879478 0 0 44.33691905879478 54.71570584323768 -10.3787867844429
334.3334290262289 44.33691905879478 0 0 44.33691905879478 54.71570584323768 -10.3787867844429
334.3334290262289 44.33691905879478 0 0 44.33691905879478 54.71570584323768 -10.3787867844429
334.3334290262289 44.33691905879478 0 0 44.33691905879478 54.71570584323768 -10.3787867844429
334.3334290262289 44.33691905879478 0 0 44.33691905879478 54.71570584323768 -10.3787867844429
334.3334290262289 44.33691905879478 0 0 44.33691905879478 54.71570584323768 -10.3787867844429
334.3334290262289 44.33691905879478 0 0 44.33691905879478 54.71570584323768 -10.3787867844429
334.3334290262289 44.33691905879478 0 0 44.33691905879478 54.71570584323768 -10.3787867844429
334.331138306811 44.33521378065666 0 0 44.33521378065666 54.71400056509955 -10.3787867844429
334.331138306811 44.33521378065666 0 0 44.33521378065666 54.71400056509955 -10.3787867844429
334.331138306811 44.33521378065666 0 0 44.33521378065666 54.71400056509955 -10.3787867844429
334.331138306811 44.33521378065666 0 0 44.33521378065666 54.71400056509955 -10.3787867844429
334.331138306811 44.33521378065666 0 0 44.33521378065666 54.71400056509955 -10.3787867844429
334.331138306811 44.33521378065666 0 0 44.33521378065666 54.71400056509955 -10.3787867844429
334.331138306811 44.33521378065666 0 0 44.33521378065666 54.71400056509955 -10.3787867844429
334.331138306811 44.33521378065666 0 0 44.33521378065666 54.71400056509955 -10.3787867844429
334.331138306811 44.33521378065666 0 0 44.33521378065666 54.71400056509955 -10.3787867844429
334.331138306811 44.33521378065666 0 0 44.33521378065666 54.71400056509955 -10.3787867844429
334.331138306811 44.33521378065666 0 0 44.33521378065666 54.71400056509955 -10.3787867844429
334.331138306811 44.33521378065666 0 0 44.33521378065666 54.71400056509955 -10.3787867844429
334.331138306811 44.33521378065666 0 0 44.33521378065666 54.71400056509955 -10.3787867844429
334.331138306811 44.33521378065666 0 0 44.33521378065666 54.71400056509955 -10.3787867844429
334.3309079343645 44.33507844521546 0 0 44.33507844521546 54.71386522965836 -10.3787867844429
334.3309079343645 44.33507844521546 0 0 44.33507844521546 54.71386522965836 -10.3787867844429
334.3309079343645 44.33507844521546 0 0 44.33507844521546 54.71386522965836 -10.3787867844429
334.3309079343645 44.33507844521546 0 0 44.33507844521546 54.71386522965836 -10.3787867844429
334.3309079343645 44.33507844521546 0 0 44.33507844521546 54.71386522965836 -10.3787867844429
334.3309079343645 44.33507844521546 0 0 44.33507844521546 54.71386522965836 -10.3787867844429
334.3309079343645 44.33507844521546 0 0 44.33507844521546 54.71386522965836 -10.3787867844429
334.3309079343645 44.33507844521546 0 0 44.33507844521546 54.71386522965836 -10.3787867844429
334.3309079343645 44.33507844521546 0 0 44.33507844521546 54.71386522965836 -10.3787867844429
334.3309079343645 44.33507844521546 0 0 44.33507844521546 54.71386522965836 -10.3787867844429
334.3309079343645 44.33507844521546 0 0 44.33507844521546 54.71386522965836 -10.3787867844429
334.3309079343645 44.33507844521546 0 0 44.33507844521546 54.71386522965836 -10.3787867844429
334.3309079343645 44.33507844521546 0 0 44.33507844521546 54.71386522965836 -10.3787867844429
334.3309079343645 44.33507844521546 0 0 44.33507844521546 54.71386522965836 -10.3787867844429
334.3309079343645 44.33507844521546 0 0 44.33507844521546 54.71386522965836 -10.3787867844429
