totalLogLikelihoodDensity totalLogPriorDensity H1NoiseLogPriorDensity L1NoiseLogPriorDensity gwLogPriorDensity gwExtrinsicLogPriorDensityTracker gwCbcLogPriorDensityTracker
169.7301626881748 43.07938221341739 0 0 43.07938221341739 53.45816899786029 -10.3787867844429
318.0240383008922 44.09521409535402 0 0 44.09521409535402 54.47400087979692 -10.3787867844429
318.0240383008922 44.09521409535402 0 0 44.09521409535402 54.47400087979692 -10.3787867844429
318.0240383008922 44.09521409535402 0 0 44.09521409535402 54.47400087979692 -10.3787867844429
318.0240383008922 44.09521409535402 0 0 44.09521409535402 54.47400087979692 -10.3787867844429
318.0240383008922 44.09521409535402 0 0 44.09521409535402 54.47400087979692 -10.3787867844429
317.64955988679 43.90541181622099 0 0 43.90541181622099 54.28419860066388 -10.3787867844429
317.64955988679 43.90541181622099 0 0 43.90541181622099 54.28419860066388 -10.3787867844429
317.64955988679 43.90541181622099 0 0 43.90541181622099 54.28419860066388 -10.3787867844429
317.64955988679 43.90541181622099 0 0 43.90541181622099 54.28419860066388 -10.3787867844429
317.64955988679 43.90541181622099 0 0 43.90541181622099 54.28419860066388 -10.3787867844429
317.64955988679 43.90541181622099 0 0 43.90541181622099 54.28419860066388 -10.3787867844429
317.64955988679 43.90541181622099 0 0 43.90541181622099 54.28419860066388 -10.3787867844429
326.9514853941593 43.59827338046721 0 0 43.59827338046721 53.9770601649101 -10.3787867844429
326.9514853941593 43.59827338046721 0 0 43.59827338046721 53.9770601649101 -10.3787867844429
326.9514853941593 43.59827338046721 0 0 43.59827338046721 53.9770601649101 -10.3787867844429
326.9514853941593 43.59827338046721 0 0 43.59827338046721 53.9770601649101 -10.3787867844429
326.9514853941593 43.59827338046721 0 0 43.59827338046721 53.9770601649101 -10.3787867844429
326.9514853941593 43.59827338046721 0 0 43.59827338046721 53.9770601649101 -10.3787867844429
326.9514853941593 43.59827338046721 0 0 43.59827338046721 53.9770601649101 -10.3787867844429
333.5216339546427 43.61694115739228 0 0 43.61694115739228 53.99572794183517 -10.3787867844429
333.5216339546427 43.61694115739228 0 0 43.61694115739228 53.99572794183517 -10.3787867844429
331.5581375108392 43.80799137049706 0 0 43.80799137049706 54.18677815493997 -10.3787867844429
330.681006741625 43.84580469720886 0 0 43.84580469720886 54.22459148165176 -10.3787867844429
330.681006741625 43.84580469720886 0 0 43.84580469720886 54.22459148165176 -10.3787867844429
330.681006741625 43.84580469720886 0 0 43.84580469720886 54.22459148165176 -10.3787867844429
330.821432173161 43.86663114028048 0 0 43.86663114028048 54.24541792472338 -10.3787867844429
330.5003850223396 43.9346350704536 0 0 43.9346350704536 54.3134218548965 -10.3787867844429
330.5003850223396 43.9346350704536 0 0 43.9346350704536 54.3134218548965 -10.3787867844429
330.5003850223396 43.9346350704536 0 0 43.9346350704536 54.3134218548965 -10.3787867844429
330.5003850223396 43.9346350704536 0 0 43.9346350704536 54.3134218548965 -10.3787867844429
330.3433792086206 43.8267902215995 0 0 43.8267902215995 54.20557700604239 -10.3787867844429
332.3519372935131 43.71573220498151 0 0 43.71573220498151 54.0945189894244 -10.3787867844429
332.4914132834338 43.75573963596912 0 0 43.75573963596912 54.13452642041202 -10.3787867844429
332.4914132834338 43.75573963596912 0 0 43.75573963596912 54.13452642041202 -10.3787867844429
332.4914132834338 43.75573963596912 0 0 43.75573963596912 54.13452642041202 -10.3787867844429
334.8545113718605 43.63288934160813 0 0 43.63288934160813 54.01167612605104 -10.3787867844429
334.8545113718605 43.63288934160813 0 0 43.63288934160813 54.01167612605104 -10.3787867844429
334.8545113718605 43.63288934160813 0 0 43.63288934160813 54.01167612605104 -10.3787867844429
334.8545113718605 43.63288934160813 0 0 43.63288934160813 54.01167612605104 -10.3787867844429
334.6957258545962 43.60773162474061 0 0 43.60773162474061 53.98651840918351 -10.3787867844429
334.6957258545962 43.60773162474061 0 0 43.60773162474061 53.98651840918351 -10.3787867844429
334.6957258545962 43.60773162474061 0 0 43.60773162474061 53.98651840918351 -10.3787867844429
335.0209849696662 43.49373355605904 0 0 43.49373355605904 53.87252034050194 -10.3787867844429
335.0209849696662 43.49373355605904 0 0 43.49373355605904 53.87252034050194 -10.3787867844429
334.5349817029414 43.34508995101315 0 0 43.34508995101315 53.72387673545605 -10.3787867844429
334.5349817029414 43.34508995101315 0 0 43.34508995101315 53.72387673545605 -10.3787867844429
334.5349817029414 43.34508995101315 0 0 43.34508995101315 53.72387673545605 -10.3787867844429
334.8529687612117 43.1130213205245 0 0 43.1130213205245 53.49180810496739 -10.3787867844429
334.5984524143456 43.14745380048338 0 0 43.14745380048338 53.52624058492628 -10.3787867844429
334.5984524143456 43.14745380048338 0 0 43.14745380048338 53.52624058492628 -10.3787867844429
334.5984524143456 43.14745380048338 0 0 43.14745380048338 53.52624058492628 -10.3787867844429
334.5984524143456 43.14745380048338 0 0 43.14745380048338 53.52624058492628 -10.3787867844429
334.4393869072858 43.38198983977239 0 0 43.38198983977239 53.76077662421528 -10.3787867844429
334.5631261530675 43.34937683345092 0 0 43.34937683345092 53.72816361789381 -10.3787867844429
335.1135975221059 43.47439156953719 0 0 43.47439156953719 53.85317835398009 -10.3787867844429
334.9774972012753 43.56911515121647 0 0 43.56911515121647 53.94790193565936 -10.3787867844429
335.2191781539674 43.56945362419414 0 0 43.56945362419414 53.94824040863703 -10.3787867844429
335.2878826757899 43.56866749664589 0 0 43.56866749664589 53.94745428108879 -10.3787867844429
335.2878826757899 43.56866749664589 0 0 43.56866749664589 53.94745428108879 -10.3787867844429
335.2878826757899 43.56866749664589 0 0 43.56866749664589 53.94745428108879 -10.3787867844429
335.5686114446637 43.52576445234723 0 0 43.52576445234723 53.90455123679013 -10.3787867844429
335.5686114446637 43.52576445234723 0 0 43.52576445234723 53.90455123679013 -10.3787867844429
335.6037352532621 43.52639201884233 0 0 43.52639201884233 53.90517880328522 -10.3787867844429
335.6037352532621 43.52639201884233 0 0 43.52639201884233 53.90517880328522 -10.3787867844429
335.6037352532621 43.52639201884233 0 0 43.52639201884233 53.90517880328522 -10.3787867844429
335.6037352532621 43.52639201884233 0 0 43.52639201884233 53.90517880328522 -10.3787867844429
335.6037352532621 43.52639201884233 0 0 43.52639201884233 53.90517880328522 -10.3787867844429
335.6037352532621 43.52639201884233 0 0 43.52639201884233 53.90517880328522 -10.3787867844429
335.300186083817 43.64032493510177 0 0 43.64032493510177 54.01911171954467 -10.3787867844429
335.2288914373723 43.78735265394059 0 0 43.78735265394059 54.16613943838348 -10.3787867844429
335.2288914373723 43.78735265394059 0 0 43.78735265394059 54.16613943838348 -10.3787867844429
334.8466580184316 43.77081522691805 0 0 43.77081522691805 54.14960201136095 -10.3787867844429
334.8466580184316 43.77081522691805 0 0 43.77081522691805 54.14960201136095 -10.3787867844429
333.9287461491628 43.71093900643517 0 0 43.71093900643517 54.08972579087807 -10.3787867844429
334.929834473709 43.64302734397224 0 0 43.64302734397224 54.02181412841514 -10.3787867844429
333.6698238149893 43.55887211251917 0 0 43.55887211251917 53.93765889696207 -10.3787867844429
333.6698238149893 43.55887211251917 0 0 43.55887211251917 53.93765889696207 -10.3787867844429
333.6698238149893 43.55887211251917 0 0 43.55887211251917 53.93765889696207 -10.3787867844429
333.6698238149893 43.55887211251917 0 0 43.55887211251917 53.93765889696207 -10.3787867844429
333.6698238149893 43.55887211251917 0 0 43.55887211251917 53.93765889696207 -10.3787867844429
333.6698238149893 43.55887211251917 0 0 43.55887211251917 53.93765889696207 -10.3787867844429
333.6698238149893 43.55887211251917 0 0 43.55887211251917 53.93765889696207 -10.3787867844429
332.1500986449796 43.66202406452503 0 0 43.66202406452503 54.04081084896793 -10.3787867844429
332.1500986449796 43.66202406452503 0 0 43.66202406452503 54.04081084896793 -10.3787867844429
332.4607459536307 43.81903494322233 0 0 43.81903494322233 54.19782172766523 -10.3787867844429
331.4536048162837 43.7764629170785 0 0 43.7764629170785 54.1552497015214 -10.3787867844429
331.4536048162837 43.7764629170785 0 0 43.7764629170785 54.1552497015214 -10.3787867844429
333.0278414374318 43.87712628111569 0 0 43.87712628111569 54.25591306555859 -10.3787867844429
332.3045950634452 43.89148361467234 0 0 43.89148361467234 54.27027039911524 -10.3787867844429
333.2407632314611 43.94865610728634 0 0 43.94865610728634 54.32744289172924 -10.3787867844429
333.2407632314611 43.94865610728634 0 0 43.94865610728634 54.32744289172924 -10.3787867844429
333.2407632314611 43.94865610728634 0 0 43.94865610728634 54.32744289172924 -10.3787867844429
333.2407632314611 43.94865610728634 0 0 43.94865610728634 54.32744289172924 -10.3787867844429
333.2407632314611 43.94865610728634 0 0 43.94865610728634 54.32744289172924 -10.3787867844429
333.2407632314611 43.94865610728634 0 0 43.94865610728634 54.32744289172924 -10.3787867844429
333.4201312267173 43.93954133950163 0 0 43.93954133950163 54.31832812394453 -10.3787867844429
333.4201312267173 43.93954133950163 0 0 43.93954133950163 54.31832812394453 -10.3787867844429
333.4201312267173 43.93954133950163 0 0 43.93954133950163 54.31832812394453 -10.3787867844429
333.4201312267173 43.93954133950163 0 0 43.93954133950163 54.31832812394453 -10.3787867844429
333.4201312267173 43.93954133950163 0 0 43.93954133950163 54.31832812394453 -10.3787867844429
333.4201312267173 43.93954133950163 0 0 43.93954133950163 54.31832812394453 -10.3787867844429
334.463037324448 43.93706639327527 0 0 43.93706639327527 54.31585317771817 -10.3787867844429
333.6918682205119 43.83675895718304 0 0 43.83675895718304 54.21554574162593 -10.3787867844429
334.2223296788873 43.89897240226145 0 0 43.89897240226145 54.27775918670435 -10.3787867844429
334.2223296788873 43.89897240226145 0 0 43.89897240226145 54.27775918670435 -10.3787867844429
333.7564812285797 43.89607040293318 0 0 43.89607040293318 54.27485718737608 -10.3787867844429
333.7564812285797 43.89607040293318 0 0 43.89607040293318 54.27485718737608 -10.3787867844429
333.3166589167209 43.87131124219022 0 0 43.87131124219022 54.25009802663311 -10.3787867844429
333.3166589167209 43.87131124219022 0 0 43.87131124219022 54.25009802663311 -10.3787867844429
333.3166589167209 43.87131124219022 0 0 43.87131124219022 54.25009802663311 -10.3787867844429
333.3166589167209 43.87131124219022 0 0 43.87131124219022 54.25009802663311 -10.3787867844429
333.8140271342711 43.62268089337739 0 0 43.62268089337739 54.00146767782029 -10.3787867844429
333.8140271342711 43.62268089337739 0 0 43.62268089337739 54.00146767782029 -10.3787867844429
334.2566034750582 43.53809960192005 0 0 43.53809960192005 53.91688638636295 -10.3787867844429
334.0755620762749 43.7866957686692 0 0 43.7866957686692 54.1654825531121 -10.3787867844429
334.0393608533027 43.79903635281272 0 0 43.79903635281272 54.17782313725562 -10.3787867844429
334.0393608533027 43.79903635281272 0 0 43.79903635281272 54.17782313725562 -10.3787867844429
334.0393608533027 43.79903635281272 0 0 43.79903635281272 54.17782313725562 -10.3787867844429
334.0393608533027 43.79903635281272 0 0 43.79903635281272 54.17782313725562 -10.3787867844429
334.0393608533027 43.79903635281272 0 0 43.79903635281272 54.17782313725562 -10.3787867844429
334.0393608533027 43.79903635281272 0 0 43.79903635281272 54.17782313725562 -10.3787867844429
330.7758679068947 43.77953229725337 0 0 43.77953229725337 54.15831908169626 -10.3787867844429
330.1694102273692 43.91006430418972 0 0 43.91006430418972 54.28885108863261 -10.3787867844429
330.5413131335624 44.00630243875983 0 0 44.00630243875983 54.38508922320273 -10.3787867844429
330.5413131335624 44.00630243875983 0 0 44.00630243875983 54.38508922320273 -10.3787867844429
329.8013942837328 44.10620302479884 0 0 44.10620302479884 54.48498980924174 -10.3787867844429
331.5450374117135 44.11479531921033 0 0 44.11479531921033 54.49358210365323 -10.3787867844429
331.5450374117135 44.11479531921033 0 0 44.11479531921033 54.49358210365323 -10.3787867844429
332.2549763041818 43.92391606336672 0 0 43.92391606336672 54.30270284780961 -10.3787867844429
332.2549763041818 43.92391606336672 0 0 43.92391606336672 54.30270284780961 -10.3787867844429
333.5381761745962 44.12206924080166 0 0 44.12206924080166 54.50085602524457 -10.3787867844429
334.4288894641132 44.10466917210583 0 0 44.10466917210583 54.48345595654873 -10.3787867844429
333.9341599572459 43.96750612341276 0 0 43.96750612341276 54.34629290785566 -10.3787867844429
333.3721414708914 43.87078932262227 0 0 43.87078932262227 54.24957610706517 -10.3787867844429
334.7476667143624 43.83809318614198 0 0 43.83809318614198 54.21687997058488 -10.3787867844429
335.0494972766178 43.86068492205735 0 0 43.86068492205735 54.23947170650025 -10.3787867844429
334.9115310644571 43.90963565650634 0 0 43.90963565650634 54.28842244094924 -10.3787867844429
334.8045583557696 44.03106421052121 0 0 44.03106421052121 54.4098509949641 -10.3787867844429
334.8045583557696 44.03106421052121 0 0 44.03106421052121 54.4098509949641 -10.3787867844429
334.8045583557696 44.03106421052121 0 0 44.03106421052121 54.4098509949641 -10.3787867844429
335.0919914395691 43.97252252564714 0 0 43.97252252564714 54.35130931009003 -10.3787867844429
335.0919914395691 43.97252252564714 0 0 43.97252252564714 54.35130931009003 -10.3787867844429
335.0919914395691 43.97252252564714 0 0 43.97252252564714 54.35130931009003 -10.3787867844429
334.9773389072722 44.01590324943194 0 0 44.01590324943194 54.39469003387484 -10.3787867844429
334.9773389072722 44.01590324943194 0 0 44.01590324943194 54.39469003387484 -10.3787867844429
334.9773389072722 44.01590324943194 0 0 44.01590324943194 54.39469003387484 -10.3787867844429
335.1180771737127 43.79754255014598 0 0 43.79754255014598 54.17632933458888 -10.3787867844429
335.1180771737127 43.79754255014598 0 0 43.79754255014598 54.17632933458888 -10.3787867844429
335.1180771737127 43.79754255014598 0 0 43.79754255014598 54.17632933458888 -10.3787867844429
336.2296863241598 43.92099520611686 0 0 43.92099520611686 54.29978199055976 -10.3787867844429
336.2296863241598 43.92099520611686 0 0 43.92099520611686 54.29978199055976 -10.3787867844429
336.2296863241598 43.92099520611686 0 0 43.92099520611686 54.29978199055976 -10.3787867844429
336.334017611846 43.9130878987699 0 0 43.9130878987699 54.2918746832128 -10.3787867844429
336.334017611846 43.9130878987699 0 0 43.9130878987699 54.2918746832128 -10.3787867844429
335.8976313511943 44.06872523644518 0 0 44.06872523644518 54.44751202088807 -10.3787867844429
336.1868748251889 44.10287985631138 0 0 44.10287985631138 54.48166664075427 -10.3787867844429
336.7214279282026 44.24655706528524 0 0 44.24655706528524 54.62534384972815 -10.3787867844429
336.4697453914861 44.17562023235824 0 0 44.17562023235824 54.55440701680114 -10.3787867844429
336.4697453914861 44.17562023235824 0 0 44.17562023235824 54.55440701680114 -10.3787867844429
336.7823211011768 44.15604257149442 0 0 44.15604257149442 54.53482935593733 -10.3787867844429
336.7823211011768 44.15604257149442 0 0 44.15604257149442 54.53482935593733 -10.3787867844429
336.7823211011768 44.15604257149442 0 0 44.15604257149442 54.53482935593733 -10.3787867844429
336.7823211011768 44.15604257149442 0 0 44.15604257149442 54.53482935593733 -10.3787867844429
335.3475401354856 44.20909775285844 0 0 44.20909775285844 54.58788453730133 -10.3787867844429
335.3475401354856 44.20909775285844 0 0 44.20909775285844 54.58788453730133 -10.3787867844429
335.3475401354856 44.20909775285844 0 0 44.20909775285844 54.58788453730133 -10.3787867844429
335.3475401354856 44.20909775285844 0 0 44.20909775285844 54.58788453730133 -10.3787867844429
336.8564416356538 44.04807374988135 0 0 44.04807374988135 54.42686053432425 -10.3787867844429
337.1177902308722 44.15250755890501 0 0 44.15250755890501 54.53129434334792 -10.3787867844429
337.0994315082283 44.24379857280071 0 0 44.24379857280071 54.62258535724361 -10.3787867844429
337.0994315082283 44.24379857280071 0 0 44.24379857280071 54.62258535724361 -10.3787867844429
336.8784607828274 44.36863087132204 0 0 44.36863087132204 54.74741765576493 -10.3787867844429
336.8784607828274 44.36863087132204 0 0 44.36863087132204 54.74741765576493 -10.3787867844429
336.8784607828274 44.36863087132204 0 0 44.36863087132204 54.74741765576493 -10.3787867844429
336.8784607828274 44.36863087132204 0 0 44.36863087132204 54.74741765576493 -10.3787867844429
337.7822501618427 44.34517985408424 0 0 44.34517985408424 54.72396663852714 -10.3787867844429
337.6507032897423 44.40221337863474 0 0 44.40221337863474 54.78100016307764 -10.3787867844429
337.6507032897423 44.40221337863474 0 0 44.40221337863474 54.78100016307764 -10.3787867844429
337.6507032897423 44.40221337863474 0 0 44.40221337863474 54.78100016307764 -10.3787867844429
337.6507032897423 44.40221337863474 0 0 44.40221337863474 54.78100016307764 -10.3787867844429
337.6507032897423 44.40221337863474 0 0 44.40221337863474 54.78100016307764 -10.3787867844429
336.3314650052897 44.31229244068665 0 0 44.31229244068665 54.69107922512954 -10.3787867844429
336.3314650052897 44.31229244068665 0 0 44.31229244068665 54.69107922512954 -10.3787867844429
336.3314650052897 44.31229244068665 0 0 44.31229244068665 54.69107922512954 -10.3787867844429
336.3314650052897 44.31229244068665 0 0 44.31229244068665 54.69107922512954 -10.3787867844429
336.3314650052897 44.31229244068665 0 0 44.31229244068665 54.69107922512954 -10.3787867844429
336.3314650052897 44.31229244068665 0 0 44.31229244068665 54.69107922512954 -10.3787867844429
337.3154203733083 44.19780900837725 0 0 44.19780900837725 54.57659579282015 -10.3787867844429
336.8457460094475 44.17679981400134 0 0 44.17679981400134 54.55558659844424 -10.3787867844429
336.3410853248103 44.03962276183329 0 0 44.03962276183329 54.41840954627619 -10.3787867844429
336.3356002220214 43.96076939958068 0 0 43.96076939958068 54.33955618402359 -10.3787867844429
335.9556525539151 43.98985333466341 0 0 43.98985333466341 54.36864011910631 -10.3787867844429
335.9556525539151 43.98985333466341 0 0 43.98985333466341 54.36864011910631 -10.3787867844429
335.0530009605208 43.90208696400772 0 0 43.90208696400772 54.28087374845062 -10.3787867844429
335.0530009605208 43.90208696400772 0 0 43.90208696400772 54.28087374845062 -10.3787867844429
334.6521425667004 43.74653064605648 0 0 43.74653064605648 54.12531743049938 -10.3787867844429
336.4065265984174 43.48459624836678 0 0 43.48459624836678 53.86338303280968 -10.3787867844429
336.4065265984174 43.48459624836678 0 0 43.48459624836678 53.86338303280968 -10.3787867844429
336.4065265984174 43.48459624836678 0 0 43.48459624836678 53.86338303280968 -10.3787867844429
335.7798336043807 43.66845841907475 0 0 43.66845841907475 54.04724520351765 -10.3787867844429
336.5283459934213 43.71528065648712 0 0 43.71528065648712 54.09406744093002 -10.3787867844429
336.5283459934213 43.71528065648712 0 0 43.71528065648712 54.09406744093002 -10.3787867844429
336.726882989929 43.74651811871819 0 0 43.74651811871819 54.12530490316109 -10.3787867844429
337.0330587588302 43.77733676280603 0 0 43.77733676280603 54.15612354724892 -10.3787867844429
337.0330587588302 43.77733676280603 0 0 43.77733676280603 54.15612354724892 -10.3787867844429
337.0330587588302 43.77733676280603 0 0 43.77733676280603 54.15612354724892 -10.3787867844429
336.0046148115728 43.79773989942942 0 0 43.79773989942942 54.17652668387232 -10.3787867844429
336.0046148115728 43.79773989942942 0 0 43.79773989942942 54.17652668387232 -10.3787867844429
336.0046148115728 43.79773989942942 0 0 43.79773989942942 54.17652668387232 -10.3787867844429
336.0046148115728 43.79773989942942 0 0 43.79773989942942 54.17652668387232 -10.3787867844429
336.0046148115728 43.79773989942942 0 0 43.79773989942942 54.17652668387232 -10.3787867844429
336.5876328404382 43.70932215449244 0 0 43.70932215449244 54.08810893893533 -10.3787867844429
336.5876328404382 43.70932215449244 0 0 43.70932215449244 54.08810893893533 -10.3787867844429
336.69673817622 43.54074784799312 0 0 43.54074784799312 53.91953463243601 -10.3787867844429
335.0560094398228 43.56613849365236 0 0 43.56613849365236 53.94492527809525 -10.3787867844429
335.4693375101532 43.87082200374007 0 0 43.87082200374007 54.24960878818297 -10.3787867844429
335.4693375101532 43.87082200374007 0 0 43.87082200374007 54.24960878818297 -10.3787867844429
335.4693375101532 43.87082200374007 0 0 43.87082200374007 54.24960878818297 -10.3787867844429
335.4693375101532 43.87082200374007 0 0 43.87082200374007 54.24960878818297 -10.3787867844429
335.4693375101532 43.87082200374007 0 0 43.87082200374007 54.24960878818297 -10.3787867844429
335.4693375101532 43.87082200374007 0 0 43.87082200374007 54.24960878818297 -10.3787867844429
335.7304639308719 43.90795286930316 0 0 43.90795286930316 54.28673965374605 -10.3787867844429
335.7304639308719 43.90795286930316 0 0 43.90795286930316 54.28673965374605 -10.3787867844429
336.0834735446126 43.79720449617626 0 0 43.79720449617626 54.17599128061917 -10.3787867844429
336.2128004103523 44.06980124205754 0 0 44.06980124205754 54.44858802650044 -10.3787867844429
336.2128004103523 44.06980124205754 0 0 44.06980124205754 54.44858802650044 -10.3787867844429
335.7500984440674 44.10648048834139 0 0 44.10648048834139 54.48526727278429 -10.3787867844429
335.845941761074 44.07888911341517 0 0 44.07888911341517 54.45767589785807 -10.3787867844429
336.0009832063233 43.98044123842313 0 0 43.98044123842313 54.35922802286602 -10.3787867844429
335.4091524077979 43.89156831007446 0 0 43.89156831007446 54.27035509451736 -10.3787867844429
336.5771392791772 43.90874193151464 0 0 43.90874193151464 54.28752871595754 -10.3787867844429
336.4188189299261 43.83666858912405 0 0 43.83666858912405 54.21545537356695 -10.3787867844429
336.3670299577334 43.54905306389159 0 0 43.54905306389159 53.92783984833449 -10.3787867844429
335.1292153179052 43.64056781080531 0 0 43.64056781080531 54.0193545952482 -10.3787867844429
335.1292153179052 43.64056781080531 0 0 43.64056781080531 54.0193545952482 -10.3787867844429
335.1292153179052 43.64056781080531 0 0 43.64056781080531 54.0193545952482 -10.3787867844429
335.1292153179052 43.64056781080531 0 0 43.64056781080531 54.0193545952482 -10.3787867844429
335.4016665200519 43.40795505727115 0 0 43.40795505727115 53.78674184171405 -10.3787867844429
335.1263314466114 43.39531318572155 0 0 43.39531318572155 53.77409997016444 -10.3787867844429
335.1263314466114 43.39531318572155 0 0 43.39531318572155 53.77409997016444 -10.3787867844429
335.1263314466114 43.39531318572155 0 0 43.39531318572155 53.77409997016444 -10.3787867844429
336.7039968963406 43.09004476883757 0 0 43.09004476883757 53.46883155328047 -10.3787867844429
336.7039968963406 43.09004476883757 0 0 43.09004476883757 53.46883155328047 -10.3787867844429
336.0213922611966 43.27452883788075 0 0 43.27452883788075 53.65331562232365 -10.3787867844429
336.3646631058933 43.11033857158648 0 0 43.11033857158648 53.48912535602938 -10.3787867844429
335.9062600652916 42.97743833430644 0 0 42.97743833430644 53.35622511874934 -10.3787867844429
336.2198109503283 43.17019474072366 0 0 43.17019474072366 53.54898152516655 -10.3787867844429
336.1016035434994 43.0026416866302 0 0 43.0026416866302 53.38142847107309 -10.3787867844429
336.1016035434994 43.0026416866302 0 0 43.0026416866302 53.38142847107309 -10.3787867844429
336.4804896605829 43.15311614957373 0 0 43.15311614957373 53.53190293401664 -10.3787867844429
336.4804896605829 43.15311614957373 0 0 43.15311614957373 53.53190293401664 -10.3787867844429
336.4804896605829 43.15311614957373 0 0 43.15311614957373 53.53190293401664 -10.3787867844429
336.4804896605829 43.15311614957373 0 0 43.15311614957373 53.53190293401664 -10.3787867844429
336.1967005154595 43.47358642122606 0 0 43.47358642122606 53.85237320566895 -10.3787867844429
336.4388104611527 43.89627479405212 0 0 43.89627479405212 54.27506157849502 -10.3787867844429
336.8088341519902 44.08821516059507 0 0 44.08821516059507 54.46700194503797 -10.3787867844429
336.5367589718535 44.25916964441502 0 0 44.25916964441502 54.63795642885793 -10.3787867844429
336.5367589718535 44.25916964441502 0 0 44.25916964441502 54.63795642885793 -10.3787867844429
336.5367589718535 44.25916964441502 0 0 44.25916964441502 54.63795642885793 -10.3787867844429
335.8685053590232 44.38184404768936 0 0 44.38184404768936 54.76063083213226 -10.3787867844429
331.893613214851 44.38876692153927 0 0 44.38876692153927 54.76755370598217 -10.3787867844429
335.1914830812303 44.40569552804696 0 0 44.40569552804696 54.78448231248986 -10.3787867844429
335.1914830812303 44.40569552804696 0 0 44.40569552804696 54.78448231248986 -10.3787867844429
336.1804369424865 44.28423766718736 0 0 44.28423766718736 54.66302445163025 -10.3787867844429
336.1804369424865 44.28423766718736 0 0 44.28423766718736 54.66302445163025 -10.3787867844429
336.2034499864498 44.38150386101023 0 0 44.38150386101023 54.76029064545313 -10.3787867844429
336.2034499864498 44.38150386101023 0 0 44.38150386101023 54.76029064545313 -10.3787867844429
333.9312383694078 44.36192920122993 0 0 44.36192920122993 54.74071598567282 -10.3787867844429
333.9312383694078 44.36192920122993 0 0 44.36192920122993 54.74071598567282 -10.3787867844429
333.9312383694078 44.36192920122993 0 0 44.36192920122993 54.74071598567282 -10.3787867844429
333.1528317831001 44.25557462690719 0 0 44.25557462690719 54.63436141135008 -10.3787867844429
335.5836485629846 44.23763762690302 0 0 44.23763762690302 54.61642441134592 -10.3787867844429
335.5836485629846 44.23763762690302 0 0 44.23763762690302 54.61642441134592 -10.3787867844429
335.8091993536531 44.25398653860401 0 0 44.25398653860401 54.63277332304691 -10.3787867844429
337.2893270805363 44.33544836772026 0 0 44.33544836772026 54.71423515216316 -10.3787867844429
337.2893270805363 44.33544836772026 0 0 44.33544836772026 54.71423515216316 -10.3787867844429
337.2893270805363 44.33544836772026 0 0 44.33544836772026 54.71423515216316 -10.3787867844429
336.3289873495122 44.26413542861584 0 0 44.26413542861584 54.64292221305874 -10.3787867844429
336.0639500749032 44.33317280925171 0 0 44.33317280925171 54.71195959369461 -10.3787867844429
336.062216345838 44.29196433909026 0 0 44.29196433909026 54.67075112353315 -10.3787867844429
336.062216345838 44.29196433909026 0 0 44.29196433909026 54.67075112353315 -10.3787867844429
336.7823211011772 44.15604257149442 0 0 44.15604257149442 54.53482935593733 -10.3787867844429
336.5305316515913 44.26298204626559 0 0 44.26298204626559 54.64176883070849 -10.3787867844429
336.5305316515913 44.26298204626559 0 0 44.26298204626559 54.64176883070849 -10.3787867844429
336.8257078195319 44.09980085631271 0 0 44.09980085631271 54.47858764075561 -10.3787867844429
336.8257078195319 44.09980085631271 0 0 44.09980085631271 54.47858764075561 -10.3787867844429
336.14765570903 44.19870505745142 0 0 44.19870505745142 54.57749184189431 -10.3787867844429
336.3211134881536 44.22929062260101 0 0 44.22929062260101 54.60807740704391 -10.3787867844429
336.3211134881536 44.22929062260101 0 0 44.22929062260101 54.60807740704391 -10.3787867844429
336.3211134881536 44.22929062260101 0 0 44.22929062260101 54.60807740704391 -10.3787867844429
336.3211134881536 44.22929062260101 0 0 44.22929062260101 54.60807740704391 -10.3787867844429
336.0286964225236 44.20902838089708 0 0 44.20902838089708 54.58781516533998 -10.3787867844429
336.0286964225236 44.20902838089708 0 0 44.20902838089708 54.58781516533998 -10.3787867844429
336.0286964225236 44.20902838089708 0 0 44.20902838089708 54.58781516533998 -10.3787867844429
336.0286964225236 44.20902838089708 0 0 44.20902838089708 54.58781516533998 -10.3787867844429
334.6286418485001 44.24665645453986 0 0 44.24665645453986 54.62544323898276 -10.3787867844429
334.6286418485001 44.24665645453986 0 0 44.24665645453986 54.62544323898276 -10.3787867844429
337.6269381892552 44.23095386324941 0 0 44.23095386324941 54.60974064769231 -10.3787867844429
337.6269381892552 44.23095386324941 0 0 44.23095386324941 54.60974064769231 -10.3787867844429
337.9811341843118 44.34473192227608 0 0 44.34473192227608 54.72351870671898 -10.3787867844429
335.406888024055 44.35131092870495 0 0 44.35131092870495 54.73009771314785 -10.3787867844429
335.5851280594882 44.38875791871722 0 0 44.38875791871722 54.76754470316012 -10.3787867844429
335.5851280594882 44.38875791871722 0 0 44.38875791871722 54.76754470316012 -10.3787867844429
335.5851280594882 44.38875791871722 0 0 44.38875791871722 54.76754470316012 -10.3787867844429
335.5851280594882 44.38875791871722 0 0 44.38875791871722 54.76754470316012 -10.3787867844429
337.7067568446229 44.29027214983341 0 0 44.29027214983341 54.66905893427631 -10.3787867844429
337.7067568446229 44.29027214983341 0 0 44.29027214983341 54.66905893427631 -10.3787867844429
337.7067568446229 44.29027214983341 0 0 44.29027214983341 54.66905893427631 -10.3787867844429
337.7067568446229 44.29027214983341 0 0 44.29027214983341 54.66905893427631 -10.3787867844429
337.7067568446229 44.29027214983341 0 0 44.29027214983341 54.66905893427631 -10.3787867844429
337.6847454930545 44.30294964498502 0 0 44.30294964498502 54.68173642942792 -10.3787867844429
338.0267183392481 44.37939438798649 0 0 44.37939438798649 54.7581811724294 -10.3787867844429
338.0267183392481 44.37939438798649 0 0 44.37939438798649 54.7581811724294 -10.3787867844429
338.0267183392481 44.37939438798649 0 0 44.37939438798649 54.7581811724294 -10.3787867844429
337.5702700934691 44.26703103385759 0 0 44.26703103385759 54.64581781830049 -10.3787867844429
337.5702700934691 44.26703103385759 0 0 44.26703103385759 54.64581781830049 -10.3787867844429
337.5702700934691 44.26703103385759 0 0 44.26703103385759 54.64581781830049 -10.3787867844429
337.5702700934691 44.26703103385759 0 0 44.26703103385759 54.64581781830049 -10.3787867844429
337.5083831344654 44.15538004250432 0 0 44.15538004250432 54.53416682694722 -10.3787867844429
337.5083831344654 44.15538004250432 0 0 44.15538004250432 54.53416682694722 -10.3787867844429
337.5083831344654 44.15538004250432 0 0 44.15538004250432 54.53416682694722 -10.3787867844429
337.5083831344654 44.15538004250432 0 0 44.15538004250432 54.53416682694722 -10.3787867844429
337.5083831344654 44.15538004250432 0 0 44.15538004250432 54.53416682694722 -10.3787867844429
337.5083831344654 44.15538004250432 0 0 44.15538004250432 54.53416682694722 -10.3787867844429
337.5083831344654 44.15538004250432 0 0 44.15538004250432 54.53416682694722 -10.3787867844429
337.5083831344654 44.15538004250432 0 0 44.15538004250432 54.53416682694722 -10.3787867844429
338.080494829602 44.07770684560739 0 0 44.07770684560739 54.4564936300503 -10.3787867844429
338.080494829602 44.07770684560739 0 0 44.07770684560739 54.4564936300503 -10.3787867844429
338.080494829602 44.07770684560739 0 0 44.07770684560739 54.4564936300503 -10.3787867844429
338.080494829602 44.07770684560739 0 0 44.07770684560739 54.4564936300503 -10.3787867844429
338.3283814265026 44.10049274695227 0 0 44.10049274695227 54.47927953139517 -10.3787867844429
338.8831618515974 43.94032155435414 0 0 43.94032155435414 54.31910833879704 -10.3787867844429
338.8831618515974 43.94032155435414 0 0 43.94032155435414 54.31910833879704 -10.3787867844429
338.8831618515974 43.94032155435414 0 0 43.94032155435414 54.31910833879704 -10.3787867844429
338.8831618515974 43.94032155435414 0 0 43.94032155435414 54.31910833879704 -10.3787867844429
338.8831618515974 43.94032155435414 0 0 43.94032155435414 54.31910833879704 -10.3787867844429
338.1163654340007 43.94598455436522 0 0 43.94598455436522 54.32477133880812 -10.3787867844429
338.1163654340007 43.94598455436522 0 0 43.94598455436522 54.32477133880812 -10.3787867844429
338.1163654340007 43.94598455436522 0 0 43.94598455436522 54.32477133880812 -10.3787867844429
335.599026711686 43.86205298513897 0 0 43.86205298513897 54.24083976958187 -10.3787867844429
334.1446367855818 43.79875547145099 0 0 43.79875547145099 54.17754225589388 -10.3787867844429
334.1446367855818 43.79875547145099 0 0 43.79875547145099 54.17754225589388 -10.3787867844429
334.1446367855818 43.79875547145099 0 0 43.79875547145099 54.17754225589388 -10.3787867844429
334.1888515623844 43.76279444257217 0 0 43.76279444257217 54.14158122701507 -10.3787867844429
334.1888515623844 43.76279444257217 0 0 43.76279444257217 54.14158122701507 -10.3787867844429
338.6585769295634 43.80993598585336 0 0 43.80993598585336 54.18872277029626 -10.3787867844429
337.5017092255047 43.84210119953724 0 0 43.84210119953724 54.22088798398013 -10.3787867844429
338.7806881508666 44.13391822425369 0 0 44.13391822425369 54.51270500869659 -10.3787867844429
338.7233383043236 44.0673821691438 0 0 44.0673821691438 54.44616895358669 -10.3787867844429
338.9186401741723 44.12784255585782 0 0 44.12784255585782 54.50662934030072 -10.3787867844429
338.9186401741723 44.12784255585782 0 0 44.12784255585782 54.50662934030072 -10.3787867844429
339.8900025544716 43.99045159187659 0 0 43.99045159187659 54.36923837631949 -10.3787867844429
339.8900025544716 43.99045159187659 0 0 43.99045159187659 54.36923837631949 -10.3787867844429
339.8900025544716 43.99045159187659 0 0 43.99045159187659 54.36923837631949 -10.3787867844429
339.8900025544716 43.99045159187659 0 0 43.99045159187659 54.36923837631949 -10.3787867844429
339.8900025544716 43.99045159187659 0 0 43.99045159187659 54.36923837631949 -10.3787867844429
339.8900025544716 43.99045159187659 0 0 43.99045159187659 54.36923837631949 -10.3787867844429
339.3754665212119 44.09459135653694 0 0 44.09459135653694 54.47337814097983 -10.3787867844429
339.3754665212119 44.09459135653694 0 0 44.09459135653694 54.47337814097983 -10.3787867844429
339.8040618946067 44.0206394824031 0 0 44.0206394824031 54.399426266846 -10.3787867844429
339.8040618946067 44.0206394824031 0 0 44.0206394824031 54.399426266846 -10.3787867844429
339.8040618946067 44.0206394824031 0 0 44.0206394824031 54.399426266846 -10.3787867844429
339.9052930096257 43.93689448828692 0 0 43.93689448828692 54.31568127272983 -10.3787867844429
336.3428245912288 44.05696603999991 0 0 44.05696603999991 54.43575282444281 -10.3787867844429
336.5637120093919 44.25745952330642 0 0 44.25745952330642 54.63624630774932 -10.3787867844429
336.5637120093919 44.25745952330642 0 0 44.25745952330642 54.63624630774932 -10.3787867844429
336.5637120093919 44.25745952330642 0 0 44.25745952330642 54.63624630774932 -10.3787867844429
336.7276532393308 44.06269233777184 0 0 44.06269233777184 54.44147912221473 -10.3787867844429
336.7276532393308 44.06269233777184 0 0 44.06269233777184 54.44147912221473 -10.3787867844429
338.7993514877233 44.06143658352204 0 0 44.06143658352204 54.44022336796494 -10.3787867844429
338.7993514877233 44.06143658352204 0 0 44.06143658352204 54.44022336796494 -10.3787867844429
338.7993514877233 44.06143658352204 0 0 44.06143658352204 54.44022336796494 -10.3787867844429
338.7993514877233 44.06143658352204 0 0 44.06143658352204 54.44022336796494 -10.3787867844429
338.7126529663977 44.05733627416801 0 0 44.05733627416801 54.4361230586109 -10.3787867844429
338.7126529663977 44.05733627416801 0 0 44.05733627416801 54.4361230586109 -10.3787867844429
337.9621655972344 44.21725800529757 0 0 44.21725800529757 54.59604478974046 -10.3787867844429
338.809985904035 44.22562574723923 0 0 44.22562574723923 54.60441253168213 -10.3787867844429
338.809985904035 44.22562574723923 0 0 44.22562574723923 54.60441253168213 -10.3787867844429
338.9036196069706 44.31049589117427 0 0 44.31049589117427 54.68928267561716 -10.3787867844429
337.8998637826743 44.32376463914657 0 0 44.32376463914657 54.70255142358948 -10.3787867844429
338.3429084647958 44.2853743481239 0 0 44.2853743481239 54.6641611325668 -10.3787867844429
338.3429084647958 44.2853743481239 0 0 44.2853743481239 54.6641611325668 -10.3787867844429
338.7577933430515 44.25599713350978 0 0 44.25599713350978 54.63478391795267 -10.3787867844429
338.680048125107 44.40712813852663 0 0 44.40712813852663 54.78591492296953 -10.3787867844429
338.680048125107 44.40712813852663 0 0 44.40712813852663 54.78591492296953 -10.3787867844429
338.680048125107 44.40712813852663 0 0 44.40712813852663 54.78591492296953 -10.3787867844429
338.8028928930542 44.36244812951664 0 0 44.36244812951664 54.74123491395953 -10.3787867844429
338.8028928930542 44.36244812951664 0 0 44.36244812951664 54.74123491395953 -10.3787867844429
338.8028928930542 44.36244812951664 0 0 44.36244812951664 54.74123491395953 -10.3787867844429
338.8028928930542 44.36244812951664 0 0 44.36244812951664 54.74123491395953 -10.3787867844429
338.8028928930542 44.36244812951664 0 0 44.36244812951664 54.74123491395953 -10.3787867844429
338.8028928930542 44.36244812951664 0 0 44.36244812951664 54.74123491395953 -10.3787867844429
338.8028928930542 44.36244812951664 0 0 44.36244812951664 54.74123491395953 -10.3787867844429
338.8028928930542 44.36244812951664 0 0 44.36244812951664 54.74123491395953 -10.3787867844429
338.8028928930542 44.36244812951664 0 0 44.36244812951664 54.74123491395953 -10.3787867844429
338.4159477838318 44.35965710507566 0 0 44.35965710507566 54.73844388951856 -10.3787867844429
338.4159477838318 44.35965710507566 0 0 44.35965710507566 54.73844388951856 -10.3787867844429
337.0337760592969 44.13760534338974 0 0 44.13760534338974 54.51639212783264 -10.3787867844429
337.0337760592969 44.13760534338974 0 0 44.13760534338974 54.51639212783264 -10.3787867844429
337.734417628223 44.28527457360283 0 0 44.28527457360283 54.66406135804573 -10.3787867844429
337.0149049140833 44.38178739507369 0 0 44.38178739507369 54.76057417951658 -10.3787867844429
337.0149049140833 44.38178739507369 0 0 44.38178739507369 54.76057417951658 -10.3787867844429
337.0149049140833 44.38178739507369 0 0 44.38178739507369 54.76057417951658 -10.3787867844429
337.0149049140833 44.38178739507369 0 0 44.38178739507369 54.76057417951658 -10.3787867844429
337.0149049140833 44.38178739507369 0 0 44.38178739507369 54.76057417951658 -10.3787867844429
337.0149049140833 44.38178739507369 0 0 44.38178739507369 54.76057417951658 -10.3787867844429
337.0149049140833 44.38178739507369 0 0 44.38178739507369 54.76057417951658 -10.3787867844429
337.0149049140833 44.38178739507369 0 0 44.38178739507369 54.76057417951658 -10.3787867844429
337.0149049140833 44.38178739507369 0 0 44.38178739507369 54.76057417951658 -10.3787867844429
337.0149049140833 44.38178739507369 0 0 44.38178739507369 54.76057417951658 -10.3787867844429
337.0149049140833 44.38178739507369 0 0 44.38178739507369 54.76057417951658 -10.3787867844429
337.0149049140833 44.38178739507369 0 0 44.38178739507369 54.76057417951658 -10.3787867844429
338.2111847517315 44.2682821165285 0 0 44.2682821165285 54.6470689009714 -10.3787867844429
338.2111847517315 44.2682821165285 0 0 44.2682821165285 54.6470689009714 -10.3787867844429
339.678868480908 44.02408865784415 0 0 44.02408865784415 54.40287544228704 -10.3787867844429
339.5834182954281 43.93375692630153 0 0 43.93375692630153 54.31254371074442 -10.3787867844429
339.5834182954281 43.93375692630153 0 0 43.93375692630153 54.31254371074442 -10.3787867844429
339.5834182954281 43.93375692630153 0 0 43.93375692630153 54.31254371074442 -10.3787867844429
339.5834182954281 43.93375692630153 0 0 43.93375692630153 54.31254371074442 -10.3787867844429
338.044064168448 44.09020451819376 0 0 44.09020451819376 54.46899130263665 -10.3787867844429
338.9204786819349 43.98574568609131 0 0 43.98574568609131 54.3645324705342 -10.3787867844429
338.9204786819349 43.98574568609131 0 0 43.98574568609131 54.3645324705342 -10.3787867844429
338.9204786819349 43.98574568609131 0 0 43.98574568609131 54.3645324705342 -10.3787867844429
338.9204786819349 43.98574568609131 0 0 43.98574568609131 54.3645324705342 -10.3787867844429
339.7838031972842 44.0527738272757 0 0 44.0527738272757 54.4315606117186 -10.3787867844429
339.7838031972842 44.0527738272757 0 0 44.0527738272757 54.4315606117186 -10.3787867844429
339.7838031972842 44.0527738272757 0 0 44.0527738272757 54.4315606117186 -10.3787867844429
339.7838031972842 44.0527738272757 0 0 44.0527738272757 54.4315606117186 -10.3787867844429
339.7838031972842 44.0527738272757 0 0 44.0527738272757 54.4315606117186 -10.3787867844429
339.7838031972842 44.0527738272757 0 0 44.0527738272757 54.4315606117186 -10.3787867844429
339.7838031972842 44.0527738272757 0 0 44.0527738272757 54.4315606117186 -10.3787867844429
339.7838031972842 44.0527738272757 0 0 44.0527738272757 54.4315606117186 -10.3787867844429
339.7838031972842 44.0527738272757 0 0 44.0527738272757 54.4315606117186 -10.3787867844429
339.7838031972842 44.0527738272757 0 0 44.0527738272757 54.4315606117186 -10.3787867844429
339.7838031972842 44.0527738272757 0 0 44.0527738272757 54.4315606117186 -10.3787867844429
339.4686402031195 44.22810757253271 0 0 44.22810757253271 54.60689435697561 -10.3787867844429
339.4686402031195 44.22810757253271 0 0 44.22810757253271 54.60689435697561 -10.3787867844429
339.4686402031195 44.22810757253271 0 0 44.22810757253271 54.60689435697561 -10.3787867844429
339.8553972925199 44.13576999258983 0 0 44.13576999258983 54.51455677703273 -10.3787867844429
339.6600473322408 44.15917006577013 0 0 44.15917006577013 54.53795685021303 -10.3787867844429
339.6600473322408 44.15917006577013 0 0 44.15917006577013 54.53795685021303 -10.3787867844429
339.6600473322408 44.15917006577013 0 0 44.15917006577013 54.53795685021303 -10.3787867844429
339.6600473322408 44.15917006577013 0 0 44.15917006577013 54.53795685021303 -10.3787867844429
339.6600473322408 44.15917006577013 0 0 44.15917006577013 54.53795685021303 -10.3787867844429
339.6600473322408 44.15917006577013 0 0 44.15917006577013 54.53795685021303 -10.3787867844429
338.8316555767137 44.25549999740886 0 0 44.25549999740886 54.63428678185176 -10.3787867844429
337.0173928392462 44.25777563632677 0 0 44.25777563632677 54.63656242076966 -10.3787867844429
339.4803351153752 44.1148723421535 0 0 44.1148723421535 54.4936591265964 -10.3787867844429
339.2689043074068 43.99417395496232 0 0 43.99417395496232 54.37296073940522 -10.3787867844429
339.2270868829028 43.9110975225643 0 0 43.9110975225643 54.28988430700721 -10.3787867844429
339.2270868829028 43.9110975225643 0 0 43.9110975225643 54.28988430700721 -10.3787867844429
339.2270868829028 43.9110975225643 0 0 43.9110975225643 54.28988430700721 -10.3787867844429
339.2270868829028 43.9110975225643 0 0 43.9110975225643 54.28988430700721 -10.3787867844429
339.2270868829028 43.9110975225643 0 0 43.9110975225643 54.28988430700721 -10.3787867844429
339.2270868829028 43.9110975225643 0 0 43.9110975225643 54.28988430700721 -10.3787867844429
339.2270868829028 43.9110975225643 0 0 43.9110975225643 54.28988430700721 -10.3787867844429
338.2846765327465 43.94212325816547 0 0 43.94212325816547 54.32091004260836 -10.3787867844429
337.9556567502173 43.89866649108791 0 0 43.89866649108791 54.27745327553081 -10.3787867844429
337.9556567502173 43.89866649108791 0 0 43.89866649108791 54.27745327553081 -10.3787867844429
339.1634441548071 43.96614862974087 0 0 43.96614862974087 54.34493541418377 -10.3787867844429
339.1634441548071 43.96614862974087 0 0 43.96614862974087 54.34493541418377 -10.3787867844429
339.1634441548071 43.96614862974087 0 0 43.96614862974087 54.34493541418377 -10.3787867844429
339.1634441548071 43.96614862974087 0 0 43.96614862974087 54.34493541418377 -10.3787867844429
339.1634441548071 43.96614862974087 0 0 43.96614862974087 54.34493541418377 -10.3787867844429
339.1634441548071 43.96614862974087 0 0 43.96614862974087 54.34493541418377 -10.3787867844429
339.1634441548071 43.96614862974087 0 0 43.96614862974087 54.34493541418377 -10.3787867844429
339.1634441548071 43.96614862974087 0 0 43.96614862974087 54.34493541418377 -10.3787867844429
339.1634441548071 43.96614862974087 0 0 43.96614862974087 54.34493541418377 -10.3787867844429
338.2394254165528 44.18812354326903 0 0 44.18812354326903 54.56691032771193 -10.3787867844429
338.2394254165528 44.18812354326903 0 0 44.18812354326903 54.56691032771193 -10.3787867844429
337.9522859390451 44.30831950668491 0 0 44.30831950668491 54.68710629112781 -10.3787867844429
339.0572908999553 44.21574243446236 0 0 44.21574243446236 54.59452921890526 -10.3787867844429
339.0572908999553 44.21574243446236 0 0 44.21574243446236 54.59452921890526 -10.3787867844429
339.0572908999553 44.21574243446236 0 0 44.21574243446236 54.59452921890526 -10.3787867844429
339.0572908999553 44.21574243446236 0 0 44.21574243446236 54.59452921890526 -10.3787867844429
339.0572908999553 44.21574243446236 0 0 44.21574243446236 54.59452921890526 -10.3787867844429
338.9393742846905 44.21545647931572 0 0 44.21545647931572 54.59424326375862 -10.3787867844429
338.9393742846905 44.21545647931572 0 0 44.21545647931572 54.59424326375862 -10.3787867844429
338.9393742846905 44.21545647931572 0 0 44.21545647931572 54.59424326375862 -10.3787867844429
338.2783634193172 44.25743806196684 0 0 44.25743806196684 54.63622484640973 -10.3787867844429
338.2783634193172 44.25743806196684 0 0 44.25743806196684 54.63622484640973 -10.3787867844429
338.2783634193172 44.25743806196684 0 0 44.25743806196684 54.63622484640973 -10.3787867844429
338.2783634193172 44.25743806196684 0 0 44.25743806196684 54.63622484640973 -10.3787867844429
338.2783634193172 44.25743806196684 0 0 44.25743806196684 54.63622484640973 -10.3787867844429
339.5533219971198 43.81498319553064 0 0 43.81498319553064 54.19376997997354 -10.3787867844429
338.4619058778309 43.71510556439583 0 0 43.71510556439583 54.09389234883873 -10.3787867844429
338.3631895165202 44.25042461107562 0 0 44.25042461107562 54.62921139551852 -10.3787867844429
338.3631895165202 44.25042461107562 0 0 44.25042461107562 54.62921139551852 -10.3787867844429
338.3631895165202 44.25042461107562 0 0 44.25042461107562 54.62921139551852 -10.3787867844429
338.3631895165202 44.25042461107562 0 0 44.25042461107562 54.62921139551852 -10.3787867844429
339.7115786980934 43.92326840452111 0 0 43.92326840452111 54.30205518896401 -10.3787867844429
340.0680028992559 43.77435139229378 0 0 43.77435139229378 54.15313817673668 -10.3787867844429
339.644305690584 43.91625063242113 0 0 43.91625063242113 54.29503741686402 -10.3787867844429
339.5243649179037 43.7418972385485 0 0 43.7418972385485 54.1206840229914 -10.3787867844429
339.5243649179037 43.7418972385485 0 0 43.7418972385485 54.1206840229914 -10.3787867844429
339.5243649179037 43.7418972385485 0 0 43.7418972385485 54.1206840229914 -10.3787867844429
339.5243649179037 43.7418972385485 0 0 43.7418972385485 54.1206840229914 -10.3787867844429
339.5741547016663 43.74182467525985 0 0 43.74182467525985 54.12061145970275 -10.3787867844429
339.5741547016663 43.74182467525985 0 0 43.74182467525985 54.12061145970275 -10.3787867844429
339.5741547016663 43.74182467525985 0 0 43.74182467525985 54.12061145970275 -10.3787867844429
