totalLogLikelihoodDensity totalLogPriorDensity H1NoiseLogPriorDensity L1NoiseLogPriorDensity gwLogPriorDensity gwExtrinsicLogPriorDensityTracker gwCbcLogPriorDensityTracker
318.0240383008922 44.09521409535402 0 0 44.09521409535402 54.47400087979692 -10.3787867844429
318.0240383008922 44.09521409535402 0 0 44.09521409535402 54.47400087979692 -10.3787867844429
318.0240383008922 44.09521409535402 0 0 44.09521409535402 54.47400087979692 -10.3787867844429
318.0240383008922 44.09521409535402 0 0 44.09521409535402 54.47400087979692 -10.3787867844429
318.0240383008922 44.09521409535402 0 0 44.09521409535402 54.47400087979692 -10.3787867844429
318.0240383008922 44.09521409535402 0 0 44.09521409535402 54.47400087979692 -10.3787867844429
318.0240383008922 44.09521409535402 0 0 44.09521409535402 54.47400087979692 -10.3787867844429
318.0240383008922 44.09521409535402 0 0 44.09521409535402 54.47400087979692 -10.3787867844429
318.0240383008922 44.09521409535402 0 0 44.09521409535402 54.47400087979692 -10.3787867844429
318.0240383008922 44.09521409535402 0 0 44.09521409535402 54.47400087979692 -10.3787867844429
318.0240383008922 44.09521409535402 0 0 44.09521409535402 54.47400087979692 -10.3787867844429
318.0240383008922 44.09521409535402 0 0 44.09521409535402 54.47400087979692 -10.3787867844429
318.0240383008922 44.09521409535402 0 0 44.09521409535402 54.47400087979692 -10.3787867844429
318.0240383008922 44.09521409535402 0 0 44.09521409535402 54.47400087979692 -10.3787867844429
333.2489895562895 43.88979986743416 0 0 43.88979986743416 54.26858665187706 -10.3787867844429
333.2489895562895 43.88979986743416 0 0 43.88979986743416 54.26858665187706 -10.3787867844429
333.2489895562895 43.88979986743416 0 0 43.88979986743416 54.26858665187706 -10.3787867844429
333.2489895562895 43.88979986743416 0 0 43.88979986743416 54.26858665187706 -10.3787867844429
333.2489895562895 43.88979986743416 0 0 43.88979986743416 54.26858665187706 -10.3787867844429
333.2489895562895 43.88979986743416 0 0 43.88979986743416 54.26858665187706 -10.3787867844429
333.2489895562895 43.88979986743416 0 0 43.88979986743416 54.26858665187706 -10.3787867844429
333.2489895562895 43.88979986743416 0 0 43.88979986743416 54.26858665187706 -10.3787867844429
333.2489895562895 43.88979986743416 0 0 43.88979986743416 54.26858665187706 -10.3787867844429
333.2489895562895 43.88979986743416 0 0 43.88979986743416 54.26858665187706 -10.3787867844429
333.2489895562895 43.88979986743416 0 0 43.88979986743416 54.26858665187706 -10.3787867844429
333.2489895562895 43.88979986743416 0 0 43.88979986743416 54.26858665187706 -10.3787867844429
333.2489895562895 43.88979986743416 0 0 43.88979986743416 54.26858665187706 -10.3787867844429
333.2489895562895 43.88979986743416 0 0 43.88979986743416 54.26858665187706 -10.3787867844429
333.2489895562895 43.88979986743416 0 0 43.88979986743416 54.26858665187706 -10.3787867844429
333.2489895562895 43.88979986743416 0 0 43.88979986743416 54.26858665187706 -10.3787867844429
333.2489895562895 43.88979986743416 0 0 43.88979986743416 54.26858665187706 -10.3787867844429
333.2489895562895 43.88979986743416 0 0 43.88979986743416 54.26858665187706 -10.3787867844429
333.2489895562895 43.88979986743416 0 0 43.88979986743416 54.26858665187706 -10.3787867844429
333.2489895562895 43.88979986743416 0 0 43.88979986743416 54.26858665187706 -10.3787867844429
333.2489895562895 43.88979986743416 0 0 43.88979986743416 54.26858665187706 -10.3787867844429
333.2489895562895 43.88979986743416 0 0 43.88979986743416 54.26858665187706 -10.3787867844429
333.2489895562895 43.88979986743416 0 0 43.88979986743416 54.26858665187706 -10.3787867844429
333.2489895562895 43.88979986743416 0 0 43.88979986743416 54.26858665187706 -10.3787867844429
333.2489895562895 43.88979986743416 0 0 43.88979986743416 54.26858665187706 -10.3787867844429
333.2489895562895 43.88979986743416 0 0 43.88979986743416 54.26858665187706 -10.3787867844429
333.2489895562895 43.88979986743416 0 0 43.88979986743416 54.26858665187706 -10.3787867844429
333.2489895562895 43.88979986743416 0 0 43.88979986743416 54.26858665187706 -10.3787867844429
333.2489895562895 43.88979986743416 0 0 43.88979986743416 54.26858665187706 -10.3787867844429
333.2489895562895 43.88979986743416 0 0 43.88979986743416 54.26858665187706 -10.3787867844429
333.2489895562895 43.88979986743416 0 0 43.88979986743416 54.26858665187706 -10.3787867844429
333.2489895562895 43.88979986743416 0 0 43.88979986743416 54.26858665187706 -10.3787867844429
333.2489895562895 43.88979986743416 0 0 43.88979986743416 54.26858665187706 -10.3787867844429
333.2489895562895 43.88979986743416 0 0 43.88979986743416 54.26858665187706 -10.3787867844429
333.2489895562895 43.88979986743416 0 0 43.88979986743416 54.26858665187706 -10.3787867844429
333.2489895562895 43.88979986743416 0 0 43.88979986743416 54.26858665187706 -10.3787867844429
333.2489895562895 43.88979986743416 0 0 43.88979986743416 54.26858665187706 -10.3787867844429
333.2489895562895 43.88979986743416 0 0 43.88979986743416 54.26858665187706 -10.3787867844429
333.2489895562895 43.88979986743416 0 0 43.88979986743416 54.26858665187706 -10.3787867844429
333.2489895562895 43.88979986743416 0 0 43.88979986743416 54.26858665187706 -10.3787867844429
333.2489895562895 43.88979986743416 0 0 43.88979986743416 54.26858665187706 -10.3787867844429
333.2489895562895 43.88979986743416 0 0 43.88979986743416 54.26858665187706 -10.3787867844429
333.2489895562895 43.88979986743416 0 0 43.88979986743416 54.26858665187706 -10.3787867844429
333.2489895562895 43.88979986743416 0 0 43.88979986743416 54.26858665187706 -10.3787867844429
333.2489895562895 43.88979986743416 0 0 43.88979986743416 54.26858665187706 -10.3787867844429
333.2489895562895 43.88979986743416 0 0 43.88979986743416 54.26858665187706 -10.3787867844429
333.2489895562895 43.88979986743416 0 0 43.88979986743416 54.26858665187706 -10.3787867844429
333.2489895562895 43.88979986743416 0 0 43.88979986743416 54.26858665187706 -10.3787867844429
333.2489895562895 43.88979986743416 0 0 43.88979986743416 54.26858665187706 -10.3787867844429
333.2489895562895 43.88979986743416 0 0 43.88979986743416 54.26858665187706 -10.3787867844429
332.5198101706119 44.14362611700174 0 0 44.14362611700174 54.52241290144465 -10.3787867844429
332.5198101706119 44.14362611700174 0 0 44.14362611700174 54.52241290144465 -10.3787867844429
332.5198101706119 44.14362611700174 0 0 44.14362611700174 54.52241290144465 -10.3787867844429
332.5198101706119 44.14362611700174 0 0 44.14362611700174 54.52241290144465 -10.3787867844429
332.5198101706119 44.14362611700174 0 0 44.14362611700174 54.52241290144465 -10.3787867844429
332.5198101706119 44.14362611700174 0 0 44.14362611700174 54.52241290144465 -10.3787867844429
332.5198101706119 44.14362611700174 0 0 44.14362611700174 54.52241290144465 -10.3787867844429
332.5198101706119 44.14362611700174 0 0 44.14362611700174 54.52241290144465 -10.3787867844429
332.5198101706119 44.14362611700174 0 0 44.14362611700174 54.52241290144465 -10.3787867844429
332.5198101706119 44.14362611700174 0 0 44.14362611700174 54.52241290144465 -10.3787867844429
332.5198101706119 44.14362611700174 0 0 44.14362611700174 54.52241290144465 -10.3787867844429
332.5198101706119 44.14362611700174 0 0 44.14362611700174 54.52241290144465 -10.3787867844429
332.5198101706119 44.14362611700174 0 0 44.14362611700174 54.52241290144465 -10.3787867844429
332.5198101706119 44.14362611700174 0 0 44.14362611700174 54.52241290144465 -10.3787867844429
332.5198101706119 44.14362611700174 0 0 44.14362611700174 54.52241290144465 -10.3787867844429
332.117823861896 44.13957249478067 0 0 44.13957249478067 54.51835927922357 -10.3787867844429
332.117823861896 44.13957249478067 0 0 44.13957249478067 54.51835927922357 -10.3787867844429
332.117823861896 44.13957249478067 0 0 44.13957249478067 54.51835927922357 -10.3787867844429
332.117823861896 44.13957249478067 0 0 44.13957249478067 54.51835927922357 -10.3787867844429
332.117823861896 44.13957249478067 0 0 44.13957249478067 54.51835927922357 -10.3787867844429
332.117823861896 44.13957249478067 0 0 44.13957249478067 54.51835927922357 -10.3787867844429
333.8843720175597 44.01697659268869 0 0 44.01697659268869 54.39576337713159 -10.3787867844429
333.8123856309438 43.86588265049262 0 0 43.86588265049262 54.24466943493552 -10.3787867844429
333.8123856309438 43.86588265049262 0 0 43.86588265049262 54.24466943493552 -10.3787867844429
333.8123856309438 43.86588265049262 0 0 43.86588265049262 54.24466943493552 -10.3787867844429
333.8123856309438 43.86588265049262 0 0 43.86588265049262 54.24466943493552 -10.3787867844429
333.8123856309438 43.86588265049262 0 0 43.86588265049262 54.24466943493552 -10.3787867844429
333.8123856309438 43.86588265049262 0 0 43.86588265049262 54.24466943493552 -10.3787867844429
333.8123856309438 43.86588265049262 0 0 43.86588265049262 54.24466943493552 -10.3787867844429
333.8123856309438 43.86588265049262 0 0 43.86588265049262 54.24466943493552 -10.3787867844429
333.8123856309438 43.86588265049262 0 0 43.86588265049262 54.24466943493552 -10.3787867844429
333.8123856309438 43.86588265049262 0 0 43.86588265049262 54.24466943493552 -10.3787867844429
333.8123856309438 43.86588265049262 0 0 43.86588265049262 54.24466943493552 -10.3787867844429
333.8123856309438 43.86588265049262 0 0 43.86588265049262 54.24466943493552 -10.3787867844429
333.8123856309438 43.86588265049262 0 0 43.86588265049262 54.24466943493552 -10.3787867844429
333.8123856309438 43.86588265049262 0 0 43.86588265049262 54.24466943493552 -10.3787867844429
333.8123856309438 43.86588265049262 0 0 43.86588265049262 54.24466943493552 -10.3787867844429
333.8123856309438 43.86588265049262 0 0 43.86588265049262 54.24466943493552 -10.3787867844429
333.8123856309438 43.86588265049262 0 0 43.86588265049262 54.24466943493552 -10.3787867844429
333.8123856309438 43.86588265049262 0 0 43.86588265049262 54.24466943493552 -10.3787867844429
333.8123856309438 43.86588265049262 0 0 43.86588265049262 54.24466943493552 -10.3787867844429
333.8123856309438 43.86588265049262 0 0 43.86588265049262 54.24466943493552 -10.3787867844429
333.8123856309438 43.86588265049262 0 0 43.86588265049262 54.24466943493552 -10.3787867844429
333.8123856309438 43.86588265049262 0 0 43.86588265049262 54.24466943493552 -10.3787867844429
333.8123856309438 43.86588265049262 0 0 43.86588265049262 54.24466943493552 -10.3787867844429
333.8123856309438 43.86588265049262 0 0 43.86588265049262 54.24466943493552 -10.3787867844429
333.8123856309438 43.86588265049262 0 0 43.86588265049262 54.24466943493552 -10.3787867844429
333.8123856309438 43.86588265049262 0 0 43.86588265049262 54.24466943493552 -10.3787867844429
333.8123856309438 43.86588265049262 0 0 43.86588265049262 54.24466943493552 -10.3787867844429
333.8123856309438 43.86588265049262 0 0 43.86588265049262 54.24466943493552 -10.3787867844429
333.8123856309438 43.86588265049262 0 0 43.86588265049262 54.24466943493552 -10.3787867844429
333.8123856309438 43.86588265049262 0 0 43.86588265049262 54.24466943493552 -10.3787867844429
333.8123856309438 43.86588265049262 0 0 43.86588265049262 54.24466943493552 -10.3787867844429
333.8123856309438 43.86588265049262 0 0 43.86588265049262 54.24466943493552 -10.3787867844429
333.8123856309438 43.86588265049262 0 0 43.86588265049262 54.24466943493552 -10.3787867844429
333.8123856309438 43.86588265049262 0 0 43.86588265049262 54.24466943493552 -10.3787867844429
333.8123856309438 43.86588265049262 0 0 43.86588265049262 54.24466943493552 -10.3787867844429
333.8123856309438 43.86588265049262 0 0 43.86588265049262 54.24466943493552 -10.3787867844429
333.8123856309438 43.86588265049262 0 0 43.86588265049262 54.24466943493552 -10.3787867844429
333.8123856309438 43.86588265049262 0 0 43.86588265049262 54.24466943493552 -10.3787867844429
333.8123856309438 43.86588265049262 0 0 43.86588265049262 54.24466943493552 -10.3787867844429
333.8123856309438 43.86588265049262 0 0 43.86588265049262 54.24466943493552 -10.3787867844429
333.8123856309438 43.86588265049262 0 0 43.86588265049262 54.24466943493552 -10.3787867844429
333.8123856309438 43.86588265049262 0 0 43.86588265049262 54.24466943493552 -10.3787867844429
333.8123856309438 43.86588265049262 0 0 43.86588265049262 54.24466943493552 -10.3787867844429
333.8123856309438 43.86588265049262 0 0 43.86588265049262 54.24466943493552 -10.3787867844429
333.8123856309438 43.86588265049262 0 0 43.86588265049262 54.24466943493552 -10.3787867844429
333.8123856309438 43.86588265049262 0 0 43.86588265049262 54.24466943493552 -10.3787867844429
333.8123856309438 43.86588265049262 0 0 43.86588265049262 54.24466943493552 -10.3787867844429
333.8123856309438 43.86588265049262 0 0 43.86588265049262 54.24466943493552 -10.3787867844429
333.8123856309438 43.86588265049262 0 0 43.86588265049262 54.24466943493552 -10.3787867844429
333.8123856309438 43.86588265049262 0 0 43.86588265049262 54.24466943493552 -10.3787867844429
333.8123856309438 43.86588265049262 0 0 43.86588265049262 54.24466943493552 -10.3787867844429
333.8123856309438 43.86588265049262 0 0 43.86588265049262 54.24466943493552 -10.3787867844429
333.8123856309438 43.86588265049262 0 0 43.86588265049262 54.24466943493552 -10.3787867844429
333.8123856309438 43.86588265049262 0 0 43.86588265049262 54.24466943493552 -10.3787867844429
333.8123856309438 43.86588265049262 0 0 43.86588265049262 54.24466943493552 -10.3787867844429
333.8123856309438 43.86588265049262 0 0 43.86588265049262 54.24466943493552 -10.3787867844429
333.8123856309438 43.86588265049262 0 0 43.86588265049262 54.24466943493552 -10.3787867844429
333.8123856309438 43.86588265049262 0 0 43.86588265049262 54.24466943493552 -10.3787867844429
333.8123856309438 43.86588265049262 0 0 43.86588265049262 54.24466943493552 -10.3787867844429
333.8123856309438 43.86588265049262 0 0 43.86588265049262 54.24466943493552 -10.3787867844429
333.8123856309438 43.86588265049262 0 0 43.86588265049262 54.24466943493552 -10.3787867844429
333.8123856309438 43.86588265049262 0 0 43.86588265049262 54.24466943493552 -10.3787867844429
333.3592039725593 43.68733027149619 0 0 43.68733027149619 54.0661170559391 -10.3787867844429
333.3592039725593 43.68733027149619 0 0 43.68733027149619 54.0661170559391 -10.3787867844429
333.3592039725593 43.68733027149619 0 0 43.68733027149619 54.0661170559391 -10.3787867844429
333.3592039725593 43.68733027149619 0 0 43.68733027149619 54.0661170559391 -10.3787867844429
333.3592039725593 43.68733027149619 0 0 43.68733027149619 54.0661170559391 -10.3787867844429
333.3592039725593 43.68733027149619 0 0 43.68733027149619 54.0661170559391 -10.3787867844429
333.3592039725593 43.68733027149619 0 0 43.68733027149619 54.0661170559391 -10.3787867844429
333.3592039725593 43.68733027149619 0 0 43.68733027149619 54.0661170559391 -10.3787867844429
333.3592039725593 43.68733027149619 0 0 43.68733027149619 54.0661170559391 -10.3787867844429
333.3592039725593 43.68733027149619 0 0 43.68733027149619 54.0661170559391 -10.3787867844429
333.3592039725593 43.68733027149619 0 0 43.68733027149619 54.0661170559391 -10.3787867844429
333.3592039725593 43.68733027149619 0 0 43.68733027149619 54.0661170559391 -10.3787867844429
333.3592039725593 43.68733027149619 0 0 43.68733027149619 54.0661170559391 -10.3787867844429
333.3592039725593 43.68733027149619 0 0 43.68733027149619 54.0661170559391 -10.3787867844429
332.8545996689347 44.13328249391355 0 0 44.13328249391355 54.51206927835646 -10.3787867844429
332.8545996689347 44.13328249391355 0 0 44.13328249391355 54.51206927835646 -10.3787867844429
332.8545996689347 44.13328249391355 0 0 44.13328249391355 54.51206927835646 -10.3787867844429
332.8545996689347 44.13328249391355 0 0 44.13328249391355 54.51206927835646 -10.3787867844429
332.3312346608695 44.25325748538799 0 0 44.25325748538799 54.63204426983089 -10.3787867844429
332.3312346608695 44.25325748538799 0 0 44.25325748538799 54.63204426983089 -10.3787867844429
332.3312346608695 44.25325748538799 0 0 44.25325748538799 54.63204426983089 -10.3787867844429
332.3312346608695 44.25325748538799 0 0 44.25325748538799 54.63204426983089 -10.3787867844429
332.3312346608695 44.25325748538799 0 0 44.25325748538799 54.63204426983089 -10.3787867844429
332.3312346608695 44.25325748538799 0 0 44.25325748538799 54.63204426983089 -10.3787867844429
332.3312346608695 44.25325748538799 0 0 44.25325748538799 54.63204426983089 -10.3787867844429
331.9871990758786 44.23689445285407 0 0 44.23689445285407 54.61568123729697 -10.3787867844429
331.9254779087686 44.13074688134134 0 0 44.13074688134134 54.50953366578423 -10.3787867844429
328.1142428379289 43.97233771929949 0 0 43.97233771929949 54.35112450374239 -10.3787867844429
328.1142428379289 43.97233771929949 0 0 43.97233771929949 54.35112450374239 -10.3787867844429
328.1142428379289 43.97233771929949 0 0 43.97233771929949 54.35112450374239 -10.3787867844429
330.9891414105036 43.84710615050828 0 0 43.84710615050828 54.22589293495118 -10.3787867844429
330.9891414105036 43.84710615050828 0 0 43.84710615050828 54.22589293495118 -10.3787867844429
330.9891414105036 43.84710615050828 0 0 43.84710615050828 54.22589293495118 -10.3787867844429
330.9891414105036 43.84710615050828 0 0 43.84710615050828 54.22589293495118 -10.3787867844429
330.9891414105036 43.84710615050828 0 0 43.84710615050828 54.22589293495118 -10.3787867844429
330.8123266575112 43.80816502821997 0 0 43.80816502821997 54.18695181266288 -10.3787867844429
332.1759054842495 43.83603325982769 0 0 43.83603325982769 54.21482004427058 -10.3787867844429
332.1759054842495 43.83603325982769 0 0 43.83603325982769 54.21482004427058 -10.3787867844429
330.4042301758865 43.70486064793027 0 0 43.70486064793027 54.08364743237317 -10.3787867844429
330.4042301758865 43.70486064793027 0 0 43.70486064793027 54.08364743237317 -10.3787867844429
330.4042301758865 43.70486064793027 0 0 43.70486064793027 54.08364743237317 -10.3787867844429
330.4042301758865 43.70486064793027 0 0 43.70486064793027 54.08364743237317 -10.3787867844429
330.6484427936032 43.84721312311956 0 0 43.84721312311956 54.22599990756245 -10.3787867844429
330.6484427936032 43.84721312311956 0 0 43.84721312311956 54.22599990756245 -10.3787867844429
330.6484427936032 43.84721312311956 0 0 43.84721312311956 54.22599990756245 -10.3787867844429
330.6484427936032 43.84721312311956 0 0 43.84721312311956 54.22599990756245 -10.3787867844429
330.6484427936032 43.84721312311956 0 0 43.84721312311956 54.22599990756245 -10.3787867844429
330.6484427936032 43.84721312311956 0 0 43.84721312311956 54.22599990756245 -10.3787867844429
330.6484427936032 43.84721312311956 0 0 43.84721312311956 54.22599990756245 -10.3787867844429
330.6484427936032 43.84721312311956 0 0 43.84721312311956 54.22599990756245 -10.3787867844429
330.6484427936032 43.84721312311956 0 0 43.84721312311956 54.22599990756245 -10.3787867844429
330.6484427936032 43.84721312311956 0 0 43.84721312311956 54.22599990756245 -10.3787867844429
330.6484427936032 43.84721312311956 0 0 43.84721312311956 54.22599990756245 -10.3787867844429
330.6484427936032 43.84721312311956 0 0 43.84721312311956 54.22599990756245 -10.3787867844429
330.6484427936032 43.84721312311956 0 0 43.84721312311956 54.22599990756245 -10.3787867844429
330.6484427936032 43.84721312311956 0 0 43.84721312311956 54.22599990756245 -10.3787867844429
330.6484427936032 43.84721312311956 0 0 43.84721312311956 54.22599990756245 -10.3787867844429
330.6484427936032 43.84721312311956 0 0 43.84721312311956 54.22599990756245 -10.3787867844429
330.6484427936032 43.84721312311956 0 0 43.84721312311956 54.22599990756245 -10.3787867844429
330.6484427936032 43.84721312311956 0 0 43.84721312311956 54.22599990756245 -10.3787867844429
330.6484427936032 43.84721312311956 0 0 43.84721312311956 54.22599990756245 -10.3787867844429
330.6484427936032 43.84721312311956 0 0 43.84721312311956 54.22599990756245 -10.3787867844429
330.6484427936032 43.84721312311956 0 0 43.84721312311956 54.22599990756245 -10.3787867844429
330.6484427936032 43.84721312311956 0 0 43.84721312311956 54.22599990756245 -10.3787867844429
330.6484427936032 43.84721312311956 0 0 43.84721312311956 54.22599990756245 -10.3787867844429
330.6484427936032 43.84721312311956 0 0 43.84721312311956 54.22599990756245 -10.3787867844429
330.6484427936032 43.84721312311956 0 0 43.84721312311956 54.22599990756245 -10.3787867844429
330.6484427936032 43.84721312311956 0 0 43.84721312311956 54.22599990756245 -10.3787867844429
330.6484427936032 43.84721312311956 0 0 43.84721312311956 54.22599990756245 -10.3787867844429
330.6484427936032 43.84721312311956 0 0 43.84721312311956 54.22599990756245 -10.3787867844429
330.6484427936032 43.84721312311956 0 0 43.84721312311956 54.22599990756245 -10.3787867844429
330.6484427936032 43.84721312311956 0 0 43.84721312311956 54.22599990756245 -10.3787867844429
330.6484427936032 43.84721312311956 0 0 43.84721312311956 54.22599990756245 -10.3787867844429
330.6484427936032 43.84721312311956 0 0 43.84721312311956 54.22599990756245 -10.3787867844429
330.6484427936032 43.84721312311956 0 0 43.84721312311956 54.22599990756245 -10.3787867844429
330.6484427936032 43.84721312311956 0 0 43.84721312311956 54.22599990756245 -10.3787867844429
330.6484427936032 43.84721312311956 0 0 43.84721312311956 54.22599990756245 -10.3787867844429
330.6484427936032 43.84721312311956 0 0 43.84721312311956 54.22599990756245 -10.3787867844429
330.6484427936032 43.84721312311956 0 0 43.84721312311956 54.22599990756245 -10.3787867844429
330.6484427936032 43.84721312311956 0 0 43.84721312311956 54.22599990756245 -10.3787867844429
330.6484427936032 43.84721312311956 0 0 43.84721312311956 54.22599990756245 -10.3787867844429
330.6484427936032 43.84721312311956 0 0 43.84721312311956 54.22599990756245 -10.3787867844429
330.6484427936032 43.84721312311956 0 0 43.84721312311956 54.22599990756245 -10.3787867844429
330.6484427936032 43.84721312311956 0 0 43.84721312311956 54.22599990756245 -10.3787867844429
330.6484427936032 43.84721312311956 0 0 43.84721312311956 54.22599990756245 -10.3787867844429
330.6484427936032 43.84721312311956 0 0 43.84721312311956 54.22599990756245 -10.3787867844429
330.6484427936032 43.84721312311956 0 0 43.84721312311956 54.22599990756245 -10.3787867844429
330.6484427936032 43.84721312311956 0 0 43.84721312311956 54.22599990756245 -10.3787867844429
330.6484427936032 43.84721312311956 0 0 43.84721312311956 54.22599990756245 -10.3787867844429
330.6484427936032 43.84721312311956 0 0 43.84721312311956 54.22599990756245 -10.3787867844429
330.6484427936032 43.84721312311956 0 0 43.84721312311956 54.22599990756245 -10.3787867844429
329.9158595947519 43.8472772851469 0 0 43.8472772851469 54.2260640695898 -10.3787867844429
329.9158595947519 43.8472772851469 0 0 43.8472772851469 54.2260640695898 -10.3787867844429
329.9158595947519 43.8472772851469 0 0 43.8472772851469 54.2260640695898 -10.3787867844429
330.0016139505424 44.01628518433787 0 0 44.01628518433787 54.39507196878077 -10.3787867844429
330.0016139505424 44.01628518433787 0 0 44.01628518433787 54.39507196878077 -10.3787867844429
330.0016139505424 44.01628518433787 0 0 44.01628518433787 54.39507196878077 -10.3787867844429
330.0016139505424 44.01628518433787 0 0 44.01628518433787 54.39507196878077 -10.3787867844429
330.0016139505424 44.01628518433787 0 0 44.01628518433787 54.39507196878077 -10.3787867844429
329.3359329122679 44.01642119573383 0 0 44.01642119573383 54.39520798017673 -10.3787867844429
329.3359329122679 44.01642119573383 0 0 44.01642119573383 54.39520798017673 -10.3787867844429
329.1179985857515 44.07117670006591 0 0 44.07117670006591 54.4499634845088 -10.3787867844429
329.1179985857515 44.07117670006591 0 0 44.07117670006591 54.4499634845088 -10.3787867844429
329.1179985857515 44.07117670006591 0 0 44.07117670006591 54.4499634845088 -10.3787867844429
329.1179985857515 44.07117670006591 0 0 44.07117670006591 54.4499634845088 -10.3787867844429
329.1179985857515 44.07117670006591 0 0 44.07117670006591 54.4499634845088 -10.3787867844429
329.1179985857515 44.07117670006591 0 0 44.07117670006591 54.4499634845088 -10.3787867844429
329.1179985857515 44.07117670006591 0 0 44.07117670006591 54.4499634845088 -10.3787867844429
329.1179985857515 44.07117670006591 0 0 44.07117670006591 54.4499634845088 -10.3787867844429
329.1179985857515 44.07117670006591 0 0 44.07117670006591 54.4499634845088 -10.3787867844429
329.1179985857515 44.07117670006591 0 0 44.07117670006591 54.4499634845088 -10.3787867844429
329.1179985857515 44.07117670006591 0 0 44.07117670006591 54.4499634845088 -10.3787867844429
329.1179985857515 44.07117670006591 0 0 44.07117670006591 54.4499634845088 -10.3787867844429
329.1179985857515 44.07117670006591 0 0 44.07117670006591 54.4499634845088 -10.3787867844429
329.1179985857515 44.07117670006591 0 0 44.07117670006591 54.4499634845088 -10.3787867844429
329.1179985857515 44.07117670006591 0 0 44.07117670006591 54.4499634845088 -10.3787867844429
329.1179985857515 44.07117670006591 0 0 44.07117670006591 54.4499634845088 -10.3787867844429
329.1179985857515 44.07117670006591 0 0 44.07117670006591 54.4499634845088 -10.3787867844429
329.1179985857515 44.07117670006591 0 0 44.07117670006591 54.4499634845088 -10.3787867844429
329.1179985857515 44.07117670006591 0 0 44.07117670006591 54.4499634845088 -10.3787867844429
329.1179985857515 44.07117670006591 0 0 44.07117670006591 54.4499634845088 -10.3787867844429
329.1179985857515 44.07117670006591 0 0 44.07117670006591 54.4499634845088 -10.3787867844429
329.1179985857515 44.07117670006591 0 0 44.07117670006591 54.4499634845088 -10.3787867844429
329.7661127878888 43.88953034956032 0 0 43.88953034956032 54.26831713400322 -10.3787867844429
330.1398656277326 44.02155748025041 0 0 44.02155748025041 54.4003442646933 -10.3787867844429
329.9318609910797 44.24577547132451 0 0 44.24577547132451 54.62456225576741 -10.3787867844429
329.9318609910797 44.24577547132451 0 0 44.24577547132451 54.62456225576741 -10.3787867844429
330.0512888803844 44.3023517413189 0 0 44.3023517413189 54.6811385257618 -10.3787867844429
330.0512888803844 44.3023517413189 0 0 44.3023517413189 54.6811385257618 -10.3787867844429
330.0512888803844 44.3023517413189 0 0 44.3023517413189 54.6811385257618 -10.3787867844429
330.0512888803844 44.3023517413189 0 0 44.3023517413189 54.6811385257618 -10.3787867844429
330.0512888803844 44.3023517413189 0 0 44.3023517413189 54.6811385257618 -10.3787867844429
330.0512888803844 44.3023517413189 0 0 44.3023517413189 54.6811385257618 -10.3787867844429
330.0512888803844 44.3023517413189 0 0 44.3023517413189 54.6811385257618 -10.3787867844429
330.0512888803844 44.3023517413189 0 0 44.3023517413189 54.6811385257618 -10.3787867844429
330.0512888803844 44.3023517413189 0 0 44.3023517413189 54.6811385257618 -10.3787867844429
330.0512888803844 44.3023517413189 0 0 44.3023517413189 54.6811385257618 -10.3787867844429
330.0512888803844 44.3023517413189 0 0 44.3023517413189 54.6811385257618 -10.3787867844429
330.0512888803844 44.3023517413189 0 0 44.3023517413189 54.6811385257618 -10.3787867844429
330.0512888803844 44.3023517413189 0 0 44.3023517413189 54.6811385257618 -10.3787867844429
330.0512888803844 44.3023517413189 0 0 44.3023517413189 54.6811385257618 -10.3787867844429
330.0512888803844 44.3023517413189 0 0 44.3023517413189 54.6811385257618 -10.3787867844429
330.0512888803844 44.3023517413189 0 0 44.3023517413189 54.6811385257618 -10.3787867844429
330.0512888803844 44.3023517413189 0 0 44.3023517413189 54.6811385257618 -10.3787867844429
330.0512888803844 44.3023517413189 0 0 44.3023517413189 54.6811385257618 -10.3787867844429
330.0512888803844 44.3023517413189 0 0 44.3023517413189 54.6811385257618 -10.3787867844429
330.0512888803844 44.3023517413189 0 0 44.3023517413189 54.6811385257618 -10.3787867844429
330.0512888803844 44.3023517413189 0 0 44.3023517413189 54.6811385257618 -10.3787867844429
330.0512888803844 44.3023517413189 0 0 44.3023517413189 54.6811385257618 -10.3787867844429
330.0512888803844 44.3023517413189 0 0 44.3023517413189 54.6811385257618 -10.3787867844429
330.0512888803844 44.3023517413189 0 0 44.3023517413189 54.6811385257618 -10.3787867844429
330.0512888803844 44.3023517413189 0 0 44.3023517413189 54.6811385257618 -10.3787867844429
330.0512888803844 44.3023517413189 0 0 44.3023517413189 54.6811385257618 -10.3787867844429
330.0512888803844 44.3023517413189 0 0 44.3023517413189 54.6811385257618 -10.3787867844429
330.4713508044457 44.27191668609365 0 0 44.27191668609365 54.65070347053654 -10.3787867844429
330.4713508044457 44.27191668609365 0 0 44.27191668609365 54.65070347053654 -10.3787867844429
330.4713508044457 44.27191668609365 0 0 44.27191668609365 54.65070347053654 -10.3787867844429
330.4417932632911 44.34664683382582 0 0 44.34664683382582 54.72543361826872 -10.3787867844429
330.4417932632911 44.34664683382582 0 0 44.34664683382582 54.72543361826872 -10.3787867844429
330.4417932632911 44.34664683382582 0 0 44.34664683382582 54.72543361826872 -10.3787867844429
330.4417932632911 44.34664683382582 0 0 44.34664683382582 54.72543361826872 -10.3787867844429
330.4417932632911 44.34664683382582 0 0 44.34664683382582 54.72543361826872 -10.3787867844429
330.4417932632911 44.34664683382582 0 0 44.34664683382582 54.72543361826872 -10.3787867844429
330.4417932632911 44.34664683382582 0 0 44.34664683382582 54.72543361826872 -10.3787867844429
330.4417932632911 44.34664683382582 0 0 44.34664683382582 54.72543361826872 -10.3787867844429
330.4417932632911 44.34664683382582 0 0 44.34664683382582 54.72543361826872 -10.3787867844429
330.4417932632911 44.34664683382582 0 0 44.34664683382582 54.72543361826872 -10.3787867844429
330.4417932632911 44.34664683382582 0 0 44.34664683382582 54.72543361826872 -10.3787867844429
330.4417932632911 44.34664683382582 0 0 44.34664683382582 54.72543361826872 -10.3787867844429
330.4417932632911 44.34664683382582 0 0 44.34664683382582 54.72543361826872 -10.3787867844429
330.4417932632911 44.34664683382582 0 0 44.34664683382582 54.72543361826872 -10.3787867844429
325.75014510323 44.12213478125055 0 0 44.12213478125055 54.50092156569345 -10.3787867844429
325.75014510323 44.12213478125055 0 0 44.12213478125055 54.50092156569345 -10.3787867844429
325.75014510323 44.12213478125055 0 0 44.12213478125055 54.50092156569345 -10.3787867844429
325.75014510323 44.12213478125055 0 0 44.12213478125055 54.50092156569345 -10.3787867844429
325.75014510323 44.12213478125055 0 0 44.12213478125055 54.50092156569345 -10.3787867844429
325.75014510323 44.12213478125055 0 0 44.12213478125055 54.50092156569345 -10.3787867844429
325.75014510323 44.12213478125055 0 0 44.12213478125055 54.50092156569345 -10.3787867844429
325.75014510323 44.12213478125055 0 0 44.12213478125055 54.50092156569345 -10.3787867844429
325.75014510323 44.12213478125055 0 0 44.12213478125055 54.50092156569345 -10.3787867844429
325.75014510323 44.12213478125055 0 0 44.12213478125055 54.50092156569345 -10.3787867844429
325.75014510323 44.12213478125055 0 0 44.12213478125055 54.50092156569345 -10.3787867844429
325.75014510323 44.12213478125055 0 0 44.12213478125055 54.50092156569345 -10.3787867844429
325.75014510323 44.12213478125055 0 0 44.12213478125055 54.50092156569345 -10.3787867844429
325.75014510323 44.12213478125055 0 0 44.12213478125055 54.50092156569345 -10.3787867844429
326.3468034919504 43.99739684646136 0 0 43.99739684646136 54.37618363090426 -10.3787867844429
326.3468034919504 43.99739684646136 0 0 43.99739684646136 54.37618363090426 -10.3787867844429
329.1730746777422 43.85994631645148 0 0 43.85994631645148 54.23873310089439 -10.3787867844429
329.1730746777422 43.85994631645148 0 0 43.85994631645148 54.23873310089439 -10.3787867844429
329.1730746777422 43.85994631645148 0 0 43.85994631645148 54.23873310089439 -10.3787867844429
329.1730746777422 43.85994631645148 0 0 43.85994631645148 54.23873310089439 -10.3787867844429
329.1730746777422 43.85994631645148 0 0 43.85994631645148 54.23873310089439 -10.3787867844429
329.1730746777422 43.85994631645148 0 0 43.85994631645148 54.23873310089439 -10.3787867844429
329.6526207779174 43.55953708398756 0 0 43.55953708398756 53.93832386843047 -10.3787867844429
329.6526207779174 43.55953708398756 0 0 43.55953708398756 53.93832386843047 -10.3787867844429
329.6526207779174 43.55953708398756 0 0 43.55953708398756 53.93832386843047 -10.3787867844429
324.9591067071522 43.46012477202554 0 0 43.46012477202554 53.83891155646843 -10.3787867844429
324.9591067071522 43.46012477202554 0 0 43.46012477202554 53.83891155646843 -10.3787867844429
331.353808851117 43.55745650489823 0 0 43.55745650489823 53.93624328934113 -10.3787867844429
331.353808851117 43.55745650489823 0 0 43.55745650489823 53.93624328934113 -10.3787867844429
332.0878043061892 43.50311281898782 0 0 43.50311281898782 53.88189960343072 -10.3787867844429
332.3231981614758 43.25277785778897 0 0 43.25277785778897 53.63156464223187 -10.3787867844429
332.3231981614758 43.25277785778897 0 0 43.25277785778897 53.63156464223187 -10.3787867844429
332.5746687572708 43.06233616718025 0 0 43.06233616718025 53.44112295162314 -10.3787867844429
332.042604835243 43.13425836497103 0 0 43.13425836497103 53.51304514941393 -10.3787867844429
332.042604835243 43.13425836497103 0 0 43.13425836497103 53.51304514941393 -10.3787867844429
332.042604835243 43.13425836497103 0 0 43.13425836497103 53.51304514941393 -10.3787867844429
332.042604835243 43.13425836497103 0 0 43.13425836497103 53.51304514941393 -10.3787867844429
332.042604835243 43.13425836497103 0 0 43.13425836497103 53.51304514941393 -10.3787867844429
332.042604835243 43.13425836497103 0 0 43.13425836497103 53.51304514941393 -10.3787867844429
332.042604835243 43.13425836497103 0 0 43.13425836497103 53.51304514941393 -10.3787867844429
332.042604835243 43.13425836497103 0 0 43.13425836497103 53.51304514941393 -10.3787867844429
332.042604835243 43.13425836497103 0 0 43.13425836497103 53.51304514941393 -10.3787867844429
332.042604835243 43.13425836497103 0 0 43.13425836497103 53.51304514941393 -10.3787867844429
332.042604835243 43.13425836497103 0 0 43.13425836497103 53.51304514941393 -10.3787867844429
332.042604835243 43.13425836497103 0 0 43.13425836497103 53.51304514941393 -10.3787867844429
332.042604835243 43.13425836497103 0 0 43.13425836497103 53.51304514941393 -10.3787867844429
332.042604835243 43.13425836497103 0 0 43.13425836497103 53.51304514941393 -10.3787867844429
332.042604835243 43.13425836497103 0 0 43.13425836497103 53.51304514941393 -10.3787867844429
331.3071038032149 42.86340677912135 0 0 42.86340677912135 53.24219356356425 -10.3787867844429
331.0133129447651 42.8292910296888 0 0 42.8292910296888 53.2080778141317 -10.3787867844429
331.0133129447651 42.8292910296888 0 0 42.8292910296888 53.2080778141317 -10.3787867844429
331.0133129447651 42.8292910296888 0 0 42.8292910296888 53.2080778141317 -10.3787867844429
331.0133129447651 42.8292910296888 0 0 42.8292910296888 53.2080778141317 -10.3787867844429
331.0133129447651 42.8292910296888 0 0 42.8292910296888 53.2080778141317 -10.3787867844429
331.0133129447651 42.8292910296888 0 0 42.8292910296888 53.2080778141317 -10.3787867844429
331.0133129447651 42.8292910296888 0 0 42.8292910296888 53.2080778141317 -10.3787867844429
331.0133129447651 42.8292910296888 0 0 42.8292910296888 53.2080778141317 -10.3787867844429
331.0133129447651 42.8292910296888 0 0 42.8292910296888 53.2080778141317 -10.3787867844429
331.0133129447651 42.8292910296888 0 0 42.8292910296888 53.2080778141317 -10.3787867844429
331.0133129447651 42.8292910296888 0 0 42.8292910296888 53.2080778141317 -10.3787867844429
331.0133129447651 42.8292910296888 0 0 42.8292910296888 53.2080778141317 -10.3787867844429
331.0133129447651 42.8292910296888 0 0 42.8292910296888 53.2080778141317 -10.3787867844429
331.0133129447651 42.8292910296888 0 0 42.8292910296888 53.2080778141317 -10.3787867844429
331.0133129447651 42.8292910296888 0 0 42.8292910296888 53.2080778141317 -10.3787867844429
329.9244018897784 42.69681538700769 0 0 42.69681538700769 53.07560217145058 -10.3787867844429
329.9244018897784 42.69681538700769 0 0 42.69681538700769 53.07560217145058 -10.3787867844429
329.9460356893984 42.79160124410379 0 0 42.79160124410379 53.17038802854668 -10.3787867844429
329.9460356893984 42.79160124410379 0 0 42.79160124410379 53.17038802854668 -10.3787867844429
329.9460356893984 42.79160124410379 0 0 42.79160124410379 53.17038802854668 -10.3787867844429
329.9460356893984 42.79160124410379 0 0 42.79160124410379 53.17038802854668 -10.3787867844429
329.9460356893984 42.79160124410379 0 0 42.79160124410379 53.17038802854668 -10.3787867844429
329.9460356893984 42.79160124410379 0 0 42.79160124410379 53.17038802854668 -10.3787867844429
329.9460356893984 42.79160124410379 0 0 42.79160124410379 53.17038802854668 -10.3787867844429
327.8366595876513 44.03348691448089 0 0 44.03348691448089 54.41227369892378 -10.3787867844429
327.8366595876513 44.03348691448089 0 0 44.03348691448089 54.41227369892378 -10.3787867844429
327.8366595876513 44.03348691448089 0 0 44.03348691448089 54.41227369892378 -10.3787867844429
327.8366595876513 44.03348691448089 0 0 44.03348691448089 54.41227369892378 -10.3787867844429
327.8366595876513 44.03348691448089 0 0 44.03348691448089 54.41227369892378 -10.3787867844429
330.0171501287987 44.15384764704444 0 0 44.15384764704444 54.53263443148734 -10.3787867844429
330.0171501287987 44.15384764704444 0 0 44.15384764704444 54.53263443148734 -10.3787867844429
331.7079701643517 44.29862303449397 0 0 44.29862303449397 54.67740981893687 -10.3787867844429
331.7079701643517 44.29862303449397 0 0 44.29862303449397 54.67740981893687 -10.3787867844429
331.7079701643517 44.29862303449397 0 0 44.29862303449397 54.67740981893687 -10.3787867844429
331.7079701643517 44.29862303449397 0 0 44.29862303449397 54.67740981893687 -10.3787867844429
331.7079701643517 44.29862303449397 0 0 44.29862303449397 54.67740981893687 -10.3787867844429
331.7079701643517 44.29862303449397 0 0 44.29862303449397 54.67740981893687 -10.3787867844429
331.7079701643517 44.29862303449397 0 0 44.29862303449397 54.67740981893687 -10.3787867844429
331.7079701643517 44.29862303449397 0 0 44.29862303449397 54.67740981893687 -10.3787867844429
331.7079701643517 44.29862303449397 0 0 44.29862303449397 54.67740981893687 -10.3787867844429
331.7079701643517 44.29862303449397 0 0 44.29862303449397 54.67740981893687 -10.3787867844429
331.7079701643517 44.29862303449397 0 0 44.29862303449397 54.67740981893687 -10.3787867844429
331.7079701643517 44.29862303449397 0 0 44.29862303449397 54.67740981893687 -10.3787867844429
331.7079701643517 44.29862303449397 0 0 44.29862303449397 54.67740981893687 -10.3787867844429
331.7079701643517 44.29862303449397 0 0 44.29862303449397 54.67740981893687 -10.3787867844429
331.7079701643517 44.29862303449397 0 0 44.29862303449397 54.67740981893687 -10.3787867844429
331.7079701643517 44.29862303449397 0 0 44.29862303449397 54.67740981893687 -10.3787867844429
331.7079701643517 44.29862303449397 0 0 44.29862303449397 54.67740981893687 -10.3787867844429
331.7079701643517 44.29862303449397 0 0 44.29862303449397 54.67740981893687 -10.3787867844429
331.7079701643517 44.29862303449397 0 0 44.29862303449397 54.67740981893687 -10.3787867844429
331.7079701643517 44.29862303449397 0 0 44.29862303449397 54.67740981893687 -10.3787867844429
331.7079701643517 44.29862303449397 0 0 44.29862303449397 54.67740981893687 -10.3787867844429
331.7079701643517 44.29862303449397 0 0 44.29862303449397 54.67740981893687 -10.3787867844429
327.8668568667631 44.31861734515059 0 0 44.31861734515059 54.69740412959348 -10.3787867844429
327.8668568667631 44.31861734515059 0 0 44.31861734515059 54.69740412959348 -10.3787867844429
327.8668568667631 44.31861734515059 0 0 44.31861734515059 54.69740412959348 -10.3787867844429
327.8668568667631 44.31861734515059 0 0 44.31861734515059 54.69740412959348 -10.3787867844429
327.8668568667631 44.31861734515059 0 0 44.31861734515059 54.69740412959348 -10.3787867844429
327.8668568667631 44.31861734515059 0 0 44.31861734515059 54.69740412959348 -10.3787867844429
327.8668568667631 44.31861734515059 0 0 44.31861734515059 54.69740412959348 -10.3787867844429
331.1095706584858 44.03907485111789 0 0 44.03907485111789 54.41786163556078 -10.3787867844429
331.1095706584858 44.03907485111789 0 0 44.03907485111789 54.41786163556078 -10.3787867844429
331.1095706584858 44.03907485111789 0 0 44.03907485111789 54.41786163556078 -10.3787867844429
331.1095706584858 44.03907485111789 0 0 44.03907485111789 54.41786163556078 -10.3787867844429
331.1095706584858 44.03907485111789 0 0 44.03907485111789 54.41786163556078 -10.3787867844429
331.1095706584858 44.03907485111789 0 0 44.03907485111789 54.41786163556078 -10.3787867844429
331.1095706584858 44.03907485111789 0 0 44.03907485111789 54.41786163556078 -10.3787867844429
331.1095706584858 44.03907485111789 0 0 44.03907485111789 54.41786163556078 -10.3787867844429
331.1095706584858 44.03907485111789 0 0 44.03907485111789 54.41786163556078 -10.3787867844429
331.1095706584858 44.03907485111789 0 0 44.03907485111789 54.41786163556078 -10.3787867844429
331.1095706584858 44.03907485111789 0 0 44.03907485111789 54.41786163556078 -10.3787867844429
331.1095706584858 44.03907485111789 0 0 44.03907485111789 54.41786163556078 -10.3787867844429
331.1095706584858 44.03907485111789 0 0 44.03907485111789 54.41786163556078 -10.3787867844429
331.1095706584858 44.03907485111789 0 0 44.03907485111789 54.41786163556078 -10.3787867844429
331.0912038767973 44.0601563619219 0 0 44.0601563619219 54.4389431463648 -10.3787867844429
331.0912038767973 44.0601563619219 0 0 44.0601563619219 54.4389431463648 -10.3787867844429
331.0912038767973 44.0601563619219 0 0 44.0601563619219 54.4389431463648 -10.3787867844429
332.1649096459582 43.91978998565328 0 0 43.91978998565328 54.29857677009618 -10.3787867844429
332.1649096459582 43.91978998565328 0 0 43.91978998565328 54.29857677009618 -10.3787867844429
332.1649096459582 43.91978998565328 0 0 43.91978998565328 54.29857677009618 -10.3787867844429
332.1649096459582 43.91978998565328 0 0 43.91978998565328 54.29857677009618 -10.3787867844429
332.1649096459582 43.91978998565328 0 0 43.91978998565328 54.29857677009618 -10.3787867844429
332.1649096459582 43.91978998565328 0 0 43.91978998565328 54.29857677009618 -10.3787867844429
332.1649096459582 43.91978998565328 0 0 43.91978998565328 54.29857677009618 -10.3787867844429
331.6620083947693 43.9365996870706 0 0 43.9365996870706 54.31538647151349 -10.3787867844429
333.3306328612725 44.02789997658947 0 0 44.02789997658947 54.40668676103237 -10.3787867844429
333.3306328612725 44.02789997658947 0 0 44.02789997658947 54.40668676103237 -10.3787867844429
334.014591795935 44.12395848283586 0 0 44.12395848283586 54.50274526727875 -10.3787867844429
334.014591795935 44.12395848283586 0 0 44.12395848283586 54.50274526727875 -10.3787867844429
334.014591795935 44.12395848283586 0 0 44.12395848283586 54.50274526727875 -10.3787867844429
334.014591795935 44.12395848283586 0 0 44.12395848283586 54.50274526727875 -10.3787867844429
334.014591795935 44.12395848283586 0 0 44.12395848283586 54.50274526727875 -10.3787867844429
334.014591795935 44.12395848283586 0 0 44.12395848283586 54.50274526727875 -10.3787867844429
334.014591795935 44.12395848283586 0 0 44.12395848283586 54.50274526727875 -10.3787867844429
334.014591795935 44.12395848283586 0 0 44.12395848283586 54.50274526727875 -10.3787867844429
334.014591795935 44.12395848283586 0 0 44.12395848283586 54.50274526727875 -10.3787867844429
334.014591795935 44.12395848283586 0 0 44.12395848283586 54.50274526727875 -10.3787867844429
334.014591795935 44.12395848283586 0 0 44.12395848283586 54.50274526727875 -10.3787867844429
334.014591795935 44.12395848283586 0 0 44.12395848283586 54.50274526727875 -10.3787867844429
334.014591795935 44.12395848283586 0 0 44.12395848283586 54.50274526727875 -10.3787867844429
334.014591795935 44.12395848283586 0 0 44.12395848283586 54.50274526727875 -10.3787867844429
334.014591795935 44.12395848283586 0 0 44.12395848283586 54.50274526727875 -10.3787867844429
334.014591795935 44.12395848283586 0 0 44.12395848283586 54.50274526727875 -10.3787867844429
334.014591795935 44.12395848283586 0 0 44.12395848283586 54.50274526727875 -10.3787867844429
334.014591795935 44.12395848283586 0 0 44.12395848283586 54.50274526727875 -10.3787867844429
334.014591795935 44.12395848283586 0 0 44.12395848283586 54.50274526727875 -10.3787867844429
334.014591795935 44.12395848283586 0 0 44.12395848283586 54.50274526727875 -10.3787867844429
334.014591795935 44.12395848283586 0 0 44.12395848283586 54.50274526727875 -10.3787867844429
334.014591795935 44.12395848283586 0 0 44.12395848283586 54.50274526727875 -10.3787867844429
334.1715200754535 44.18394215653915 0 0 44.18394215653915 54.56272894098204 -10.3787867844429
334.1414644011622 44.1240669928291 0 0 44.1240669928291 54.502853777272 -10.3787867844429
333.7640520042481 44.18035161910751 0 0 44.18035161910751 54.55913840355041 -10.3787867844429
334.221827085667 44.29696487435794 0 0 44.29696487435794 54.67575165880083 -10.3787867844429
334.221827085667 44.29696487435794 0 0 44.29696487435794 54.67575165880083 -10.3787867844429
334.221827085667 44.29696487435794 0 0 44.29696487435794 54.67575165880083 -10.3787867844429
334.221827085667 44.29696487435794 0 0 44.29696487435794 54.67575165880083 -10.3787867844429
334.221827085667 44.29696487435794 0 0 44.29696487435794 54.67575165880083 -10.3787867844429
334.221827085667 44.29696487435794 0 0 44.29696487435794 54.67575165880083 -10.3787867844429
333.8035420249641 44.22278913073265 0 0 44.22278913073265 54.60157591517554 -10.3787867844429
333.8035420249641 44.22278913073265 0 0 44.22278913073265 54.60157591517554 -10.3787867844429
333.8035420249641 44.22278913073265 0 0 44.22278913073265 54.60157591517554 -10.3787867844429
333.8035420249641 44.22278913073265 0 0 44.22278913073265 54.60157591517554 -10.3787867844429
333.7296523469271 44.17891046781958 0 0 44.17891046781958 54.55769725226248 -10.3787867844429
333.7296523469271 44.17891046781958 0 0 44.17891046781958 54.55769725226248 -10.3787867844429
333.7296523469271 44.17891046781958 0 0 44.17891046781958 54.55769725226248 -10.3787867844429
333.7296523469271 44.17891046781958 0 0 44.17891046781958 54.55769725226248 -10.3787867844429
333.7296523469271 44.17891046781958 0 0 44.17891046781958 54.55769725226248 -10.3787867844429
333.7296523469271 44.17891046781958 0 0 44.17891046781958 54.55769725226248 -10.3787867844429
333.7296523469271 44.17891046781958 0 0 44.17891046781958 54.55769725226248 -10.3787867844429
333.7296523469271 44.17891046781958 0 0 44.17891046781958 54.55769725226248 -10.3787867844429
333.7296523469271 44.17891046781958 0 0 44.17891046781958 54.55769725226248 -10.3787867844429
333.7296523469271 44.17891046781958 0 0 44.17891046781958 54.55769725226248 -10.3787867844429
333.7296523469271 44.17891046781958 0 0 44.17891046781958 54.55769725226248 -10.3787867844429
