totalLogLikelihoodDensity totalLogPriorDensity H1NoiseLogPriorDensity L1NoiseLogPriorDensity gwLogPriorDensity gwExtrinsicLogPriorDensityTracker gwCbcLogPriorDensityTracker
193.7297483743048 43.3194472354696 0 0 43.3194472354696 53.6982340199125 -10.3787867844429
318.0240383008922 44.09521409535402 0 0 44.09521409535402 54.47400087979692 -10.3787867844429
318.0240383008922 44.09521409535402 0 0 44.09521409535402 54.47400087979692 -10.3787867844429
318.0240383008922 44.09521409535402 0 0 44.09521409535402 54.47400087979692 -10.3787867844429
318.0240383008922 44.09521409535402 0 0 44.09521409535402 54.47400087979692 -10.3787867844429
318.0240383008922 44.09521409535402 0 0 44.09521409535402 54.47400087979692 -10.3787867844429
318.0240383008922 44.09521409535402 0 0 44.09521409535402 54.47400087979692 -10.3787867844429
318.0240383008922 44.09521409535402 0 0 44.09521409535402 54.47400087979692 -10.3787867844429
318.0240383008922 44.09521409535402 0 0 44.09521409535402 54.47400087979692 -10.3787867844429
318.0240383008922 44.09521409535402 0 0 44.09521409535402 54.47400087979692 -10.3787867844429
318.0240383008922 44.09521409535402 0 0 44.09521409535402 54.47400087979692 -10.3787867844429
318.0240383008922 44.09521409535402 0 0 44.09521409535402 54.47400087979692 -10.3787867844429
318.0240383008922 44.09521409535402 0 0 44.09521409535402 54.47400087979692 -10.3787867844429
318.0240383008922 44.09521409535402 0 0 44.09521409535402 54.47400087979692 -10.3787867844429
318.0240383008922 44.09521409535402 0 0 44.09521409535402 54.47400087979692 -10.3787867844429
318.0240383008922 44.09521409535402 0 0 44.09521409535402 54.47400087979692 -10.3787867844429
318.0240383008922 44.09521409535402 0 0 44.09521409535402 54.47400087979692 -10.3787867844429
318.0240383008922 44.09521409535402 0 0 44.09521409535402 54.47400087979692 -10.3787867844429
318.0240383008922 44.09521409535402 0 0 44.09521409535402 54.47400087979692 -10.3787867844429
318.0240383008922 44.09521409535402 0 0 44.09521409535402 54.47400087979692 -10.3787867844429
318.0240383008922 44.09521409535402 0 0 44.09521409535402 54.47400087979692 -10.3787867844429
318.0240383008922 44.09521409535402 0 0 44.09521409535402 54.47400087979692 -10.3787867844429
318.0240383008922 44.09521409535402 0 0 44.09521409535402 54.47400087979692 -10.3787867844429
318.0240383008922 44.09521409535402 0 0 44.09521409535402 54.47400087979692 -10.3787867844429
318.0240383008922 44.09521409535402 0 0 44.09521409535402 54.47400087979692 -10.3787867844429
325.5189966187871 43.99449306379873 0 0 43.99449306379873 54.37327984824162 -10.3787867844429
325.5189966187871 43.99449306379873 0 0 43.99449306379873 54.37327984824162 -10.3787867844429
325.5189966187871 43.99449306379873 0 0 43.99449306379873 54.37327984824162 -10.3787867844429
325.5189966187871 43.99449306379873 0 0 43.99449306379873 54.37327984824162 -10.3787867844429
325.5189966187871 43.99449306379873 0 0 43.99449306379873 54.37327984824162 -10.3787867844429
325.5189966187871 43.99449306379873 0 0 43.99449306379873 54.37327984824162 -10.3787867844429
325.5189966187871 43.99449306379873 0 0 43.99449306379873 54.37327984824162 -10.3787867844429
325.5189966187871 43.99449306379873 0 0 43.99449306379873 54.37327984824162 -10.3787867844429
325.5189966187871 43.99449306379873 0 0 43.99449306379873 54.37327984824162 -10.3787867844429
325.5189966187871 43.99449306379873 0 0 43.99449306379873 54.37327984824162 -10.3787867844429
325.5189966187871 43.99449306379873 0 0 43.99449306379873 54.37327984824162 -10.3787867844429
325.5189966187871 43.99449306379873 0 0 43.99449306379873 54.37327984824162 -10.3787867844429
325.5189966187871 43.99449306379873 0 0 43.99449306379873 54.37327984824162 -10.3787867844429
325.5189966187871 43.99449306379873 0 0 43.99449306379873 54.37327984824162 -10.3787867844429
325.5189966187871 43.99449306379873 0 0 43.99449306379873 54.37327984824162 -10.3787867844429
325.5189966187871 43.99449306379873 0 0 43.99449306379873 54.37327984824162 -10.3787867844429
325.5189966187871 43.99449306379873 0 0 43.99449306379873 54.37327984824162 -10.3787867844429
325.5189966187871 43.99449306379873 0 0 43.99449306379873 54.37327984824162 -10.3787867844429
325.5189966187871 43.99449306379873 0 0 43.99449306379873 54.37327984824162 -10.3787867844429
325.5189966187871 43.99449306379873 0 0 43.99449306379873 54.37327984824162 -10.3787867844429
325.5189966187871 43.99449306379873 0 0 43.99449306379873 54.37327984824162 -10.3787867844429
325.5189966187871 43.99449306379873 0 0 43.99449306379873 54.37327984824162 -10.3787867844429
325.5189966187871 43.99449306379873 0 0 43.99449306379873 54.37327984824162 -10.3787867844429
325.5189966187871 43.99449306379873 0 0 43.99449306379873 54.37327984824162 -10.3787867844429
325.5189966187871 43.99449306379873 0 0 43.99449306379873 54.37327984824162 -10.3787867844429
325.5189966187871 43.99449306379873 0 0 43.99449306379873 54.37327984824162 -10.3787867844429
325.5189966187871 43.99449306379873 0 0 43.99449306379873 54.37327984824162 -10.3787867844429
331.4446881993975 43.83400369503636 0 0 43.83400369503636 54.21279047947926 -10.3787867844429
331.4446881993975 43.83400369503636 0 0 43.83400369503636 54.21279047947926 -10.3787867844429
331.4446881993975 43.83400369503636 0 0 43.83400369503636 54.21279047947926 -10.3787867844429
331.4446881993975 43.83400369503636 0 0 43.83400369503636 54.21279047947926 -10.3787867844429
331.4446881993975 43.83400369503636 0 0 43.83400369503636 54.21279047947926 -10.3787867844429
331.4446881993975 43.83400369503636 0 0 43.83400369503636 54.21279047947926 -10.3787867844429
331.4446881993975 43.83400369503636 0 0 43.83400369503636 54.21279047947926 -10.3787867844429
331.4446881993975 43.83400369503636 0 0 43.83400369503636 54.21279047947926 -10.3787867844429
332.4085985443976 43.95364962067134 0 0 43.95364962067134 54.33243640511424 -10.3787867844429
332.4085985443976 43.95364962067134 0 0 43.95364962067134 54.33243640511424 -10.3787867844429
332.4085985443976 43.95364962067134 0 0 43.95364962067134 54.33243640511424 -10.3787867844429
332.4085985443976 43.95364962067134 0 0 43.95364962067134 54.33243640511424 -10.3787867844429
332.4085985443976 43.95364962067134 0 0 43.95364962067134 54.33243640511424 -10.3787867844429
332.4085985443976 43.95364962067134 0 0 43.95364962067134 54.33243640511424 -10.3787867844429
332.4085985443976 43.95364962067134 0 0 43.95364962067134 54.33243640511424 -10.3787867844429
332.4085985443976 43.95364962067134 0 0 43.95364962067134 54.33243640511424 -10.3787867844429
332.4085985443976 43.95364962067134 0 0 43.95364962067134 54.33243640511424 -10.3787867844429
332.4085985443976 43.95364962067134 0 0 43.95364962067134 54.33243640511424 -10.3787867844429
332.4085985443976 43.95364962067134 0 0 43.95364962067134 54.33243640511424 -10.3787867844429
332.4085985443976 43.95364962067134 0 0 43.95364962067134 54.33243640511424 -10.3787867844429
332.4085985443976 43.95364962067134 0 0 43.95364962067134 54.33243640511424 -10.3787867844429
332.4085985443976 43.95364962067134 0 0 43.95364962067134 54.33243640511424 -10.3787867844429
332.4085985443976 43.95364962067134 0 0 43.95364962067134 54.33243640511424 -10.3787867844429
332.4085985443976 43.95364962067134 0 0 43.95364962067134 54.33243640511424 -10.3787867844429
332.4085985443976 43.95364962067134 0 0 43.95364962067134 54.33243640511424 -10.3787867844429
330.3388334827403 43.92286485238363 0 0 43.92286485238363 54.30165163682652 -10.3787867844429
330.3388334827403 43.92286485238363 0 0 43.92286485238363 54.30165163682652 -10.3787867844429
330.3388334827403 43.92286485238363 0 0 43.92286485238363 54.30165163682652 -10.3787867844429
330.3388334827403 43.92286485238363 0 0 43.92286485238363 54.30165163682652 -10.3787867844429
330.3388334827403 43.92286485238363 0 0 43.92286485238363 54.30165163682652 -10.3787867844429
330.3388334827403 43.92286485238363 0 0 43.92286485238363 54.30165163682652 -10.3787867844429
330.3388334827403 43.92286485238363 0 0 43.92286485238363 54.30165163682652 -10.3787867844429
330.3388334827403 43.92286485238363 0 0 43.92286485238363 54.30165163682652 -10.3787867844429
330.3388334827403 43.92286485238363 0 0 43.92286485238363 54.30165163682652 -10.3787867844429
330.3388334827403 43.92286485238363 0 0 43.92286485238363 54.30165163682652 -10.3787867844429
330.3388334827403 43.92286485238363 0 0 43.92286485238363 54.30165163682652 -10.3787867844429
331.9126345560479 43.49406315141286 0 0 43.49406315141286 53.87284993585575 -10.3787867844429
331.9126345560479 43.49406315141286 0 0 43.49406315141286 53.87284993585575 -10.3787867844429
331.9126345560479 43.49406315141286 0 0 43.49406315141286 53.87284993585575 -10.3787867844429
331.9126345560479 43.49406315141286 0 0 43.49406315141286 53.87284993585575 -10.3787867844429
331.9126345560479 43.49406315141286 0 0 43.49406315141286 53.87284993585575 -10.3787867844429
322.6670107876677 43.51400248930503 0 0 43.51400248930503 53.89278927374793 -10.3787867844429
322.6670107876677 43.51400248930503 0 0 43.51400248930503 53.89278927374793 -10.3787867844429
322.6670107876677 43.51400248930503 0 0 43.51400248930503 53.89278927374793 -10.3787867844429
322.6670107876677 43.51400248930503 0 0 43.51400248930503 53.89278927374793 -10.3787867844429
322.6670107876677 43.51400248930503 0 0 43.51400248930503 53.89278927374793 -10.3787867844429
322.6670107876677 43.51400248930503 0 0 43.51400248930503 53.89278927374793 -10.3787867844429
322.6670107876677 43.51400248930503 0 0 43.51400248930503 53.89278927374793 -10.3787867844429
322.6670107876677 43.51400248930503 0 0 43.51400248930503 53.89278927374793 -10.3787867844429
322.6670107876677 43.51400248930503 0 0 43.51400248930503 53.89278927374793 -10.3787867844429
322.6670107876677 43.51400248930503 0 0 43.51400248930503 53.89278927374793 -10.3787867844429
322.6670107876677 43.51400248930503 0 0 43.51400248930503 53.89278927374793 -10.3787867844429
332.4085985443976 43.95364962067134 0 0 43.95364962067134 54.33243640511424 -10.3787867844429
332.4085985443976 43.95364962067134 0 0 43.95364962067134 54.33243640511424 -10.3787867844429
332.4085985443976 43.95364962067134 0 0 43.95364962067134 54.33243640511424 -10.3787867844429
332.4085985443976 43.95364962067134 0 0 43.95364962067134 54.33243640511424 -10.3787867844429
332.3755219485294 43.95231601739347 0 0 43.95231601739347 54.33110280183637 -10.3787867844429
332.3755219485294 43.95231601739347 0 0 43.95231601739347 54.33110280183637 -10.3787867844429
332.3755219485294 43.95231601739347 0 0 43.95231601739347 54.33110280183637 -10.3787867844429
332.3755219485294 43.95231601739347 0 0 43.95231601739347 54.33110280183637 -10.3787867844429
332.3755219485294 43.95231601739347 0 0 43.95231601739347 54.33110280183637 -10.3787867844429
332.3755219485294 43.95231601739347 0 0 43.95231601739347 54.33110280183637 -10.3787867844429
332.3755219485294 43.95231601739347 0 0 43.95231601739347 54.33110280183637 -10.3787867844429
332.3755219485294 43.95231601739347 0 0 43.95231601739347 54.33110280183637 -10.3787867844429
332.3755219485294 43.95231601739347 0 0 43.95231601739347 54.33110280183637 -10.3787867844429
332.3755219485294 43.95231601739347 0 0 43.95231601739347 54.33110280183637 -10.3787867844429
332.3755219485294 43.95231601739347 0 0 43.95231601739347 54.33110280183637 -10.3787867844429
332.3755219485294 43.95231601739347 0 0 43.95231601739347 54.33110280183637 -10.3787867844429
332.3755219485294 43.95231601739347 0 0 43.95231601739347 54.33110280183637 -10.3787867844429
332.3755219485294 43.95231601739347 0 0 43.95231601739347 54.33110280183637 -10.3787867844429
332.3751529379414 43.8860165637094 0 0 43.8860165637094 54.2648033481523 -10.3787867844429
332.3751529379414 43.8860165637094 0 0 43.8860165637094 54.2648033481523 -10.3787867844429
332.3751529379414 43.8860165637094 0 0 43.8860165637094 54.2648033481523 -10.3787867844429
332.3919698304022 44.32566369507572 0 0 44.32566369507572 54.70445047951861 -10.3787867844429
332.3919698304022 44.32566369507572 0 0 44.32566369507572 54.70445047951861 -10.3787867844429
332.3919698304022 44.32566369507572 0 0 44.32566369507572 54.70445047951861 -10.3787867844429
332.3919698304022 44.32566369507572 0 0 44.32566369507572 54.70445047951861 -10.3787867844429
332.3919698304022 44.32566369507572 0 0 44.32566369507572 54.70445047951861 -10.3787867844429
332.3919698304022 44.32566369507572 0 0 44.32566369507572 54.70445047951861 -10.3787867844429
332.3919698304022 44.32566369507572 0 0 44.32566369507572 54.70445047951861 -10.3787867844429
332.3919698304022 44.32566369507572 0 0 44.32566369507572 54.70445047951861 -10.3787867844429
332.3919698304022 44.32566369507572 0 0 44.32566369507572 54.70445047951861 -10.3787867844429
332.3919698304022 44.32566369507572 0 0 44.32566369507572 54.70445047951861 -10.3787867844429
332.3919698304022 44.32566369507572 0 0 44.32566369507572 54.70445047951861 -10.3787867844429
332.3919698304022 44.32566369507572 0 0 44.32566369507572 54.70445047951861 -10.3787867844429
332.3919698304022 44.32566369507572 0 0 44.32566369507572 54.70445047951861 -10.3787867844429
332.3919698304022 44.32566369507572 0 0 44.32566369507572 54.70445047951861 -10.3787867844429
332.3919698304022 44.32566369507572 0 0 44.32566369507572 54.70445047951861 -10.3787867844429
332.9885782237251 44.34360379531506 0 0 44.34360379531506 54.72239057975796 -10.3787867844429
332.9885782237251 44.34360379531506 0 0 44.34360379531506 54.72239057975796 -10.3787867844429
332.9885782237251 44.34360379531506 0 0 44.34360379531506 54.72239057975796 -10.3787867844429
333.225106423655 44.35188521674318 0 0 44.35188521674318 54.73067200118608 -10.3787867844429
333.225106423655 44.35188521674318 0 0 44.35188521674318 54.73067200118608 -10.3787867844429
333.225106423655 44.35188521674318 0 0 44.35188521674318 54.73067200118608 -10.3787867844429
333.225106423655 44.35188521674318 0 0 44.35188521674318 54.73067200118608 -10.3787867844429
333.225106423655 44.35188521674318 0 0 44.35188521674318 54.73067200118608 -10.3787867844429
333.225106423655 44.35188521674318 0 0 44.35188521674318 54.73067200118608 -10.3787867844429
333.225106423655 44.35188521674318 0 0 44.35188521674318 54.73067200118608 -10.3787867844429
333.225106423655 44.35188521674318 0 0 44.35188521674318 54.73067200118608 -10.3787867844429
333.225106423655 44.35188521674318 0 0 44.35188521674318 54.73067200118608 -10.3787867844429
333.225106423655 44.35188521674318 0 0 44.35188521674318 54.73067200118608 -10.3787867844429
333.225106423655 44.35188521674318 0 0 44.35188521674318 54.73067200118608 -10.3787867844429
333.225106423655 44.35188521674318 0 0 44.35188521674318 54.73067200118608 -10.3787867844429
333.225106423655 44.35188521674318 0 0 44.35188521674318 54.73067200118608 -10.3787867844429
333.225106423655 44.35188521674318 0 0 44.35188521674318 54.73067200118608 -10.3787867844429
333.225106423655 44.35188521674318 0 0 44.35188521674318 54.73067200118608 -10.3787867844429
333.225106423655 44.35188521674318 0 0 44.35188521674318 54.73067200118608 -10.3787867844429
333.225106423655 44.35188521674318 0 0 44.35188521674318 54.73067200118608 -10.3787867844429
333.225106423655 44.35188521674318 0 0 44.35188521674318 54.73067200118608 -10.3787867844429
333.225106423655 44.35188521674318 0 0 44.35188521674318 54.73067200118608 -10.3787867844429
333.225106423655 44.35188521674318 0 0 44.35188521674318 54.73067200118608 -10.3787867844429
333.225106423655 44.35188521674318 0 0 44.35188521674318 54.73067200118608 -10.3787867844429
333.225106423655 44.35188521674318 0 0 44.35188521674318 54.73067200118608 -10.3787867844429
333.225106423655 44.35188521674318 0 0 44.35188521674318 54.73067200118608 -10.3787867844429
333.225106423655 44.35188521674318 0 0 44.35188521674318 54.73067200118608 -10.3787867844429
333.225106423655 44.35188521674318 0 0 44.35188521674318 54.73067200118608 -10.3787867844429
333.225106423655 44.35188521674318 0 0 44.35188521674318 54.73067200118608 -10.3787867844429
333.225106423655 44.35188521674318 0 0 44.35188521674318 54.73067200118608 -10.3787867844429
333.225106423655 44.35188521674318 0 0 44.35188521674318 54.73067200118608 -10.3787867844429
333.225106423655 44.35188521674318 0 0 44.35188521674318 54.73067200118608 -10.3787867844429
333.225106423655 44.35188521674318 0 0 44.35188521674318 54.73067200118608 -10.3787867844429
333.225106423655 44.35188521674318 0 0 44.35188521674318 54.73067200118608 -10.3787867844429
333.225106423655 44.35188521674318 0 0 44.35188521674318 54.73067200118608 -10.3787867844429
333.1148106445368 44.37063830338613 0 0 44.37063830338613 54.74942508782902 -10.3787867844429
333.1148106445368 44.37063830338613 0 0 44.37063830338613 54.74942508782902 -10.3787867844429
333.1148106445368 44.37063830338613 0 0 44.37063830338613 54.74942508782902 -10.3787867844429
333.1148106445368 44.37063830338613 0 0 44.37063830338613 54.74942508782902 -10.3787867844429
333.1148106445368 44.37063830338613 0 0 44.37063830338613 54.74942508782902 -10.3787867844429
333.1148106445368 44.37063830338613 0 0 44.37063830338613 54.74942508782902 -10.3787867844429
333.1148106445368 44.37063830338613 0 0 44.37063830338613 54.74942508782902 -10.3787867844429
333.1148106445368 44.37063830338613 0 0 44.37063830338613 54.74942508782902 -10.3787867844429
333.1148106445368 44.37063830338613 0 0 44.37063830338613 54.74942508782902 -10.3787867844429
333.1148106445368 44.37063830338613 0 0 44.37063830338613 54.74942508782902 -10.3787867844429
333.1148106445368 44.37063830338613 0 0 44.37063830338613 54.74942508782902 -10.3787867844429
333.1148106445368 44.37063830338613 0 0 44.37063830338613 54.74942508782902 -10.3787867844429
333.1148106445368 44.37063830338613 0 0 44.37063830338613 54.74942508782902 -10.3787867844429
333.0141622321667 44.31356217459046 0 0 44.31356217459046 54.69234895903336 -10.3787867844429
333.0141622321667 44.31356217459046 0 0 44.31356217459046 54.69234895903336 -10.3787867844429
333.0141622321667 44.31356217459046 0 0 44.31356217459046 54.69234895903336 -10.3787867844429
333.0141622321667 44.31356217459046 0 0 44.31356217459046 54.69234895903336 -10.3787867844429
333.0141622321667 44.31356217459046 0 0 44.31356217459046 54.69234895903336 -10.3787867844429
333.0141622321667 44.31356217459046 0 0 44.31356217459046 54.69234895903336 -10.3787867844429
333.0141622321667 44.31356217459046 0 0 44.31356217459046 54.69234895903336 -10.3787867844429
333.0141622321667 44.31356217459046 0 0 44.31356217459046 54.69234895903336 -10.3787867844429
333.0141622321667 44.31356217459046 0 0 44.31356217459046 54.69234895903336 -10.3787867844429
333.0141622321667 44.31356217459046 0 0 44.31356217459046 54.69234895903336 -10.3787867844429
333.0141622321667 44.31356217459046 0 0 44.31356217459046 54.69234895903336 -10.3787867844429
333.0141622321667 44.31356217459046 0 0 44.31356217459046 54.69234895903336 -10.3787867844429
333.0168958278737 44.29677542780242 0 0 44.29677542780242 54.67556221224531 -10.3787867844429
333.0168958278737 44.29677542780242 0 0 44.29677542780242 54.67556221224531 -10.3787867844429
333.0168958278737 44.29677542780242 0 0 44.29677542780242 54.67556221224531 -10.3787867844429
333.0168958278737 44.29677542780242 0 0 44.29677542780242 54.67556221224531 -10.3787867844429
333.0168958278737 44.29677542780242 0 0 44.29677542780242 54.67556221224531 -10.3787867844429
333.0168958278737 44.29677542780242 0 0 44.29677542780242 54.67556221224531 -10.3787867844429
332.6695374930641 44.13207163554991 0 0 44.13207163554991 54.5108584199928 -10.3787867844429
332.6695374930641 44.13207163554991 0 0 44.13207163554991 54.5108584199928 -10.3787867844429
333.0539918374936 44.14289744842802 0 0 44.14289744842802 54.52168423287091 -10.3787867844429
333.0539918374936 44.14289744842802 0 0 44.14289744842802 54.52168423287091 -10.3787867844429
333.0539918374936 44.14289744842802 0 0 44.14289744842802 54.52168423287091 -10.3787867844429
333.0539918374936 44.14289744842802 0 0 44.14289744842802 54.52168423287091 -10.3787867844429
333.0539918374936 44.14289744842802 0 0 44.14289744842802 54.52168423287091 -10.3787867844429
333.0539918374936 44.14289744842802 0 0 44.14289744842802 54.52168423287091 -10.3787867844429
333.0539918374936 44.14289744842802 0 0 44.14289744842802 54.52168423287091 -10.3787867844429
333.0539918374936 44.14289744842802 0 0 44.14289744842802 54.52168423287091 -10.3787867844429
333.0539918374936 44.14289744842802 0 0 44.14289744842802 54.52168423287091 -10.3787867844429
333.0539918374936 44.14289744842802 0 0 44.14289744842802 54.52168423287091 -10.3787867844429
333.0539918374936 44.14289744842802 0 0 44.14289744842802 54.52168423287091 -10.3787867844429
333.0539918374936 44.14289744842802 0 0 44.14289744842802 54.52168423287091 -10.3787867844429
333.0539918374936 44.14289744842802 0 0 44.14289744842802 54.52168423287091 -10.3787867844429
333.0539918374936 44.14289744842802 0 0 44.14289744842802 54.52168423287091 -10.3787867844429
333.0539918374936 44.14289744842802 0 0 44.14289744842802 54.52168423287091 -10.3787867844429
333.0539918374936 44.14289744842802 0 0 44.14289744842802 54.52168423287091 -10.3787867844429
333.0539918374936 44.14289744842802 0 0 44.14289744842802 54.52168423287091 -10.3787867844429
333.0539918374936 44.14289744842802 0 0 44.14289744842802 54.52168423287091 -10.3787867844429
333.0539918374936 44.14289744842802 0 0 44.14289744842802 54.52168423287091 -10.3787867844429
333.0539918374936 44.14289744842802 0 0 44.14289744842802 54.52168423287091 -10.3787867844429
333.0539918374936 44.14289744842802 0 0 44.14289744842802 54.52168423287091 -10.3787867844429
333.0539918374936 44.14289744842802 0 0 44.14289744842802 54.52168423287091 -10.3787867844429
333.0539918374936 44.14289744842802 0 0 44.14289744842802 54.52168423287091 -10.3787867844429
333.0539918374936 44.14289744842802 0 0 44.14289744842802 54.52168423287091 -10.3787867844429
333.0539918374936 44.14289744842802 0 0 44.14289744842802 54.52168423287091 -10.3787867844429
333.0539918374936 44.14289744842802 0 0 44.14289744842802 54.52168423287091 -10.3787867844429
333.0539918374936 44.14289744842802 0 0 44.14289744842802 54.52168423287091 -10.3787867844429
333.0539918374936 44.14289744842802 0 0 44.14289744842802 54.52168423287091 -10.3787867844429
333.0539918374936 44.14289744842802 0 0 44.14289744842802 54.52168423287091 -10.3787867844429
333.0539918374936 44.14289744842802 0 0 44.14289744842802 54.52168423287091 -10.3787867844429
333.0539918374936 44.14289744842802 0 0 44.14289744842802 54.52168423287091 -10.3787867844429
333.0539918374936 44.14289744842802 0 0 44.14289744842802 54.52168423287091 -10.3787867844429
333.0539918374936 44.14289744842802 0 0 44.14289744842802 54.52168423287091 -10.3787867844429
333.0539918374936 44.14289744842802 0 0 44.14289744842802 54.52168423287091 -10.3787867844429
333.0539918374936 44.14289744842802 0 0 44.14289744842802 54.52168423287091 -10.3787867844429
333.0539918374936 44.14289744842802 0 0 44.14289744842802 54.52168423287091 -10.3787867844429
333.0892066631247 44.15417930828492 0 0 44.15417930828492 54.53296609272782 -10.3787867844429
332.9945277947048 44.38192016324304 0 0 44.38192016324304 54.76070694768593 -10.3787867844429
332.9945277947048 44.38192016324304 0 0 44.38192016324304 54.76070694768593 -10.3787867844429
332.9945277947048 44.38192016324304 0 0 44.38192016324304 54.76070694768593 -10.3787867844429
332.9945277947048 44.38192016324304 0 0 44.38192016324304 54.76070694768593 -10.3787867844429
332.9945277947048 44.38192016324304 0 0 44.38192016324304 54.76070694768593 -10.3787867844429
332.9945277947048 44.38192016324304 0 0 44.38192016324304 54.76070694768593 -10.3787867844429
332.9945277947048 44.38192016324304 0 0 44.38192016324304 54.76070694768593 -10.3787867844429
332.9945277947048 44.38192016324304 0 0 44.38192016324304 54.76070694768593 -10.3787867844429
332.9945277947048 44.38192016324304 0 0 44.38192016324304 54.76070694768593 -10.3787867844429
332.9945277947048 44.38192016324304 0 0 44.38192016324304 54.76070694768593 -10.3787867844429
332.9945277947048 44.38192016324304 0 0 44.38192016324304 54.76070694768593 -10.3787867844429
332.9945277947048 44.38192016324304 0 0 44.38192016324304 54.76070694768593 -10.3787867844429
332.9945277947048 44.38192016324304 0 0 44.38192016324304 54.76070694768593 -10.3787867844429
332.9945277947048 44.38192016324304 0 0 44.38192016324304 54.76070694768593 -10.3787867844429
332.9945277947048 44.38192016324304 0 0 44.38192016324304 54.76070694768593 -10.3787867844429
332.9945277947048 44.38192016324304 0 0 44.38192016324304 54.76070694768593 -10.3787867844429
332.9945277947048 44.38192016324304 0 0 44.38192016324304 54.76070694768593 -10.3787867844429
332.9945277947048 44.38192016324304 0 0 44.38192016324304 54.76070694768593 -10.3787867844429
331.2250726867865 44.1530957934102 0 0 44.1530957934102 54.5318825778531 -10.3787867844429
331.2250726867865 44.1530957934102 0 0 44.1530957934102 54.5318825778531 -10.3787867844429
331.2250726867865 44.1530957934102 0 0 44.1530957934102 54.5318825778531 -10.3787867844429
331.2250726867865 44.1530957934102 0 0 44.1530957934102 54.5318825778531 -10.3787867844429
331.2250726867865 44.1530957934102 0 0 44.1530957934102 54.5318825778531 -10.3787867844429
331.2250726867865 44.1530957934102 0 0 44.1530957934102 54.5318825778531 -10.3787867844429
331.2250726867865 44.1530957934102 0 0 44.1530957934102 54.5318825778531 -10.3787867844429
331.2250726867865 44.1530957934102 0 0 44.1530957934102 54.5318825778531 -10.3787867844429
331.2250726867865 44.1530957934102 0 0 44.1530957934102 54.5318825778531 -10.3787867844429
331.2250726867865 44.1530957934102 0 0 44.1530957934102 54.5318825778531 -10.3787867844429
331.2250726867865 44.1530957934102 0 0 44.1530957934102 54.5318825778531 -10.3787867844429
331.2250726867865 44.1530957934102 0 0 44.1530957934102 54.5318825778531 -10.3787867844429
331.2250726867865 44.1530957934102 0 0 44.1530957934102 54.5318825778531 -10.3787867844429
331.2250726867865 44.1530957934102 0 0 44.1530957934102 54.5318825778531 -10.3787867844429
331.2250726867865 44.1530957934102 0 0 44.1530957934102 54.5318825778531 -10.3787867844429
331.2250726867865 44.1530957934102 0 0 44.1530957934102 54.5318825778531 -10.3787867844429
331.2250726867865 44.1530957934102 0 0 44.1530957934102 54.5318825778531 -10.3787867844429
331.2250726867865 44.1530957934102 0 0 44.1530957934102 54.5318825778531 -10.3787867844429
331.2250726867865 44.1530957934102 0 0 44.1530957934102 54.5318825778531 -10.3787867844429
331.2250726867865 44.1530957934102 0 0 44.1530957934102 54.5318825778531 -10.3787867844429
332.8012719905593 44.32603088435962 0 0 44.32603088435962 54.70481766880252 -10.3787867844429
332.8012719905593 44.32603088435962 0 0 44.32603088435962 54.70481766880252 -10.3787867844429
332.8012719905593 44.32603088435962 0 0 44.32603088435962 54.70481766880252 -10.3787867844429
332.8012719905593 44.32603088435962 0 0 44.32603088435962 54.70481766880252 -10.3787867844429
332.8012719905593 44.32603088435962 0 0 44.32603088435962 54.70481766880252 -10.3787867844429
332.8012719905593 44.32603088435962 0 0 44.32603088435962 54.70481766880252 -10.3787867844429
332.8012719905593 44.32603088435962 0 0 44.32603088435962 54.70481766880252 -10.3787867844429
332.8012719905593 44.32603088435962 0 0 44.32603088435962 54.70481766880252 -10.3787867844429
332.8012719905593 44.32603088435962 0 0 44.32603088435962 54.70481766880252 -10.3787867844429
332.8012719905593 44.32603088435962 0 0 44.32603088435962 54.70481766880252 -10.3787867844429
332.8012719905593 44.32603088435962 0 0 44.32603088435962 54.70481766880252 -10.3787867844429
332.8012719905593 44.32603088435962 0 0 44.32603088435962 54.70481766880252 -10.3787867844429
332.8012719905593 44.32603088435962 0 0 44.32603088435962 54.70481766880252 -10.3787867844429
332.8012719905593 44.32603088435962 0 0 44.32603088435962 54.70481766880252 -10.3787867844429
332.8012719905593 44.32603088435962 0 0 44.32603088435962 54.70481766880252 -10.3787867844429
332.8012719905593 44.32603088435962 0 0 44.32603088435962 54.70481766880252 -10.3787867844429
332.8012719905593 44.32603088435962 0 0 44.32603088435962 54.70481766880252 -10.3787867844429
332.8012719905593 44.32603088435962 0 0 44.32603088435962 54.70481766880252 -10.3787867844429
332.8012719905593 44.32603088435962 0 0 44.32603088435962 54.70481766880252 -10.3787867844429
332.8012719905593 44.32603088435962 0 0 44.32603088435962 54.70481766880252 -10.3787867844429
332.8012719905593 44.32603088435962 0 0 44.32603088435962 54.70481766880252 -10.3787867844429
332.8012719905593 44.32603088435962 0 0 44.32603088435962 54.70481766880252 -10.3787867844429
332.8012719905593 44.32603088435962 0 0 44.32603088435962 54.70481766880252 -10.3787867844429
332.8012719905593 44.32603088435962 0 0 44.32603088435962 54.70481766880252 -10.3787867844429
332.8012719905593 44.32603088435962 0 0 44.32603088435962 54.70481766880252 -10.3787867844429
332.8012719905593 44.32603088435962 0 0 44.32603088435962 54.70481766880252 -10.3787867844429
332.8012719905593 44.32603088435962 0 0 44.32603088435962 54.70481766880252 -10.3787867844429
332.8012719905593 44.32603088435962 0 0 44.32603088435962 54.70481766880252 -10.3787867844429
332.8012719905593 44.32603088435962 0 0 44.32603088435962 54.70481766880252 -10.3787867844429
332.8012719905593 44.32603088435962 0 0 44.32603088435962 54.70481766880252 -10.3787867844429
332.8012719905593 44.32603088435962 0 0 44.32603088435962 54.70481766880252 -10.3787867844429
332.8012719905593 44.32603088435962 0 0 44.32603088435962 54.70481766880252 -10.3787867844429
332.8012719905593 44.32603088435962 0 0 44.32603088435962 54.70481766880252 -10.3787867844429
332.8012719905593 44.32603088435962 0 0 44.32603088435962 54.70481766880252 -10.3787867844429
332.8012719905593 44.32603088435962 0 0 44.32603088435962 54.70481766880252 -10.3787867844429
332.7927373627376 44.32441560918241 0 0 44.32441560918241 54.70320239362531 -10.3787867844429
332.7922400111757 44.32176283829165 0 0 44.32176283829165 54.70054962273455 -10.3787867844429
332.7922400111757 44.32176283829165 0 0 44.32176283829165 54.70054962273455 -10.3787867844429
332.7922400111757 44.32176283829165 0 0 44.32176283829165 54.70054962273455 -10.3787867844429
332.7922400111757 44.32176283829165 0 0 44.32176283829165 54.70054962273455 -10.3787867844429
332.7922400111757 44.32176283829165 0 0 44.32176283829165 54.70054962273455 -10.3787867844429
332.7922400111757 44.32176283829165 0 0 44.32176283829165 54.70054962273455 -10.3787867844429
332.7922400111757 44.32176283829165 0 0 44.32176283829165 54.70054962273455 -10.3787867844429
332.7922400111757 44.32176283829165 0 0 44.32176283829165 54.70054962273455 -10.3787867844429
332.7922400111757 44.32176283829165 0 0 44.32176283829165 54.70054962273455 -10.3787867844429
332.7922400111757 44.32176283829165 0 0 44.32176283829165 54.70054962273455 -10.3787867844429
332.7922400111757 44.32176283829165 0 0 44.32176283829165 54.70054962273455 -10.3787867844429
332.7922400111757 44.32176283829165 0 0 44.32176283829165 54.70054962273455 -10.3787867844429
332.7922400111757 44.32176283829165 0 0 44.32176283829165 54.70054962273455 -10.3787867844429
332.7922400111757 44.32176283829165 0 0 44.32176283829165 54.70054962273455 -10.3787867844429
332.7922400111757 44.32176283829165 0 0 44.32176283829165 54.70054962273455 -10.3787867844429
332.7922400111757 44.32176283829165 0 0 44.32176283829165 54.70054962273455 -10.3787867844429
332.7922400111757 44.32176283829165 0 0 44.32176283829165 54.70054962273455 -10.3787867844429
332.7922400111757 44.32176283829165 0 0 44.32176283829165 54.70054962273455 -10.3787867844429
332.7330814639693 44.28889042675122 0 0 44.28889042675122 54.66767721119412 -10.3787867844429
332.7330814639693 44.28889042675122 0 0 44.28889042675122 54.66767721119412 -10.3787867844429
332.2267330093674 44.24006036076682 0 0 44.24006036076682 54.61884714520972 -10.3787867844429
332.8293448978755 44.21060919575697 0 0 44.21060919575697 54.58939598019987 -10.3787867844429
332.8293448978755 44.21060919575697 0 0 44.21060919575697 54.58939598019987 -10.3787867844429
332.8293448978755 44.21060919575697 0 0 44.21060919575697 54.58939598019987 -10.3787867844429
332.8293448978755 44.21060919575697 0 0 44.21060919575697 54.58939598019987 -10.3787867844429
332.8293448978755 44.21060919575697 0 0 44.21060919575697 54.58939598019987 -10.3787867844429
332.8293448978755 44.21060919575697 0 0 44.21060919575697 54.58939598019987 -10.3787867844429
332.8293448978755 44.21060919575697 0 0 44.21060919575697 54.58939598019987 -10.3787867844429
332.8293448978755 44.21060919575697 0 0 44.21060919575697 54.58939598019987 -10.3787867844429
332.8293448978755 44.21060919575697 0 0 44.21060919575697 54.58939598019987 -10.3787867844429
332.8293448978755 44.21060919575697 0 0 44.21060919575697 54.58939598019987 -10.3787867844429
332.8293448978755 44.21060919575697 0 0 44.21060919575697 54.58939598019987 -10.3787867844429
332.8293448978755 44.21060919575697 0 0 44.21060919575697 54.58939598019987 -10.3787867844429
332.8293448978755 44.21060919575697 0 0 44.21060919575697 54.58939598019987 -10.3787867844429
332.8293448978755 44.21060919575697 0 0 44.21060919575697 54.58939598019987 -10.3787867844429
332.8293448978755 44.21060919575697 0 0 44.21060919575697 54.58939598019987 -10.3787867844429
332.8293448978755 44.21060919575697 0 0 44.21060919575697 54.58939598019987 -10.3787867844429
332.8293448978755 44.21060919575697 0 0 44.21060919575697 54.58939598019987 -10.3787867844429
332.8293448978755 44.21060919575697 0 0 44.21060919575697 54.58939598019987 -10.3787867844429
332.8293448978755 44.21060919575697 0 0 44.21060919575697 54.58939598019987 -10.3787867844429
332.8293448978755 44.21060919575697 0 0 44.21060919575697 54.58939598019987 -10.3787867844429
332.8293448978755 44.21060919575697 0 0 44.21060919575697 54.58939598019987 -10.3787867844429
332.8293448978755 44.21060919575697 0 0 44.21060919575697 54.58939598019987 -10.3787867844429
332.8293448978755 44.21060919575697 0 0 44.21060919575697 54.58939598019987 -10.3787867844429
332.8126700399881 44.19714452668967 0 0 44.19714452668967 54.57593131113257 -10.3787867844429
332.8126700399881 44.19714452668967 0 0 44.19714452668967 54.57593131113257 -10.3787867844429
332.7927882688689 44.17663078658876 0 0 44.17663078658876 54.55541757103166 -10.3787867844429
332.7927882688689 44.17663078658876 0 0 44.17663078658876 54.55541757103166 -10.3787867844429
332.7927882688689 44.17663078658876 0 0 44.17663078658876 54.55541757103166 -10.3787867844429
332.7927882688689 44.17663078658876 0 0 44.17663078658876 54.55541757103166 -10.3787867844429
332.7927882688689 44.17663078658876 0 0 44.17663078658876 54.55541757103166 -10.3787867844429
332.7927882688689 44.17663078658876 0 0 44.17663078658876 54.55541757103166 -10.3787867844429
332.7927882688689 44.17663078658876 0 0 44.17663078658876 54.55541757103166 -10.3787867844429
332.7927882688689 44.17663078658876 0 0 44.17663078658876 54.55541757103166 -10.3787867844429
332.7927882688689 44.17663078658876 0 0 44.17663078658876 54.55541757103166 -10.3787867844429
332.7852317906959 44.17237163800675 0 0 44.17237163800675 54.55115842244965 -10.3787867844429
332.7852317906959 44.17237163800675 0 0 44.17237163800675 54.55115842244965 -10.3787867844429
332.7852317906959 44.17237163800675 0 0 44.17237163800675 54.55115842244965 -10.3787867844429
332.7852317906959 44.17237163800675 0 0 44.17237163800675 54.55115842244965 -10.3787867844429
332.7852317906959 44.17237163800675 0 0 44.17237163800675 54.55115842244965 -10.3787867844429
332.7852317906959 44.17237163800675 0 0 44.17237163800675 54.55115842244965 -10.3787867844429
332.7852317906959 44.17237163800675 0 0 44.17237163800675 54.55115842244965 -10.3787867844429
332.7852317906959 44.17237163800675 0 0 44.17237163800675 54.55115842244965 -10.3787867844429
332.7852317906959 44.17237163800675 0 0 44.17237163800675 54.55115842244965 -10.3787867844429
332.7852317906959 44.17237163800675 0 0 44.17237163800675 54.55115842244965 -10.3787867844429
332.7852317906959 44.17237163800675 0 0 44.17237163800675 54.55115842244965 -10.3787867844429
332.7852317906959 44.17237163800675 0 0 44.17237163800675 54.55115842244965 -10.3787867844429
332.7852317906959 44.17237163800675 0 0 44.17237163800675 54.55115842244965 -10.3787867844429
332.7852317906959 44.17237163800675 0 0 44.17237163800675 54.55115842244965 -10.3787867844429
332.7852317906959 44.17237163800675 0 0 44.17237163800675 54.55115842244965 -10.3787867844429
332.7852317906959 44.17237163800675 0 0 44.17237163800675 54.55115842244965 -10.3787867844429
332.7852317906959 44.17237163800675 0 0 44.17237163800675 54.55115842244965 -10.3787867844429
332.3028628953695 43.99868374967268 0 0 43.99868374967268 54.37747053411558 -10.3787867844429
332.3028628953695 43.99868374967268 0 0 43.99868374967268 54.37747053411558 -10.3787867844429
332.3028628953695 43.99868374967268 0 0 43.99868374967268 54.37747053411558 -10.3787867844429
332.3028628953695 43.99868374967268 0 0 43.99868374967268 54.37747053411558 -10.3787867844429
332.3028628953695 43.99868374967268 0 0 43.99868374967268 54.37747053411558 -10.3787867844429
332.3028628953695 43.99868374967268 0 0 43.99868374967268 54.37747053411558 -10.3787867844429
332.3028628953695 43.99868374967268 0 0 43.99868374967268 54.37747053411558 -10.3787867844429
332.3028628953695 43.99868374967268 0 0 43.99868374967268 54.37747053411558 -10.3787867844429
332.3028628953695 43.99868374967268 0 0 43.99868374967268 54.37747053411558 -10.3787867844429
332.3028628953695 43.99868374967268 0 0 43.99868374967268 54.37747053411558 -10.3787867844429
332.3028628953695 43.99868374967268 0 0 43.99868374967268 54.37747053411558 -10.3787867844429
332.3028628953695 43.99868374967268 0 0 43.99868374967268 54.37747053411558 -10.3787867844429
332.3028628953695 43.99868374967268 0 0 43.99868374967268 54.37747053411558 -10.3787867844429
332.3028628953695 43.99868374967268 0 0 43.99868374967268 54.37747053411558 -10.3787867844429
332.3028628953695 43.99868374967268 0 0 43.99868374967268 54.37747053411558 -10.3787867844429
332.3028628953695 43.99868374967268 0 0 43.99868374967268 54.37747053411558 -10.3787867844429
332.3028628953695 43.99868374967268 0 0 43.99868374967268 54.37747053411558 -10.3787867844429
332.3028628953695 43.99868374967268 0 0 43.99868374967268 54.37747053411558 -10.3787867844429
332.3028628953695 43.99868374967268 0 0 43.99868374967268 54.37747053411558 -10.3787867844429
332.3028628953695 43.99868374967268 0 0 43.99868374967268 54.37747053411558 -10.3787867844429
332.3028628953695 43.99868374967268 0 0 43.99868374967268 54.37747053411558 -10.3787867844429
332.3028628953695 43.99868374967268 0 0 43.99868374967268 54.37747053411558 -10.3787867844429
332.3028628953695 43.99868374967268 0 0 43.99868374967268 54.37747053411558 -10.3787867844429
332.3028628953695 43.99868374967268 0 0 43.99868374967268 54.37747053411558 -10.3787867844429
332.3028628953695 43.99868374967268 0 0 43.99868374967268 54.37747053411558 -10.3787867844429
332.3028628953695 43.99868374967268 0 0 43.99868374967268 54.37747053411558 -10.3787867844429
332.3028628953695 43.99868374967268 0 0 43.99868374967268 54.37747053411558 -10.3787867844429
332.3028628953695 43.99868374967268 0 0 43.99868374967268 54.37747053411558 -10.3787867844429
332.3028628953695 43.99868374967268 0 0 43.99868374967268 54.37747053411558 -10.3787867844429
332.3028628953695 43.99868374967268 0 0 43.99868374967268 54.37747053411558 -10.3787867844429
332.3028628953695 43.99868374967268 0 0 43.99868374967268 54.37747053411558 -10.3787867844429
332.3028628953695 43.99868374967268 0 0 43.99868374967268 54.37747053411558 -10.3787867844429
332.3028628953695 43.99868374967268 0 0 43.99868374967268 54.37747053411558 -10.3787867844429
332.3028628953695 43.99868374967268 0 0 43.99868374967268 54.37747053411558 -10.3787867844429
332.3028628953695 43.99868374967268 0 0 43.99868374967268 54.37747053411558 -10.3787867844429
332.3028628953695 43.99868374967268 0 0 43.99868374967268 54.37747053411558 -10.3787867844429
332.3028628953695 43.99868374967268 0 0 43.99868374967268 54.37747053411558 -10.3787867844429
332.3028628953695 43.99868374967268 0 0 43.99868374967268 54.37747053411558 -10.3787867844429
332.3028628953695 43.99868374967268 0 0 43.99868374967268 54.37747053411558 -10.3787867844429
332.3028628953695 43.99868374967268 0 0 43.99868374967268 54.37747053411558 -10.3787867844429
332.3028628953695 43.99868374967268 0 0 43.99868374967268 54.37747053411558 -10.3787867844429
332.3028628953695 43.99868374967268 0 0 43.99868374967268 54.37747053411558 -10.3787867844429
332.3028628953695 43.99868374967268 0 0 43.99868374967268 54.37747053411558 -10.3787867844429
332.3028628953695 43.99868374967268 0 0 43.99868374967268 54.37747053411558 -10.3787867844429
332.4824392124225 44.05440256885663 0 0 44.05440256885663 54.43318935329953 -10.3787867844429
332.4824392124225 44.05440256885663 0 0 44.05440256885663 54.43318935329953 -10.3787867844429
332.4824392124225 44.05440256885663 0 0 44.05440256885663 54.43318935329953 -10.3787867844429
332.4824392124225 44.05440256885663 0 0 44.05440256885663 54.43318935329953 -10.3787867844429
332.4824392124225 44.05440256885663 0 0 44.05440256885663 54.43318935329953 -10.3787867844429
332.4824392124225 44.05440256885663 0 0 44.05440256885663 54.43318935329953 -10.3787867844429
332.4824392124225 44.05440256885663 0 0 44.05440256885663 54.43318935329953 -10.3787867844429
332.4824392124225 44.05440256885663 0 0 44.05440256885663 54.43318935329953 -10.3787867844429
332.4824392124225 44.05440256885663 0 0 44.05440256885663 54.43318935329953 -10.3787867844429
332.4824392124225 44.05440256885663 0 0 44.05440256885663 54.43318935329953 -10.3787867844429
332.4824392124225 44.05440256885663 0 0 44.05440256885663 54.43318935329953 -10.3787867844429
332.1092134322422 44.3487824385645 0 0 44.3487824385645 54.72756922300739 -10.3787867844429
332.1092134322422 44.3487824385645 0 0 44.3487824385645 54.72756922300739 -10.3787867844429
332.1092134322422 44.3487824385645 0 0 44.3487824385645 54.72756922300739 -10.3787867844429
332.4268059509442 44.22411905589914 0 0 44.22411905589914 54.60290584034203 -10.3787867844429
332.4268059509442 44.22411905589914 0 0 44.22411905589914 54.60290584034203 -10.3787867844429
332.4268059509442 44.22411905589914 0 0 44.22411905589914 54.60290584034203 -10.3787867844429
332.4268059509442 44.22411905589914 0 0 44.22411905589914 54.60290584034203 -10.3787867844429
332.4268059509442 44.22411905589914 0 0 44.22411905589914 54.60290584034203 -10.3787867844429
332.4268059509442 44.22411905589914 0 0 44.22411905589914 54.60290584034203 -10.3787867844429
332.4268059509442 44.22411905589914 0 0 44.22411905589914 54.60290584034203 -10.3787867844429
332.4268059509442 44.22411905589914 0 0 44.22411905589914 54.60290584034203 -10.3787867844429
331.8159451385651 44.21259003335626 0 0 44.21259003335626 54.59137681779917 -10.3787867844429
331.8159451385651 44.21259003335626 0 0 44.21259003335626 54.59137681779917 -10.3787867844429
331.8159451385651 44.21259003335626 0 0 44.21259003335626 54.59137681779917 -10.3787867844429
331.8159451385651 44.21259003335626 0 0 44.21259003335626 54.59137681779917 -10.3787867844429
331.8159451385651 44.21259003335626 0 0 44.21259003335626 54.59137681779917 -10.3787867844429
331.8159451385651 44.21259003335626 0 0 44.21259003335626 54.59137681779917 -10.3787867844429
331.8159451385651 44.21259003335626 0 0 44.21259003335626 54.59137681779917 -10.3787867844429
331.8159451385651 44.21259003335626 0 0 44.21259003335626 54.59137681779917 -10.3787867844429
331.8159451385651 44.21259003335626 0 0 44.21259003335626 54.59137681779917 -10.3787867844429
331.8159451385651 44.21259003335626 0 0 44.21259003335626 54.59137681779917 -10.3787867844429
331.8159451385651 44.21259003335626 0 0 44.21259003335626 54.59137681779917 -10.3787867844429
331.8159451385651 44.21259003335626 0 0 44.21259003335626 54.59137681779917 -10.3787867844429
331.8159451385651 44.21259003335626 0 0 44.21259003335626 54.59137681779917 -10.3787867844429
331.8078439416677 44.17701142039581 0 0 44.17701142039581 54.55579820483871 -10.3787867844429
331.8078439416677 44.17701142039581 0 0 44.17701142039581 54.55579820483871 -10.3787867844429
331.8078439416677 44.17701142039581 0 0 44.17701142039581 54.55579820483871 -10.3787867844429
331.8078439416677 44.17701142039581 0 0 44.17701142039581 54.55579820483871 -10.3787867844429
331.8078439416677 44.17701142039581 0 0 44.17701142039581 54.55579820483871 -10.3787867844429
331.8078439416677 44.17701142039581 0 0 44.17701142039581 54.55579820483871 -10.3787867844429
331.8078439416677 44.17701142039581 0 0 44.17701142039581 54.55579820483871 -10.3787867844429
331.8078439416677 44.17701142039581 0 0 44.17701142039581 54.55579820483871 -10.3787867844429
331.8078439416677 44.17701142039581 0 0 44.17701142039581 54.55579820483871 -10.3787867844429
331.8078439416677 44.17701142039581 0 0 44.17701142039581 54.55579820483871 -10.3787867844429
331.8078439416677 44.17701142039581 0 0 44.17701142039581 54.55579820483871 -10.3787867844429
331.8078439416677 44.17701142039581 0 0 44.17701142039581 54.55579820483871 -10.3787867844429
331.8078439416677 44.17701142039581 0 0 44.17701142039581 54.55579820483871 -10.3787867844429
331.1482457421303 44.26361581651631 0 0 44.26361581651631 54.6424026009592 -10.3787867844429
331.1482457421303 44.26361581651631 0 0 44.26361581651631 54.6424026009592 -10.3787867844429
331.1482457421303 44.26361581651631 0 0 44.26361581651631 54.6424026009592 -10.3787867844429
331.1482457421303 44.26361581651631 0 0 44.26361581651631 54.6424026009592 -10.3787867844429
331.1482457421303 44.26361581651631 0 0 44.26361581651631 54.6424026009592 -10.3787867844429
331.1482457421303 44.26361581651631 0 0 44.26361581651631 54.6424026009592 -10.3787867844429
331.1482457421303 44.26361581651631 0 0 44.26361581651631 54.6424026009592 -10.3787867844429
331.1482457421303 44.26361581651631 0 0 44.26361581651631 54.6424026009592 -10.3787867844429
332.1441092208446 44.2927263670808 0 0 44.2927263670808 54.6715131515237 -10.3787867844429
332.1441092208446 44.2927263670808 0 0 44.2927263670808 54.6715131515237 -10.3787867844429
332.1441092208446 44.2927263670808 0 0 44.2927263670808 54.6715131515237 -10.3787867844429
332.1441092208446 44.2927263670808 0 0 44.2927263670808 54.6715131515237 -10.3787867844429
332.1441092208446 44.2927263670808 0 0 44.2927263670808 54.6715131515237 -10.3787867844429
332.1441092208446 44.2927263670808 0 0 44.2927263670808 54.6715131515237 -10.3787867844429
332.1441092208446 44.2927263670808 0 0 44.2927263670808 54.6715131515237 -10.3787867844429
332.1441092208446 44.2927263670808 0 0 44.2927263670808 54.6715131515237 -10.3787867844429
332.1441092208446 44.2927263670808 0 0 44.2927263670808 54.6715131515237 -10.3787867844429
332.1441092208446 44.2927263670808 0 0 44.2927263670808 54.6715131515237 -10.3787867844429
