totalLogLikelihoodDensity totalLogPriorDensity H1NoiseLogPriorDensity L1NoiseLogPriorDensity gwLogPriorDensity gwExtrinsicLogPriorDensityTracker gwCbcLogPriorDensityTracker
177.3003043183418 41.21622357055331 0 0 41.21622357055331 51.59501035499621 -10.3787867844429
318.0240383008922 44.09521409535402 0 0 44.09521409535402 54.47400087979692 -10.3787867844429
333.1752184801948 44.07539062519375 0 0 44.07539062519375 54.45417740963665 -10.3787867844429
333.1752184801948 44.07539062519375 0 0 44.07539062519375 54.45417740963665 -10.3787867844429
333.1752184801948 44.07539062519375 0 0 44.07539062519375 54.45417740963665 -10.3787867844429
333.1752184801948 44.07539062519375 0 0 44.07539062519375 54.45417740963665 -10.3787867844429
333.1752184801948 44.07539062519375 0 0 44.07539062519375 54.45417740963665 -10.3787867844429
333.8391525717279 43.94899920162507 0 0 43.94899920162507 54.32778598606797 -10.3787867844429
333.8391525717279 43.94899920162507 0 0 43.94899920162507 54.32778598606797 -10.3787867844429
333.8391525717279 43.94899920162507 0 0 43.94899920162507 54.32778598606797 -10.3787867844429
333.8636859746135 43.898449287082 0 0 43.898449287082 54.2772360715249 -10.3787867844429
333.8636859746135 43.898449287082 0 0 43.898449287082 54.2772360715249 -10.3787867844429
333.8636859746135 43.898449287082 0 0 43.898449287082 54.2772360715249 -10.3787867844429
333.8636859746135 43.898449287082 0 0 43.898449287082 54.2772360715249 -10.3787867844429
333.8636859746135 43.898449287082 0 0 43.898449287082 54.2772360715249 -10.3787867844429
333.8636859746135 43.898449287082 0 0 43.898449287082 54.2772360715249 -10.3787867844429
333.8636859746135 43.898449287082 0 0 43.898449287082 54.2772360715249 -10.3787867844429
333.8636859746135 43.898449287082 0 0 43.898449287082 54.2772360715249 -10.3787867844429
333.8636859746135 43.898449287082 0 0 43.898449287082 54.2772360715249 -10.3787867844429
333.3819541455856 43.98381592062141 0 0 43.98381592062141 54.3626027050643 -10.3787867844429
333.3819541455856 43.98381592062141 0 0 43.98381592062141 54.3626027050643 -10.3787867844429
333.3819541455856 43.98381592062141 0 0 43.98381592062141 54.3626027050643 -10.3787867844429
333.3819541455856 43.98381592062141 0 0 43.98381592062141 54.3626027050643 -10.3787867844429
333.3819541455856 43.98381592062141 0 0 43.98381592062141 54.3626027050643 -10.3787867844429
333.3819541455856 43.98381592062141 0 0 43.98381592062141 54.3626027050643 -10.3787867844429
333.3819541455856 43.98381592062141 0 0 43.98381592062141 54.3626027050643 -10.3787867844429
333.3819541455856 43.98381592062141 0 0 43.98381592062141 54.3626027050643 -10.3787867844429
333.3819541455856 43.98381592062141 0 0 43.98381592062141 54.3626027050643 -10.3787867844429
333.3819541455856 43.98381592062141 0 0 43.98381592062141 54.3626027050643 -10.3787867844429
333.3819541455856 43.98381592062141 0 0 43.98381592062141 54.3626027050643 -10.3787867844429
333.3819541455856 43.98381592062141 0 0 43.98381592062141 54.3626027050643 -10.3787867844429
333.3819541455856 43.98381592062141 0 0 43.98381592062141 54.3626027050643 -10.3787867844429
333.3819541455856 43.98381592062141 0 0 43.98381592062141 54.3626027050643 -10.3787867844429
333.3819541455856 43.98381592062141 0 0 43.98381592062141 54.3626027050643 -10.3787867844429
333.3819541455856 43.98381592062141 0 0 43.98381592062141 54.3626027050643 -10.3787867844429
333.3819541455856 43.98381592062141 0 0 43.98381592062141 54.3626027050643 -10.3787867844429
333.3819541455856 43.98381592062141 0 0 43.98381592062141 54.3626027050643 -10.3787867844429
333.3819541455856 43.98381592062141 0 0 43.98381592062141 54.3626027050643 -10.3787867844429
333.3819541455856 43.98381592062141 0 0 43.98381592062141 54.3626027050643 -10.3787867844429
333.3819541455856 43.98381592062141 0 0 43.98381592062141 54.3626027050643 -10.3787867844429
333.3819541455856 43.98381592062141 0 0 43.98381592062141 54.3626027050643 -10.3787867844429
333.3819541455856 43.98381592062141 0 0 43.98381592062141 54.3626027050643 -10.3787867844429
333.3819541455856 43.98381592062141 0 0 43.98381592062141 54.3626027050643 -10.3787867844429
333.3819541455856 43.98381592062141 0 0 43.98381592062141 54.3626027050643 -10.3787867844429
333.3819541455856 43.98381592062141 0 0 43.98381592062141 54.3626027050643 -10.3787867844429
333.3819541455856 43.98381592062141 0 0 43.98381592062141 54.3626027050643 -10.3787867844429
333.3819541455856 43.98381592062141 0 0 43.98381592062141 54.3626027050643 -10.3787867844429
333.3819541455856 43.98381592062141 0 0 43.98381592062141 54.3626027050643 -10.3787867844429
333.3819541455856 43.98381592062141 0 0 43.98381592062141 54.3626027050643 -10.3787867844429
333.3819541455856 43.98381592062141 0 0 43.98381592062141 54.3626027050643 -10.3787867844429
333.3819541455856 43.98381592062141 0 0 43.98381592062141 54.3626027050643 -10.3787867844429
333.3819541455856 43.98381592062141 0 0 43.98381592062141 54.3626027050643 -10.3787867844429
333.3819541455856 43.98381592062141 0 0 43.98381592062141 54.3626027050643 -10.3787867844429
333.3819541455856 43.98381592062141 0 0 43.98381592062141 54.3626027050643 -10.3787867844429
333.3819541455856 43.98381592062141 0 0 43.98381592062141 54.3626027050643 -10.3787867844429
333.3819541455856 43.98381592062141 0 0 43.98381592062141 54.3626027050643 -10.3787867844429
333.3819541455856 43.98381592062141 0 0 43.98381592062141 54.3626027050643 -10.3787867844429
333.3819541455856 43.98381592062141 0 0 43.98381592062141 54.3626027050643 -10.3787867844429
333.3819541455856 43.98381592062141 0 0 43.98381592062141 54.3626027050643 -10.3787867844429
333.3819541455856 43.98381592062141 0 0 43.98381592062141 54.3626027050643 -10.3787867844429
333.3819541455856 43.98381592062141 0 0 43.98381592062141 54.3626027050643 -10.3787867844429
333.3819541455856 43.98381592062141 0 0 43.98381592062141 54.3626027050643 -10.3787867844429
333.3819541455856 43.98381592062141 0 0 43.98381592062141 54.3626027050643 -10.3787867844429
333.3819541455856 43.98381592062141 0 0 43.98381592062141 54.3626027050643 -10.3787867844429
333.3819541455856 43.98381592062141 0 0 43.98381592062141 54.3626027050643 -10.3787867844429
333.3819541455856 43.98381592062141 0 0 43.98381592062141 54.3626027050643 -10.3787867844429
333.3819541455856 43.98381592062141 0 0 43.98381592062141 54.3626027050643 -10.3787867844429
333.3819541455856 43.98381592062141 0 0 43.98381592062141 54.3626027050643 -10.3787867844429
333.3819541455856 43.98381592062141 0 0 43.98381592062141 54.3626027050643 -10.3787867844429
333.3819541455856 43.98381592062141 0 0 43.98381592062141 54.3626027050643 -10.3787867844429
333.3819541455856 43.98381592062141 0 0 43.98381592062141 54.3626027050643 -10.3787867844429
333.3819541455856 43.98381592062141 0 0 43.98381592062141 54.3626027050643 -10.3787867844429
333.3819541455856 43.98381592062141 0 0 43.98381592062141 54.3626027050643 -10.3787867844429
333.3819541455856 43.98381592062141 0 0 43.98381592062141 54.3626027050643 -10.3787867844429
333.3819541455856 43.98381592062141 0 0 43.98381592062141 54.3626027050643 -10.3787867844429
333.3819541455856 43.98381592062141 0 0 43.98381592062141 54.3626027050643 -10.3787867844429
333.3819541455856 43.98381592062141 0 0 43.98381592062141 54.3626027050643 -10.3787867844429
333.3819541455856 43.98381592062141 0 0 43.98381592062141 54.3626027050643 -10.3787867844429
333.3819541455856 43.98381592062141 0 0 43.98381592062141 54.3626027050643 -10.3787867844429
333.3819541455856 43.98381592062141 0 0 43.98381592062141 54.3626027050643 -10.3787867844429
333.3819541455856 43.98381592062141 0 0 43.98381592062141 54.3626027050643 -10.3787867844429
333.3819541455856 43.98381592062141 0 0 43.98381592062141 54.3626027050643 -10.3787867844429
333.3819541455856 43.98381592062141 0 0 43.98381592062141 54.3626027050643 -10.3787867844429
333.3819541455856 43.98381592062141 0 0 43.98381592062141 54.3626027050643 -10.3787867844429
333.3819541455856 43.98381592062141 0 0 43.98381592062141 54.3626027050643 -10.3787867844429
333.3819541455856 43.98381592062141 0 0 43.98381592062141 54.3626027050643 -10.3787867844429
333.3819541455856 43.98381592062141 0 0 43.98381592062141 54.3626027050643 -10.3787867844429
333.3819541455856 43.98381592062141 0 0 43.98381592062141 54.3626027050643 -10.3787867844429
333.3819541455856 43.98381592062141 0 0 43.98381592062141 54.3626027050643 -10.3787867844429
333.3819541455856 43.98381592062141 0 0 43.98381592062141 54.3626027050643 -10.3787867844429
333.3819541455856 43.98381592062141 0 0 43.98381592062141 54.3626027050643 -10.3787867844429
333.3819541455856 43.98381592062141 0 0 43.98381592062141 54.3626027050643 -10.3787867844429
333.3819541455856 43.98381592062141 0 0 43.98381592062141 54.3626027050643 -10.3787867844429
333.3819541455856 43.98381592062141 0 0 43.98381592062141 54.3626027050643 -10.3787867844429
333.3819541455856 43.98381592062141 0 0 43.98381592062141 54.3626027050643 -10.3787867844429
333.3819541455856 43.98381592062141 0 0 43.98381592062141 54.3626027050643 -10.3787867844429
333.3819541455856 43.98381592062141 0 0 43.98381592062141 54.3626027050643 -10.3787867844429
333.3819541455856 43.98381592062141 0 0 43.98381592062141 54.3626027050643 -10.3787867844429
333.3819541455856 43.98381592062141 0 0 43.98381592062141 54.3626027050643 -10.3787867844429
333.3819541455856 43.98381592062141 0 0 43.98381592062141 54.3626027050643 -10.3787867844429
333.3819541455856 43.98381592062141 0 0 43.98381592062141 54.3626027050643 -10.3787867844429
333.0634928915779 43.85239655501962 0 0 43.85239655501962 54.23118333946253 -10.3787867844429
333.0634928915779 43.85239655501962 0 0 43.85239655501962 54.23118333946253 -10.3787867844429
333.0634928915779 43.85239655501962 0 0 43.85239655501962 54.23118333946253 -10.3787867844429
333.0634928915779 43.85239655501962 0 0 43.85239655501962 54.23118333946253 -10.3787867844429
333.0634928915779 43.85239655501962 0 0 43.85239655501962 54.23118333946253 -10.3787867844429
333.0634928915779 43.85239655501962 0 0 43.85239655501962 54.23118333946253 -10.3787867844429
333.0634928915779 43.85239655501962 0 0 43.85239655501962 54.23118333946253 -10.3787867844429
333.0634928915779 43.85239655501962 0 0 43.85239655501962 54.23118333946253 -10.3787867844429
333.0634928915779 43.85239655501962 0 0 43.85239655501962 54.23118333946253 -10.3787867844429
333.0634928915779 43.85239655501962 0 0 43.85239655501962 54.23118333946253 -10.3787867844429
333.0634928915779 43.85239655501962 0 0 43.85239655501962 54.23118333946253 -10.3787867844429
333.0634928915779 43.85239655501962 0 0 43.85239655501962 54.23118333946253 -10.3787867844429
333.0634928915779 43.85239655501962 0 0 43.85239655501962 54.23118333946253 -10.3787867844429
333.0634928915779 43.85239655501962 0 0 43.85239655501962 54.23118333946253 -10.3787867844429
333.0634928915779 43.85239655501962 0 0 43.85239655501962 54.23118333946253 -10.3787867844429
333.0634928915779 43.85239655501962 0 0 43.85239655501962 54.23118333946253 -10.3787867844429
333.0634928915779 43.85239655501962 0 0 43.85239655501962 54.23118333946253 -10.3787867844429
333.0634928915779 43.85239655501962 0 0 43.85239655501962 54.23118333946253 -10.3787867844429
333.0634928915779 43.85239655501962 0 0 43.85239655501962 54.23118333946253 -10.3787867844429
333.0634928915779 43.85239655501962 0 0 43.85239655501962 54.23118333946253 -10.3787867844429
333.0634928915779 43.85239655501962 0 0 43.85239655501962 54.23118333946253 -10.3787867844429
333.0634928915779 43.85239655501962 0 0 43.85239655501962 54.23118333946253 -10.3787867844429
333.0634928915779 43.85239655501962 0 0 43.85239655501962 54.23118333946253 -10.3787867844429
333.0634928915779 43.85239655501962 0 0 43.85239655501962 54.23118333946253 -10.3787867844429
333.0634928915779 43.85239655501962 0 0 43.85239655501962 54.23118333946253 -10.3787867844429
333.0634928915779 43.85239655501962 0 0 43.85239655501962 54.23118333946253 -10.3787867844429
333.0634928915779 43.85239655501962 0 0 43.85239655501962 54.23118333946253 -10.3787867844429
333.0634928915779 43.85239655501962 0 0 43.85239655501962 54.23118333946253 -10.3787867844429
333.4758913259592 44.05024592373979 0 0 44.05024592373979 54.42903270818269 -10.3787867844429
333.4758913259592 44.05024592373979 0 0 44.05024592373979 54.42903270818269 -10.3787867844429
333.4758913259592 44.05024592373979 0 0 44.05024592373979 54.42903270818269 -10.3787867844429
333.4758913259592 44.05024592373979 0 0 44.05024592373979 54.42903270818269 -10.3787867844429
333.4758913259592 44.05024592373979 0 0 44.05024592373979 54.42903270818269 -10.3787867844429
333.4758913259592 44.05024592373979 0 0 44.05024592373979 54.42903270818269 -10.3787867844429
333.4758913259592 44.05024592373979 0 0 44.05024592373979 54.42903270818269 -10.3787867844429
333.4758913259592 44.05024592373979 0 0 44.05024592373979 54.42903270818269 -10.3787867844429
333.4758913259592 44.05024592373979 0 0 44.05024592373979 54.42903270818269 -10.3787867844429
333.4758913259592 44.05024592373979 0 0 44.05024592373979 54.42903270818269 -10.3787867844429
333.4758913259592 44.05024592373979 0 0 44.05024592373979 54.42903270818269 -10.3787867844429
333.4758913259592 44.05024592373979 0 0 44.05024592373979 54.42903270818269 -10.3787867844429
333.4758913259592 44.05024592373979 0 0 44.05024592373979 54.42903270818269 -10.3787867844429
333.4758913259592 44.05024592373979 0 0 44.05024592373979 54.42903270818269 -10.3787867844429
333.4758913259592 44.05024592373979 0 0 44.05024592373979 54.42903270818269 -10.3787867844429
333.4758913259592 44.05024592373979 0 0 44.05024592373979 54.42903270818269 -10.3787867844429
333.4758913259592 44.05024592373979 0 0 44.05024592373979 54.42903270818269 -10.3787867844429
333.4758913259592 44.05024592373979 0 0 44.05024592373979 54.42903270818269 -10.3787867844429
333.4758913259592 44.05024592373979 0 0 44.05024592373979 54.42903270818269 -10.3787867844429
333.4758913259592 44.05024592373979 0 0 44.05024592373979 54.42903270818269 -10.3787867844429
333.4758913259592 44.05024592373979 0 0 44.05024592373979 54.42903270818269 -10.3787867844429
333.4758913259592 44.05024592373979 0 0 44.05024592373979 54.42903270818269 -10.3787867844429
333.4758913259592 44.05024592373979 0 0 44.05024592373979 54.42903270818269 -10.3787867844429
334.4455160201443 44.08662198236215 0 0 44.08662198236215 54.46540876680505 -10.3787867844429
334.4455160201443 44.08662198236215 0 0 44.08662198236215 54.46540876680505 -10.3787867844429
334.4455160201443 44.08662198236215 0 0 44.08662198236215 54.46540876680505 -10.3787867844429
334.4455160201443 44.08662198236215 0 0 44.08662198236215 54.46540876680505 -10.3787867844429
334.4455160201443 44.08662198236215 0 0 44.08662198236215 54.46540876680505 -10.3787867844429
334.4455160201443 44.08662198236215 0 0 44.08662198236215 54.46540876680505 -10.3787867844429
334.4455160201443 44.08662198236215 0 0 44.08662198236215 54.46540876680505 -10.3787867844429
334.4455160201443 44.08662198236215 0 0 44.08662198236215 54.46540876680505 -10.3787867844429
334.4455160201443 44.08662198236215 0 0 44.08662198236215 54.46540876680505 -10.3787867844429
334.4455160201443 44.08662198236215 0 0 44.08662198236215 54.46540876680505 -10.3787867844429
335.1579112580687 44.16198899695296 0 0 44.16198899695296 54.54077578139586 -10.3787867844429
335.1579112580687 44.16198899695296 0 0 44.16198899695296 54.54077578139586 -10.3787867844429
336.0788620024725 44.22841900007134 0 0 44.22841900007134 54.60720578451424 -10.3787867844429
335.6949185497181 44.35670384640241 0 0 44.35670384640241 54.73549063084531 -10.3787867844429
335.9407606514942 44.3978114682792 0 0 44.3978114682792 54.7765982527221 -10.3787867844429
335.3476202652762 44.39486699452682 0 0 44.39486699452682 54.77365377896972 -10.3787867844429
335.8733662910583 44.3068709159828 0 0 44.3068709159828 54.68565770042569 -10.3787867844429
335.8733662910583 44.3068709159828 0 0 44.3068709159828 54.68565770042569 -10.3787867844429
335.8733662910583 44.3068709159828 0 0 44.3068709159828 54.68565770042569 -10.3787867844429
335.8733662910583 44.3068709159828 0 0 44.3068709159828 54.68565770042569 -10.3787867844429
335.8733662910583 44.3068709159828 0 0 44.3068709159828 54.68565770042569 -10.3787867844429
335.8733662910583 44.3068709159828 0 0 44.3068709159828 54.68565770042569 -10.3787867844429
335.8733662910583 44.3068709159828 0 0 44.3068709159828 54.68565770042569 -10.3787867844429
335.8733662910583 44.3068709159828 0 0 44.3068709159828 54.68565770042569 -10.3787867844429
335.9411450782197 44.3199016940045 0 0 44.3199016940045 54.69868847844739 -10.3787867844429
335.9411450782197 44.3199016940045 0 0 44.3199016940045 54.69868847844739 -10.3787867844429
335.871385863402 44.36523612244208 0 0 44.36523612244208 54.74402290688498 -10.3787867844429
335.871385863402 44.36523612244208 0 0 44.36523612244208 54.74402290688498 -10.3787867844429
335.871385863402 44.36523612244208 0 0 44.36523612244208 54.74402290688498 -10.3787867844429
335.871385863402 44.36523612244208 0 0 44.36523612244208 54.74402290688498 -10.3787867844429
335.871385863402 44.36523612244208 0 0 44.36523612244208 54.74402290688498 -10.3787867844429
335.871385863402 44.36523612244208 0 0 44.36523612244208 54.74402290688498 -10.3787867844429
335.871385863402 44.36523612244208 0 0 44.36523612244208 54.74402290688498 -10.3787867844429
335.871385863402 44.36523612244208 0 0 44.36523612244208 54.74402290688498 -10.3787867844429
335.871385863402 44.36523612244208 0 0 44.36523612244208 54.74402290688498 -10.3787867844429
335.871385863402 44.36523612244208 0 0 44.36523612244208 54.74402290688498 -10.3787867844429
335.871385863402 44.36523612244208 0 0 44.36523612244208 54.74402290688498 -10.3787867844429
335.871385863402 44.36523612244208 0 0 44.36523612244208 54.74402290688498 -10.3787867844429
335.871385863402 44.36523612244208 0 0 44.36523612244208 54.74402290688498 -10.3787867844429
335.871385863402 44.36523612244208 0 0 44.36523612244208 54.74402290688498 -10.3787867844429
335.871385863402 44.36523612244208 0 0 44.36523612244208 54.74402290688498 -10.3787867844429
335.871385863402 44.36523612244208 0 0 44.36523612244208 54.74402290688498 -10.3787867844429
335.871385863402 44.36523612244208 0 0 44.36523612244208 54.74402290688498 -10.3787867844429
335.871385863402 44.36523612244208 0 0 44.36523612244208 54.74402290688498 -10.3787867844429
335.871385863402 44.36523612244208 0 0 44.36523612244208 54.74402290688498 -10.3787867844429
335.871385863402 44.36523612244208 0 0 44.36523612244208 54.74402290688498 -10.3787867844429
335.871385863402 44.36523612244208 0 0 44.36523612244208 54.74402290688498 -10.3787867844429
336.0759864509163 44.34599188140193 0 0 44.34599188140193 54.72477866584483 -10.3787867844429
336.0759864509163 44.34599188140193 0 0 44.34599188140193 54.72477866584483 -10.3787867844429
336.0759864509163 44.34599188140193 0 0 44.34599188140193 54.72477866584483 -10.3787867844429
336.0759864509163 44.34599188140193 0 0 44.34599188140193 54.72477866584483 -10.3787867844429
336.0759864509163 44.34599188140193 0 0 44.34599188140193 54.72477866584483 -10.3787867844429
336.0759864509163 44.34599188140193 0 0 44.34599188140193 54.72477866584483 -10.3787867844429
336.0759864509163 44.34599188140193 0 0 44.34599188140193 54.72477866584483 -10.3787867844429
336.0759864509163 44.34599188140193 0 0 44.34599188140193 54.72477866584483 -10.3787867844429
336.0759864509163 44.34599188140193 0 0 44.34599188140193 54.72477866584483 -10.3787867844429
336.0759864509163 44.34599188140193 0 0 44.34599188140193 54.72477866584483 -10.3787867844429
336.0759864509163 44.34599188140193 0 0 44.34599188140193 54.72477866584483 -10.3787867844429
336.0759864509163 44.34599188140193 0 0 44.34599188140193 54.72477866584483 -10.3787867844429
336.0759864509163 44.34599188140193 0 0 44.34599188140193 54.72477866584483 -10.3787867844429
336.0759864509163 44.34599188140193 0 0 44.34599188140193 54.72477866584483 -10.3787867844429
336.0759864509163 44.34599188140193 0 0 44.34599188140193 54.72477866584483 -10.3787867844429
336.0759864509163 44.34599188140193 0 0 44.34599188140193 54.72477866584483 -10.3787867844429
336.0759864509163 44.34599188140193 0 0 44.34599188140193 54.72477866584483 -10.3787867844429
336.0759864509163 44.34599188140193 0 0 44.34599188140193 54.72477866584483 -10.3787867844429
336.0759864509163 44.34599188140193 0 0 44.34599188140193 54.72477866584483 -10.3787867844429
335.5864357069078 44.37017881112838 0 0 44.37017881112838 54.74896559557128 -10.3787867844429
335.5864357069078 44.37017881112838 0 0 44.37017881112838 54.74896559557128 -10.3787867844429
335.5864357069078 44.37017881112838 0 0 44.37017881112838 54.74896559557128 -10.3787867844429
335.5864357069078 44.37017881112838 0 0 44.37017881112838 54.74896559557128 -10.3787867844429
335.5864357069078 44.37017881112838 0 0 44.37017881112838 54.74896559557128 -10.3787867844429
335.5864357069078 44.37017881112838 0 0 44.37017881112838 54.74896559557128 -10.3787867844429
335.5864357069078 44.37017881112838 0 0 44.37017881112838 54.74896559557128 -10.3787867844429
335.5864357069078 44.37017881112838 0 0 44.37017881112838 54.74896559557128 -10.3787867844429
335.5864357069078 44.37017881112838 0 0 44.37017881112838 54.74896559557128 -10.3787867844429
335.5864357069078 44.37017881112838 0 0 44.37017881112838 54.74896559557128 -10.3787867844429
335.6768342847055 44.38655821643718 0 0 44.38655821643718 54.76534500088007 -10.3787867844429
335.6768342847055 44.38655821643718 0 0 44.38655821643718 54.76534500088007 -10.3787867844429
335.6768342847055 44.38655821643718 0 0 44.38655821643718 54.76534500088007 -10.3787867844429
335.6768342847055 44.38655821643718 0 0 44.38655821643718 54.76534500088007 -10.3787867844429
335.9197924029048 44.34667825967141 0 0 44.34667825967141 54.7254650441143 -10.3787867844429
335.9197924029048 44.34667825967141 0 0 44.34667825967141 54.7254650441143 -10.3787867844429
335.9197924029048 44.34667825967141 0 0 44.34667825967141 54.7254650441143 -10.3787867844429
335.9197924029048 44.34667825967141 0 0 44.34667825967141 54.7254650441143 -10.3787867844429
335.9197924029048 44.34667825967141 0 0 44.34667825967141 54.7254650441143 -10.3787867844429
335.9197924029048 44.34667825967141 0 0 44.34667825967141 54.7254650441143 -10.3787867844429
335.9197924029048 44.34667825967141 0 0 44.34667825967141 54.7254650441143 -10.3787867844429
335.9197924029048 44.34667825967141 0 0 44.34667825967141 54.7254650441143 -10.3787867844429
335.9197924029048 44.34667825967141 0 0 44.34667825967141 54.7254650441143 -10.3787867844429
335.9197924029048 44.34667825967141 0 0 44.34667825967141 54.7254650441143 -10.3787867844429
335.9197924029048 44.34667825967141 0 0 44.34667825967141 54.7254650441143 -10.3787867844429
335.9197924029048 44.34667825967141 0 0 44.34667825967141 54.7254650441143 -10.3787867844429
335.8880763575935 44.31163042902821 0 0 44.31163042902821 54.69041721347111 -10.3787867844429
335.8880763575935 44.31163042902821 0 0 44.31163042902821 54.69041721347111 -10.3787867844429
335.8552781865991 44.30889601180188 0 0 44.30889601180188 54.68768279624477 -10.3787867844429
335.8552781865991 44.30889601180188 0 0 44.30889601180188 54.68768279624477 -10.3787867844429
335.8552781865991 44.30889601180188 0 0 44.30889601180188 54.68768279624477 -10.3787867844429
335.8552781865991 44.30889601180188 0 0 44.30889601180188 54.68768279624477 -10.3787867844429
335.8552781865991 44.30889601180188 0 0 44.30889601180188 54.68768279624477 -10.3787867844429
335.8552781865991 44.30889601180188 0 0 44.30889601180188 54.68768279624477 -10.3787867844429
335.8552781865991 44.30889601180188 0 0 44.30889601180188 54.68768279624477 -10.3787867844429
335.3843230752909 44.31432736634643 0 0 44.31432736634643 54.69311415078933 -10.3787867844429
335.3843230752909 44.31432736634643 0 0 44.31432736634643 54.69311415078933 -10.3787867844429
335.2293317159592 44.28022867682903 0 0 44.28022867682903 54.65901546127193 -10.3787867844429
335.2293317159592 44.28022867682903 0 0 44.28022867682903 54.65901546127193 -10.3787867844429
335.2293317159592 44.28022867682903 0 0 44.28022867682903 54.65901546127193 -10.3787867844429
335.2293317159592 44.28022867682903 0 0 44.28022867682903 54.65901546127193 -10.3787867844429
335.2293317159592 44.28022867682903 0 0 44.28022867682903 54.65901546127193 -10.3787867844429
335.2293317159592 44.28022867682903 0 0 44.28022867682903 54.65901546127193 -10.3787867844429
335.2293317159592 44.28022867682903 0 0 44.28022867682903 54.65901546127193 -10.3787867844429
335.7246485363955 44.31064542122371 0 0 44.31064542122371 54.68943220566661 -10.3787867844429
335.7246485363955 44.31064542122371 0 0 44.31064542122371 54.68943220566661 -10.3787867844429
335.7246485363955 44.31064542122371 0 0 44.31064542122371 54.68943220566661 -10.3787867844429
335.7246485363955 44.31064542122371 0 0 44.31064542122371 54.68943220566661 -10.3787867844429
335.7246485363955 44.31064542122371 0 0 44.31064542122371 54.68943220566661 -10.3787867844429
335.7246485363955 44.31064542122371 0 0 44.31064542122371 54.68943220566661 -10.3787867844429
335.7246485363955 44.31064542122371 0 0 44.31064542122371 54.68943220566661 -10.3787867844429
335.7246485363955 44.31064542122371 0 0 44.31064542122371 54.68943220566661 -10.3787867844429
335.7246485363955 44.31064542122371 0 0 44.31064542122371 54.68943220566661 -10.3787867844429
335.7246485363955 44.31064542122371 0 0 44.31064542122371 54.68943220566661 -10.3787867844429
335.7246485363955 44.31064542122371 0 0 44.31064542122371 54.68943220566661 -10.3787867844429
335.7246485363955 44.31064542122371 0 0 44.31064542122371 54.68943220566661 -10.3787867844429
335.7246485363955 44.31064542122371 0 0 44.31064542122371 54.68943220566661 -10.3787867844429
334.8662589847766 44.28148575886799 0 0 44.28148575886799 54.66027254331089 -10.3787867844429
334.8662589847766 44.28148575886799 0 0 44.28148575886799 54.66027254331089 -10.3787867844429
334.8662589847766 44.28148575886799 0 0 44.28148575886799 54.66027254331089 -10.3787867844429
334.8662589847766 44.28148575886799 0 0 44.28148575886799 54.66027254331089 -10.3787867844429
334.8662589847766 44.28148575886799 0 0 44.28148575886799 54.66027254331089 -10.3787867844429
334.8662589847766 44.28148575886799 0 0 44.28148575886799 54.66027254331089 -10.3787867844429
334.8662589847766 44.28148575886799 0 0 44.28148575886799 54.66027254331089 -10.3787867844429
334.9357684894172 44.34909530060703 0 0 44.34909530060703 54.72788208504993 -10.3787867844429
334.9357684894172 44.34909530060703 0 0 44.34909530060703 54.72788208504993 -10.3787867844429
334.9357684894172 44.34909530060703 0 0 44.34909530060703 54.72788208504993 -10.3787867844429
334.9357684894172 44.34909530060703 0 0 44.34909530060703 54.72788208504993 -10.3787867844429
334.9357684894172 44.34909530060703 0 0 44.34909530060703 54.72788208504993 -10.3787867844429
334.9357684894172 44.34909530060703 0 0 44.34909530060703 54.72788208504993 -10.3787867844429
334.9357684894172 44.34909530060703 0 0 44.34909530060703 54.72788208504993 -10.3787867844429
334.9357684894172 44.34909530060703 0 0 44.34909530060703 54.72788208504993 -10.3787867844429
334.9357684894172 44.34909530060703 0 0 44.34909530060703 54.72788208504993 -10.3787867844429
334.9357684894172 44.34909530060703 0 0 44.34909530060703 54.72788208504993 -10.3787867844429
334.9357684894172 44.34909530060703 0 0 44.34909530060703 54.72788208504993 -10.3787867844429
335.132141880426 44.38139928567789 0 0 44.38139928567789 54.76018607012078 -10.3787867844429
335.132141880426 44.38139928567789 0 0 44.38139928567789 54.76018607012078 -10.3787867844429
335.132141880426 44.38139928567789 0 0 44.38139928567789 54.76018607012078 -10.3787867844429
335.2198014369449 44.37626469075123 0 0 44.37626469075123 54.75505147519413 -10.3787867844429
335.2198014369449 44.37626469075123 0 0 44.37626469075123 54.75505147519413 -10.3787867844429
335.2198014369449 44.37626469075123 0 0 44.37626469075123 54.75505147519413 -10.3787867844429
335.2198014369449 44.37626469075123 0 0 44.37626469075123 54.75505147519413 -10.3787867844429
335.3919180353686 44.39670889727148 0 0 44.39670889727148 54.77549568171438 -10.3787867844429
335.3919180353686 44.39670889727148 0 0 44.39670889727148 54.77549568171438 -10.3787867844429
335.3919180353686 44.39670889727148 0 0 44.39670889727148 54.77549568171438 -10.3787867844429
335.3919180353686 44.39670889727148 0 0 44.39670889727148 54.77549568171438 -10.3787867844429
335.9810162835743 44.3010104543622 0 0 44.3010104543622 54.67979723880509 -10.3787867844429
335.9810162835743 44.3010104543622 0 0 44.3010104543622 54.67979723880509 -10.3787867844429
335.9486980958954 44.26852223379646 0 0 44.26852223379646 54.64730901823935 -10.3787867844429
335.9486980958954 44.26852223379646 0 0 44.26852223379646 54.64730901823935 -10.3787867844429
335.9486980958954 44.26852223379646 0 0 44.26852223379646 54.64730901823935 -10.3787867844429
335.9486980958954 44.26852223379646 0 0 44.26852223379646 54.64730901823935 -10.3787867844429
335.9486980958954 44.26852223379646 0 0 44.26852223379646 54.64730901823935 -10.3787867844429
335.9486980958954 44.26852223379646 0 0 44.26852223379646 54.64730901823935 -10.3787867844429
335.9486980958954 44.26852223379646 0 0 44.26852223379646 54.64730901823935 -10.3787867844429
335.9486980958954 44.26852223379646 0 0 44.26852223379646 54.64730901823935 -10.3787867844429
335.6291887652907 44.28521479263681 0 0 44.28521479263681 54.6640015770797 -10.3787867844429
335.6291887652907 44.28521479263681 0 0 44.28521479263681 54.6640015770797 -10.3787867844429
335.6291887652907 44.28521479263681 0 0 44.28521479263681 54.6640015770797 -10.3787867844429
335.6291887652907 44.28521479263681 0 0 44.28521479263681 54.6640015770797 -10.3787867844429
335.6291887652907 44.28521479263681 0 0 44.28521479263681 54.6640015770797 -10.3787867844429
335.6291887652907 44.28521479263681 0 0 44.28521479263681 54.6640015770797 -10.3787867844429
335.6867340639923 44.31040377878368 0 0 44.31040377878368 54.68919056322657 -10.3787867844429
335.6867340639923 44.31040377878368 0 0 44.31040377878368 54.68919056322657 -10.3787867844429
335.6867340639923 44.31040377878368 0 0 44.31040377878368 54.68919056322657 -10.3787867844429
335.6867340639923 44.31040377878368 0 0 44.31040377878368 54.68919056322657 -10.3787867844429
335.6867340639923 44.31040377878368 0 0 44.31040377878368 54.68919056322657 -10.3787867844429
335.6867340639923 44.31040377878368 0 0 44.31040377878368 54.68919056322657 -10.3787867844429
335.6867340639923 44.31040377878368 0 0 44.31040377878368 54.68919056322657 -10.3787867844429
335.7956810257602 44.21613217595379 0 0 44.21613217595379 54.59491896039669 -10.3787867844429
335.9094048233679 44.10928035973969 0 0 44.10928035973969 54.48806714418259 -10.3787867844429
335.836104350753 44.31832188434552 0 0 44.31832188434552 54.69710866878842 -10.3787867844429
335.836104350753 44.31832188434552 0 0 44.31832188434552 54.69710866878842 -10.3787867844429
335.836104350753 44.31832188434552 0 0 44.31832188434552 54.69710866878842 -10.3787867844429
335.836104350753 44.31832188434552 0 0 44.31832188434552 54.69710866878842 -10.3787867844429
335.836104350753 44.31832188434552 0 0 44.31832188434552 54.69710866878842 -10.3787867844429
335.836104350753 44.31832188434552 0 0 44.31832188434552 54.69710866878842 -10.3787867844429
335.836104350753 44.31832188434552 0 0 44.31832188434552 54.69710866878842 -10.3787867844429
335.836104350753 44.31832188434552 0 0 44.31832188434552 54.69710866878842 -10.3787867844429
335.836104350753 44.31832188434552 0 0 44.31832188434552 54.69710866878842 -10.3787867844429
335.836104350753 44.31832188434552 0 0 44.31832188434552 54.69710866878842 -10.3787867844429
335.836104350753 44.31832188434552 0 0 44.31832188434552 54.69710866878842 -10.3787867844429
335.836104350753 44.31832188434552 0 0 44.31832188434552 54.69710866878842 -10.3787867844429
335.836104350753 44.31832188434552 0 0 44.31832188434552 54.69710866878842 -10.3787867844429
335.836104350753 44.31832188434552 0 0 44.31832188434552 54.69710866878842 -10.3787867844429
335.836104350753 44.31832188434552 0 0 44.31832188434552 54.69710866878842 -10.3787867844429
335.836104350753 44.31832188434552 0 0 44.31832188434552 54.69710866878842 -10.3787867844429
335.836104350753 44.31832188434552 0 0 44.31832188434552 54.69710866878842 -10.3787867844429
335.836104350753 44.31832188434552 0 0 44.31832188434552 54.69710866878842 -10.3787867844429
335.5225620301118 44.29594171031096 0 0 44.29594171031096 54.67472849475386 -10.3787867844429
335.5225620301118 44.29594171031096 0 0 44.29594171031096 54.67472849475386 -10.3787867844429
335.5225620301118 44.29594171031096 0 0 44.29594171031096 54.67472849475386 -10.3787867844429
335.5225620301118 44.29594171031096 0 0 44.29594171031096 54.67472849475386 -10.3787867844429
335.79791348814 44.22727804773005 0 0 44.22727804773005 54.60606483217295 -10.3787867844429
335.79791348814 44.22727804773005 0 0 44.22727804773005 54.60606483217295 -10.3787867844429
335.79791348814 44.22727804773005 0 0 44.22727804773005 54.60606483217295 -10.3787867844429
335.79791348814 44.22727804773005 0 0 44.22727804773005 54.60606483217295 -10.3787867844429
335.79791348814 44.22727804773005 0 0 44.22727804773005 54.60606483217295 -10.3787867844429
335.79791348814 44.22727804773005 0 0 44.22727804773005 54.60606483217295 -10.3787867844429
335.79791348814 44.22727804773005 0 0 44.22727804773005 54.60606483217295 -10.3787867844429
335.79791348814 44.22727804773005 0 0 44.22727804773005 54.60606483217295 -10.3787867844429
335.79791348814 44.22727804773005 0 0 44.22727804773005 54.60606483217295 -10.3787867844429
335.7786001607869 44.22862508503596 0 0 44.22862508503596 54.60741186947886 -10.3787867844429
334.9644606437776 44.25515517117907 0 0 44.25515517117907 54.63394195562196 -10.3787867844429
334.9644606437776 44.25515517117907 0 0 44.25515517117907 54.63394195562196 -10.3787867844429
334.9644606437776 44.25515517117907 0 0 44.25515517117907 54.63394195562196 -10.3787867844429
334.9644606437776 44.25515517117907 0 0 44.25515517117907 54.63394195562196 -10.3787867844429
334.9644606437776 44.25515517117907 0 0 44.25515517117907 54.63394195562196 -10.3787867844429
334.9644606437776 44.25515517117907 0 0 44.25515517117907 54.63394195562196 -10.3787867844429
334.9644606437776 44.25515517117907 0 0 44.25515517117907 54.63394195562196 -10.3787867844429
334.9644606437776 44.25515517117907 0 0 44.25515517117907 54.63394195562196 -10.3787867844429
334.9644606437776 44.25515517117907 0 0 44.25515517117907 54.63394195562196 -10.3787867844429
334.9678261580809 44.25763276083396 0 0 44.25763276083396 54.63641954527685 -10.3787867844429
334.9678261580809 44.25763276083396 0 0 44.25763276083396 54.63641954527685 -10.3787867844429
334.9678261580809 44.25763276083396 0 0 44.25763276083396 54.63641954527685 -10.3787867844429
334.9678261580809 44.25763276083396 0 0 44.25763276083396 54.63641954527685 -10.3787867844429
334.9678261580809 44.25763276083396 0 0 44.25763276083396 54.63641954527685 -10.3787867844429
334.9678261580809 44.25763276083396 0 0 44.25763276083396 54.63641954527685 -10.3787867844429
334.8413008762286 44.24527979038947 0 0 44.24527979038947 54.62406657483237 -10.3787867844429
334.8413008762286 44.24527979038947 0 0 44.24527979038947 54.62406657483237 -10.3787867844429
334.8413008762286 44.24527979038947 0 0 44.24527979038947 54.62406657483237 -10.3787867844429
335.8248927055823 44.22550156697642 0 0 44.22550156697642 54.60428835141931 -10.3787867844429
335.8248927055823 44.22550156697642 0 0 44.22550156697642 54.60428835141931 -10.3787867844429
335.8248927055823 44.22550156697642 0 0 44.22550156697642 54.60428835141931 -10.3787867844429
335.8248927055823 44.22550156697642 0 0 44.22550156697642 54.60428835141931 -10.3787867844429
335.8248927055823 44.22550156697642 0 0 44.22550156697642 54.60428835141931 -10.3787867844429
336.2795701436148 44.08460445180825 0 0 44.08460445180825 54.46339123625114 -10.3787867844429
336.2795701436148 44.08460445180825 0 0 44.08460445180825 54.46339123625114 -10.3787867844429
336.2795701436148 44.08460445180825 0 0 44.08460445180825 54.46339123625114 -10.3787867844429
336.3228790617968 43.9941154819962 0 0 43.9941154819962 54.37290226643911 -10.3787867844429
336.3228790617968 43.9941154819962 0 0 43.9941154819962 54.37290226643911 -10.3787867844429
336.3228790617968 43.9941154819962 0 0 43.9941154819962 54.37290226643911 -10.3787867844429
336.5800597247068 43.93880306959275 0 0 43.93880306959275 54.31758985403565 -10.3787867844429
336.9594491378383 44.10415478474799 0 0 44.10415478474799 54.48294156919089 -10.3787867844429
337.1991916671865 43.91455710788148 0 0 43.91455710788148 54.29334389232437 -10.3787867844429
337.0613453395947 43.81846535737806 0 0 43.81846535737806 54.19725214182095 -10.3787867844429
337.0613453395947 43.81846535737806 0 0 43.81846535737806 54.19725214182095 -10.3787867844429
337.5215198441529 44.03841132530526 0 0 44.03841132530526 54.41719810974816 -10.3787867844429
337.5215198441529 44.03841132530526 0 0 44.03841132530526 54.41719810974816 -10.3787867844429
337.5919760702889 44.04926596426692 0 0 44.04926596426692 54.42805274870982 -10.3787867844429
337.5919760702889 44.04926596426692 0 0 44.04926596426692 54.42805274870982 -10.3787867844429
337.6647759533146 44.16256803360822 0 0 44.16256803360822 54.54135481805112 -10.3787867844429
337.5582852536206 44.03232176878227 0 0 44.03232176878227 54.41110855322516 -10.3787867844429
337.5582852536206 44.03232176878227 0 0 44.03232176878227 54.41110855322516 -10.3787867844429
337.5582852536206 44.03232176878227 0 0 44.03232176878227 54.41110855322516 -10.3787867844429
337.5582852536206 44.03232176878227 0 0 44.03232176878227 54.41110855322516 -10.3787867844429
337.5582852536206 44.03232176878227 0 0 44.03232176878227 54.41110855322516 -10.3787867844429
337.5582852536206 44.03232176878227 0 0 44.03232176878227 54.41110855322516 -10.3787867844429
337.5582852536206 44.03232176878227 0 0 44.03232176878227 54.41110855322516 -10.3787867844429
337.5582852536206 44.03232176878227 0 0 44.03232176878227 54.41110855322516 -10.3787867844429
337.5582852536206 44.03232176878227 0 0 44.03232176878227 54.41110855322516 -10.3787867844429
337.5582852536206 44.03232176878227 0 0 44.03232176878227 54.41110855322516 -10.3787867844429
337.5582852536206 44.03232176878227 0 0 44.03232176878227 54.41110855322516 -10.3787867844429
337.6664501324672 43.98690905310002 0 0 43.98690905310002 54.36569583754292 -10.3787867844429
337.6976387736234 44.06377526001455 0 0 44.06377526001455 54.44256204445745 -10.3787867844429
337.643995407943 44.09168620393876 0 0 44.09168620393876 54.47047298838167 -10.3787867844429
337.643995407943 44.09168620393876 0 0 44.09168620393876 54.47047298838167 -10.3787867844429
338.0720294508867 44.0152843776841 0 0 44.0152843776841 54.39407116212699 -10.3787867844429
338.0720294508867 44.0152843776841 0 0 44.0152843776841 54.39407116212699 -10.3787867844429
338.0720294508867 44.0152843776841 0 0 44.0152843776841 54.39407116212699 -10.3787867844429
338.0720294508867 44.0152843776841 0 0 44.0152843776841 54.39407116212699 -10.3787867844429
338.0720294508867 44.0152843776841 0 0 44.0152843776841 54.39407116212699 -10.3787867844429
338.0720294508867 44.0152843776841 0 0 44.0152843776841 54.39407116212699 -10.3787867844429
338.8611266668787 43.98786523181519 0 0 43.98786523181519 54.36665201625809 -10.3787867844429
338.8611266668787 43.98786523181519 0 0 43.98786523181519 54.36665201625809 -10.3787867844429
338.8611266668787 43.98786523181519 0 0 43.98786523181519 54.36665201625809 -10.3787867844429
338.8611266668787 43.98786523181519 0 0 43.98786523181519 54.36665201625809 -10.3787867844429
339.1818344288745 43.98284135597035 0 0 43.98284135597035 54.36162814041325 -10.3787867844429
338.9685889380991 44.24732529762774 0 0 44.24732529762774 54.62611208207063 -10.3787867844429
338.9685889380991 44.24732529762774 0 0 44.24732529762774 54.62611208207063 -10.3787867844429
338.9685889380991 44.24732529762774 0 0 44.24732529762774 54.62611208207063 -10.3787867844429
338.4496742414815 44.10650956827213 0 0 44.10650956827213 54.48529635271503 -10.3787867844429
338.4496742414815 44.10650956827213 0 0 44.10650956827213 54.48529635271503 -10.3787867844429
338.4496742414815 44.10650956827213 0 0 44.10650956827213 54.48529635271503 -10.3787867844429
338.1337125378067 43.99015286015407 0 0 43.99015286015407 54.36893964459696 -10.3787867844429
338.7267427290834 44.05513309974174 0 0 44.05513309974174 54.43391988418464 -10.3787867844429
338.7299259211115 44.05176931303534 0 0 44.05176931303534 54.43055609747824 -10.3787867844429
338.7299259211115 44.05176931303534 0 0 44.05176931303534 54.43055609747824 -10.3787867844429
338.7299259211115 44.05176931303534 0 0 44.05176931303534 54.43055609747824 -10.3787867844429
338.7299259211115 44.05176931303534 0 0 44.05176931303534 54.43055609747824 -10.3787867844429
338.7299259211115 44.05176931303534 0 0 44.05176931303534 54.43055609747824 -10.3787867844429
338.7299259211115 44.05176931303534 0 0 44.05176931303534 54.43055609747824 -10.3787867844429
338.7299259211115 44.05176931303534 0 0 44.05176931303534 54.43055609747824 -10.3787867844429
338.9492846268054 44.13826975240394 0 0 44.13826975240394 54.51705653684684 -10.3787867844429
339.516681808186 44.15568825389087 0 0 44.15568825389087 54.53447503833377 -10.3787867844429
339.516681808186 44.15568825389087 0 0 44.15568825389087 54.53447503833377 -10.3787867844429
339.2618283580508 44.10241434673692 0 0 44.10241434673692 54.48120113117982 -10.3787867844429
339.2618283580508 44.10241434673692 0 0 44.10241434673692 54.48120113117982 -10.3787867844429
339.2618283580508 44.10241434673692 0 0 44.10241434673692 54.48120113117982 -10.3787867844429
338.619165016998 44.07135008697404 0 0 44.07135008697404 54.45013687141694 -10.3787867844429
338.619165016998 44.07135008697404 0 0 44.07135008697404 54.45013687141694 -10.3787867844429
339.2871469723472 44.03902641201746 0 0 44.03902641201746 54.41781319646036 -10.3787867844429
339.2871469723472 44.03902641201746 0 0 44.03902641201746 54.41781319646036 -10.3787867844429
339.2871469723472 44.03902641201746 0 0 44.03902641201746 54.41781319646036 -10.3787867844429
339.2871469723472 44.03902641201746 0 0 44.03902641201746 54.41781319646036 -10.3787867844429
339.2871469723472 44.03902641201746 0 0 44.03902641201746 54.41781319646036 -10.3787867844429
339.2871469723472 44.03902641201746 0 0 44.03902641201746 54.41781319646036 -10.3787867844429
339.2871469723472 44.03902641201746 0 0 44.03902641201746 54.41781319646036 -10.3787867844429
339.2871469723472 44.03902641201746 0 0 44.03902641201746 54.41781319646036 -10.3787867844429
339.5537628053355 44.16976141505974 0 0 44.16976141505974 54.54854819950264 -10.3787867844429
339.5537628053355 44.16976141505974 0 0 44.16976141505974 54.54854819950264 -10.3787867844429
339.5537628053355 44.16976141505974 0 0 44.16976141505974 54.54854819950264 -10.3787867844429
339.5537628053355 44.16976141505974 0 0 44.16976141505974 54.54854819950264 -10.3787867844429
339.5537628053355 44.16976141505974 0 0 44.16976141505974 54.54854819950264 -10.3787867844429
339.5537628053355 44.16976141505974 0 0 44.16976141505974 54.54854819950264 -10.3787867844429
339.7287535929808 44.35373704971347 0 0 44.35373704971347 54.73252383415637 -10.3787867844429
339.7287535929808 44.35373704971347 0 0 44.35373704971347 54.73252383415637 -10.3787867844429
339.7724786008246 44.31595361118872 0 0 44.31595361118872 54.69474039563161 -10.3787867844429
339.7724786008246 44.31595361118872 0 0 44.31595361118872 54.69474039563161 -10.3787867844429
339.7724786008246 44.31595361118872 0 0 44.31595361118872 54.69474039563161 -10.3787867844429
339.7724786008246 44.31595361118872 0 0 44.31595361118872 54.69474039563161 -10.3787867844429
339.7724786008246 44.31595361118872 0 0 44.31595361118872 54.69474039563161 -10.3787867844429
339.7724786008246 44.31595361118872 0 0 44.31595361118872 54.69474039563161 -10.3787867844429
339.7724786008246 44.31595361118872 0 0 44.31595361118872 54.69474039563161 -10.3787867844429
339.631818879178 44.07458401892499 0 0 44.07458401892499 54.45337080336789 -10.3787867844429
339.6164274435497 43.96428676365701 0 0 43.96428676365701 54.34307354809991 -10.3787867844429
339.6164274435497 43.96428676365701 0 0 43.96428676365701 54.34307354809991 -10.3787867844429
339.6734122541882 43.9576457302619 0 0 43.9576457302619 54.3364325147048 -10.3787867844429
339.6734122541882 43.9576457302619 0 0 43.9576457302619 54.3364325147048 -10.3787867844429
339.6495831278577 44.05591414994801 0 0 44.05591414994801 54.43470093439091 -10.3787867844429
339.4829471104655 44.05275058723791 0 0 44.05275058723791 54.4315373716808 -10.3787867844429
339.2346411748624 44.05100830860148 0 0 44.05100830860148 54.42979509304438 -10.3787867844429
339.2346411748624 44.05100830860148 0 0 44.05100830860148 54.42979509304438 -10.3787867844429
339.2346411748624 44.05100830860148 0 0 44.05100830860148 54.42979509304438 -10.3787867844429
339.2346411748624 44.05100830860148 0 0 44.05100830860148 54.42979509304438 -10.3787867844429
339.2346411748624 44.05100830860148 0 0 44.05100830860148 54.42979509304438 -10.3787867844429
339.2346411748624 44.05100830860148 0 0 44.05100830860148 54.42979509304438 -10.3787867844429
339.2346411748624 44.05100830860148 0 0 44.05100830860148 54.42979509304438 -10.3787867844429
339.2346411748624 44.05100830860148 0 0 44.05100830860148 54.42979509304438 -10.3787867844429
339.2346411748624 44.05100830860148 0 0 44.05100830860148 54.42979509304438 -10.3787867844429
339.2346411748624 44.05100830860148 0 0 44.05100830860148 54.42979509304438 -10.3787867844429
339.2346411748624 44.05100830860148 0 0 44.05100830860148 54.42979509304438 -10.3787867844429
339.2346411748624 44.05100830860148 0 0 44.05100830860148 54.42979509304438 -10.3787867844429
338.9290477663143 44.23641067757239 0 0 44.23641067757239 54.61519746201529 -10.3787867844429
339.0817544420231 44.09493847237749 0 0 44.09493847237749 54.47372525682039 -10.3787867844429
339.0817544420231 44.09493847237749 0 0 44.09493847237749 54.47372525682039 -10.3787867844429
339.0817544420231 44.09493847237749 0 0 44.09493847237749 54.47372525682039 -10.3787867844429
339.8362165653727 44.01816210188072 0 0 44.01816210188072 54.39694888632362 -10.3787867844429
339.8362165653727 44.01816210188072 0 0 44.01816210188072 54.39694888632362 -10.3787867844429
339.8362165653727 44.01816210188072 0 0 44.01816210188072 54.39694888632362 -10.3787867844429
339.9669200036633 44.02226931852348 0 0 44.02226931852348 54.40105610296638 -10.3787867844429
339.0899189713707 43.86371214503355 0 0 43.86371214503355 54.24249892947645 -10.3787867844429
339.4793441829495 43.99883263968505 0 0 43.99883263968505 54.37761942412795 -10.3787867844429
