totalLogLikelihoodDensity totalLogPriorDensity H1NoiseLogPriorDensity L1NoiseLogPriorDensity gwLogPriorDensity gwExtrinsicLogPriorDensityTracker gwCbcLogPriorDensityTracker
207.5893647819105 43.92146680228362 0 0 43.92146680228362 54.30025358672652 -10.3787867844429
318.0240383008922 44.09521409535402 0 0 44.09521409535402 54.47400087979692 -10.3787867844429
318.0240383008922 44.09521409535402 0 0 44.09521409535402 54.47400087979692 -10.3787867844429
318.0240383008922 44.09521409535402 0 0 44.09521409535402 54.47400087979692 -10.3787867844429
318.0240383008922 44.09521409535402 0 0 44.09521409535402 54.47400087979692 -10.3787867844429
318.0240383008922 44.09521409535402 0 0 44.09521409535402 54.47400087979692 -10.3787867844429
318.0240383008922 44.09521409535402 0 0 44.09521409535402 54.47400087979692 -10.3787867844429
318.0240383008922 44.09521409535402 0 0 44.09521409535402 54.47400087979692 -10.3787867844429
318.0240383008922 44.09521409535402 0 0 44.09521409535402 54.47400087979692 -10.3787867844429
318.0240383008922 44.09521409535402 0 0 44.09521409535402 54.47400087979692 -10.3787867844429
318.0240383008922 44.09521409535402 0 0 44.09521409535402 54.47400087979692 -10.3787867844429
318.0240383008922 44.09521409535402 0 0 44.09521409535402 54.47400087979692 -10.3787867844429
318.0240383008922 44.09521409535402 0 0 44.09521409535402 54.47400087979692 -10.3787867844429
318.0240383008922 44.09521409535402 0 0 44.09521409535402 54.47400087979692 -10.3787867844429
318.0240383008922 44.09521409535402 0 0 44.09521409535402 54.47400087979692 -10.3787867844429
318.0240383008922 44.09521409535402 0 0 44.09521409535402 54.47400087979692 -10.3787867844429
318.0240383008922 44.09521409535402 0 0 44.09521409535402 54.47400087979692 -10.3787867844429
318.0240383008922 44.09521409535402 0 0 44.09521409535402 54.47400087979692 -10.3787867844429
318.0240383008922 44.09521409535402 0 0 44.09521409535402 54.47400087979692 -10.3787867844429
318.2708884204557 44.18755636476821 0 0 44.18755636476821 54.56634314921111 -10.3787867844429
318.2708884204557 44.18755636476821 0 0 44.18755636476821 54.56634314921111 -10.3787867844429
318.2708884204557 44.18755636476821 0 0 44.18755636476821 54.56634314921111 -10.3787867844429
318.2708884204557 44.18755636476821 0 0 44.18755636476821 54.56634314921111 -10.3787867844429
318.2708884204557 44.18755636476821 0 0 44.18755636476821 54.56634314921111 -10.3787867844429
318.2708884204557 44.18755636476821 0 0 44.18755636476821 54.56634314921111 -10.3787867844429
318.2708884204557 44.18755636476821 0 0 44.18755636476821 54.56634314921111 -10.3787867844429
318.2708884204557 44.18755636476821 0 0 44.18755636476821 54.56634314921111 -10.3787867844429
318.2708884204557 44.18755636476821 0 0 44.18755636476821 54.56634314921111 -10.3787867844429
318.2708884204557 44.18755636476821 0 0 44.18755636476821 54.56634314921111 -10.3787867844429
318.2708884204557 44.18755636476821 0 0 44.18755636476821 54.56634314921111 -10.3787867844429
318.2708884204557 44.18755636476821 0 0 44.18755636476821 54.56634314921111 -10.3787867844429
318.2708884204557 44.18755636476821 0 0 44.18755636476821 54.56634314921111 -10.3787867844429
318.2708884204557 44.18755636476821 0 0 44.18755636476821 54.56634314921111 -10.3787867844429
318.2708884204557 44.18755636476821 0 0 44.18755636476821 54.56634314921111 -10.3787867844429
318.2708884204557 44.18755636476821 0 0 44.18755636476821 54.56634314921111 -10.3787867844429
318.2708884204557 44.18755636476821 0 0 44.18755636476821 54.56634314921111 -10.3787867844429
318.2708884204557 44.18755636476821 0 0 44.18755636476821 54.56634314921111 -10.3787867844429
318.2708884204557 44.18755636476821 0 0 44.18755636476821 54.56634314921111 -10.3787867844429
318.2708884204557 44.18755636476821 0 0 44.18755636476821 54.56634314921111 -10.3787867844429
318.2708884204557 44.18755636476821 0 0 44.18755636476821 54.56634314921111 -10.3787867844429
318.2708884204557 44.18755636476821 0 0 44.18755636476821 54.56634314921111 -10.3787867844429
318.2708884204557 44.18755636476821 0 0 44.18755636476821 54.56634314921111 -10.3787867844429
318.2708884204557 44.18755636476821 0 0 44.18755636476821 54.56634314921111 -10.3787867844429
318.2708884204557 44.18755636476821 0 0 44.18755636476821 54.56634314921111 -10.3787867844429
318.2708884204557 44.18755636476821 0 0 44.18755636476821 54.56634314921111 -10.3787867844429
318.2708884204557 44.18755636476821 0 0 44.18755636476821 54.56634314921111 -10.3787867844429
318.2708884204557 44.18755636476821 0 0 44.18755636476821 54.56634314921111 -10.3787867844429
318.2708884204557 44.18755636476821 0 0 44.18755636476821 54.56634314921111 -10.3787867844429
318.2708884204557 44.18755636476821 0 0 44.18755636476821 54.56634314921111 -10.3787867844429
318.2708884204557 44.18755636476821 0 0 44.18755636476821 54.56634314921111 -10.3787867844429
318.2708884204557 44.18755636476821 0 0 44.18755636476821 54.56634314921111 -10.3787867844429
318.2708884204557 44.18755636476821 0 0 44.18755636476821 54.56634314921111 -10.3787867844429
318.2708884204557 44.18755636476821 0 0 44.18755636476821 54.56634314921111 -10.3787867844429
318.2708884204557 44.18755636476821 0 0 44.18755636476821 54.56634314921111 -10.3787867844429
318.2708884204557 44.18755636476821 0 0 44.18755636476821 54.56634314921111 -10.3787867844429
318.2708884204557 44.18755636476821 0 0 44.18755636476821 54.56634314921111 -10.3787867844429
320.771706998047 44.30263510579194 0 0 44.30263510579194 54.68142189023484 -10.3787867844429
320.771706998047 44.30263510579194 0 0 44.30263510579194 54.68142189023484 -10.3787867844429
320.771706998047 44.30263510579194 0 0 44.30263510579194 54.68142189023484 -10.3787867844429
320.771706998047 44.30263510579194 0 0 44.30263510579194 54.68142189023484 -10.3787867844429
320.771706998047 44.30263510579194 0 0 44.30263510579194 54.68142189023484 -10.3787867844429
320.771706998047 44.30263510579194 0 0 44.30263510579194 54.68142189023484 -10.3787867844429
320.771706998047 44.30263510579194 0 0 44.30263510579194 54.68142189023484 -10.3787867844429
320.771706998047 44.30263510579194 0 0 44.30263510579194 54.68142189023484 -10.3787867844429
320.771706998047 44.30263510579194 0 0 44.30263510579194 54.68142189023484 -10.3787867844429
320.771706998047 44.30263510579194 0 0 44.30263510579194 54.68142189023484 -10.3787867844429
320.771706998047 44.30263510579194 0 0 44.30263510579194 54.68142189023484 -10.3787867844429
320.771706998047 44.30263510579194 0 0 44.30263510579194 54.68142189023484 -10.3787867844429
325.9451224503651 44.20082205555268 0 0 44.20082205555268 54.57960883999557 -10.3787867844429
325.9451224503651 44.20082205555268 0 0 44.20082205555268 54.57960883999557 -10.3787867844429
325.9451224503651 44.20082205555268 0 0 44.20082205555268 54.57960883999557 -10.3787867844429
325.9451224503651 44.20082205555268 0 0 44.20082205555268 54.57960883999557 -10.3787867844429
325.9451224503651 44.20082205555268 0 0 44.20082205555268 54.57960883999557 -10.3787867844429
325.9451224503651 44.20082205555268 0 0 44.20082205555268 54.57960883999557 -10.3787867844429
325.9451224503651 44.20082205555268 0 0 44.20082205555268 54.57960883999557 -10.3787867844429
325.9451224503651 44.20082205555268 0 0 44.20082205555268 54.57960883999557 -10.3787867844429
326.8783774603904 44.36092372617273 0 0 44.36092372617273 54.73971051061563 -10.3787867844429
326.8783774603904 44.36092372617273 0 0 44.36092372617273 54.73971051061563 -10.3787867844429
326.8783774603904 44.36092372617273 0 0 44.36092372617273 54.73971051061563 -10.3787867844429
326.8783774603904 44.36092372617273 0 0 44.36092372617273 54.73971051061563 -10.3787867844429
326.8783774603904 44.36092372617273 0 0 44.36092372617273 54.73971051061563 -10.3787867844429
326.8783774603904 44.36092372617273 0 0 44.36092372617273 54.73971051061563 -10.3787867844429
326.8783774603904 44.36092372617273 0 0 44.36092372617273 54.73971051061563 -10.3787867844429
326.8783774603904 44.36092372617273 0 0 44.36092372617273 54.73971051061563 -10.3787867844429
326.8783774603904 44.36092372617273 0 0 44.36092372617273 54.73971051061563 -10.3787867844429
326.8783774603904 44.36092372617273 0 0 44.36092372617273 54.73971051061563 -10.3787867844429
328.4317826231373 44.14754505642408 0 0 44.14754505642408 54.52633184086698 -10.3787867844429
331.1049008005718 44.17269432804441 0 0 44.17269432804441 54.55148111248731 -10.3787867844429
331.1049008005718 44.17269432804441 0 0 44.17269432804441 54.55148111248731 -10.3787867844429
331.1049008005718 44.17269432804441 0 0 44.17269432804441 54.55148111248731 -10.3787867844429
331.1049008005718 44.17269432804441 0 0 44.17269432804441 54.55148111248731 -10.3787867844429
331.1049008005718 44.17269432804441 0 0 44.17269432804441 54.55148111248731 -10.3787867844429
331.1049008005718 44.17269432804441 0 0 44.17269432804441 54.55148111248731 -10.3787867844429
331.1049008005718 44.17269432804441 0 0 44.17269432804441 54.55148111248731 -10.3787867844429
331.1049008005718 44.17269432804441 0 0 44.17269432804441 54.55148111248731 -10.3787867844429
331.1049008005718 44.17269432804441 0 0 44.17269432804441 54.55148111248731 -10.3787867844429
331.1049008005718 44.17269432804441 0 0 44.17269432804441 54.55148111248731 -10.3787867844429
331.1049008005718 44.17269432804441 0 0 44.17269432804441 54.55148111248731 -10.3787867844429
332.8455359017487 43.69825371027659 0 0 43.69825371027659 54.07704049471949 -10.3787867844429
333.0022991296468 43.35457399254005 0 0 43.35457399254005 53.73336077698296 -10.3787867844429
333.0022991296468 43.35457399254005 0 0 43.35457399254005 53.73336077698296 -10.3787867844429
333.0022991296468 43.35457399254005 0 0 43.35457399254005 53.73336077698296 -10.3787867844429
333.0022991296468 43.35457399254005 0 0 43.35457399254005 53.73336077698296 -10.3787867844429
333.0022991296468 43.35457399254005 0 0 43.35457399254005 53.73336077698296 -10.3787867844429
333.0022991296468 43.35457399254005 0 0 43.35457399254005 53.73336077698296 -10.3787867844429
333.0022991296468 43.35457399254005 0 0 43.35457399254005 53.73336077698296 -10.3787867844429
333.0022991296468 43.35457399254005 0 0 43.35457399254005 53.73336077698296 -10.3787867844429
334.8361640461973 43.22387917504875 0 0 43.22387917504875 53.60266595949165 -10.3787867844429
334.8361640461973 43.22387917504875 0 0 43.22387917504875 53.60266595949165 -10.3787867844429
334.8361640461973 43.22387917504875 0 0 43.22387917504875 53.60266595949165 -10.3787867844429
334.8361640461973 43.22387917504875 0 0 43.22387917504875 53.60266595949165 -10.3787867844429
333.3731084250142 43.58718520234014 0 0 43.58718520234014 53.96597198678303 -10.3787867844429
333.3731084250142 43.58718520234014 0 0 43.58718520234014 53.96597198678303 -10.3787867844429
330.9003179175764 43.64202220252899 0 0 43.64202220252899 54.02080898697189 -10.3787867844429
330.9003179175764 43.64202220252899 0 0 43.64202220252899 54.02080898697189 -10.3787867844429
330.9003179175764 43.64202220252899 0 0 43.64202220252899 54.02080898697189 -10.3787867844429
333.2853376236077 43.84852500182537 0 0 43.84852500182537 54.22731178626826 -10.3787867844429
333.2853376236077 43.84852500182537 0 0 43.84852500182537 54.22731178626826 -10.3787867844429
333.2853376236077 43.84852500182537 0 0 43.84852500182537 54.22731178626826 -10.3787867844429
333.2853376236077 43.84852500182537 0 0 43.84852500182537 54.22731178626826 -10.3787867844429
333.2853376236077 43.84852500182537 0 0 43.84852500182537 54.22731178626826 -10.3787867844429
333.2853376236077 43.84852500182537 0 0 43.84852500182537 54.22731178626826 -10.3787867844429
333.2853376236077 43.84852500182537 0 0 43.84852500182537 54.22731178626826 -10.3787867844429
333.2853376236077 43.84852500182537 0 0 43.84852500182537 54.22731178626826 -10.3787867844429
333.2853376236077 43.84852500182537 0 0 43.84852500182537 54.22731178626826 -10.3787867844429
333.2853376236077 43.84852500182537 0 0 43.84852500182537 54.22731178626826 -10.3787867844429
333.2853376236077 43.84852500182537 0 0 43.84852500182537 54.22731178626826 -10.3787867844429
333.2853376236077 43.84852500182537 0 0 43.84852500182537 54.22731178626826 -10.3787867844429
333.046278713027 43.64674671211831 0 0 43.64674671211831 54.02553349656121 -10.3787867844429
333.046278713027 43.64674671211831 0 0 43.64674671211831 54.02553349656121 -10.3787867844429
333.046278713027 43.64674671211831 0 0 43.64674671211831 54.02553349656121 -10.3787867844429
333.046278713027 43.64674671211831 0 0 43.64674671211831 54.02553349656121 -10.3787867844429
333.046278713027 43.64674671211831 0 0 43.64674671211831 54.02553349656121 -10.3787867844429
333.046278713027 43.64674671211831 0 0 43.64674671211831 54.02553349656121 -10.3787867844429
333.046278713027 43.64674671211831 0 0 43.64674671211831 54.02553349656121 -10.3787867844429
333.046278713027 43.64674671211831 0 0 43.64674671211831 54.02553349656121 -10.3787867844429
333.046278713027 43.64674671211831 0 0 43.64674671211831 54.02553349656121 -10.3787867844429
333.046278713027 43.64674671211831 0 0 43.64674671211831 54.02553349656121 -10.3787867844429
333.046278713027 43.64674671211831 0 0 43.64674671211831 54.02553349656121 -10.3787867844429
333.046278713027 43.64674671211831 0 0 43.64674671211831 54.02553349656121 -10.3787867844429
333.046278713027 43.64674671211831 0 0 43.64674671211831 54.02553349656121 -10.3787867844429
333.046278713027 43.64674671211831 0 0 43.64674671211831 54.02553349656121 -10.3787867844429
331.7694170848631 43.34666241513372 0 0 43.34666241513372 53.72544919957662 -10.3787867844429
331.7694170848631 43.34666241513372 0 0 43.34666241513372 53.72544919957662 -10.3787867844429
331.7694170848631 43.34666241513372 0 0 43.34666241513372 53.72544919957662 -10.3787867844429
331.7694170848631 43.34666241513372 0 0 43.34666241513372 53.72544919957662 -10.3787867844429
331.7694170848631 43.34666241513372 0 0 43.34666241513372 53.72544919957662 -10.3787867844429
331.7694170848631 43.34666241513372 0 0 43.34666241513372 53.72544919957662 -10.3787867844429
331.7694170848631 43.34666241513372 0 0 43.34666241513372 53.72544919957662 -10.3787867844429
331.7694170848631 43.34666241513372 0 0 43.34666241513372 53.72544919957662 -10.3787867844429
331.7694170848631 43.34666241513372 0 0 43.34666241513372 53.72544919957662 -10.3787867844429
331.4003337783602 43.33822936425116 0 0 43.33822936425116 53.71701614869406 -10.3787867844429
331.4003337783602 43.33822936425116 0 0 43.33822936425116 53.71701614869406 -10.3787867844429
331.4003337783602 43.33822936425116 0 0 43.33822936425116 53.71701614869406 -10.3787867844429
331.4003337783602 43.33822936425116 0 0 43.33822936425116 53.71701614869406 -10.3787867844429
331.4003337783602 43.33822936425116 0 0 43.33822936425116 53.71701614869406 -10.3787867844429
331.4003337783602 43.33822936425116 0 0 43.33822936425116 53.71701614869406 -10.3787867844429
331.4003337783602 43.33822936425116 0 0 43.33822936425116 53.71701614869406 -10.3787867844429
333.403147802882 43.35136849917463 0 0 43.35136849917463 53.73015528361752 -10.3787867844429
334.2062202388713 43.64926747311469 0 0 43.64926747311469 54.02805425755759 -10.3787867844429
332.8275993569314 43.80904251456032 0 0 43.80904251456032 54.18782929900321 -10.3787867844429
332.8275993569314 43.80904251456032 0 0 43.80904251456032 54.18782929900321 -10.3787867844429
332.8275993569314 43.80904251456032 0 0 43.80904251456032 54.18782929900321 -10.3787867844429
332.8275993569314 43.80904251456032 0 0 43.80904251456032 54.18782929900321 -10.3787867844429
332.8275993569314 43.80904251456032 0 0 43.80904251456032 54.18782929900321 -10.3787867844429
332.8275993569314 43.80904251456032 0 0 43.80904251456032 54.18782929900321 -10.3787867844429
332.8275993569314 43.80904251456032 0 0 43.80904251456032 54.18782929900321 -10.3787867844429
332.8275993569314 43.80904251456032 0 0 43.80904251456032 54.18782929900321 -10.3787867844429
332.8275993569314 43.80904251456032 0 0 43.80904251456032 54.18782929900321 -10.3787867844429
332.4369665515255 43.81629257183704 0 0 43.81629257183704 54.19507935627993 -10.3787867844429
332.4369665515255 43.81629257183704 0 0 43.81629257183704 54.19507935627993 -10.3787867844429
332.8929595503015 44.12263446701124 0 0 44.12263446701124 54.50142125145414 -10.3787867844429
332.8929595503015 44.12263446701124 0 0 44.12263446701124 54.50142125145414 -10.3787867844429
332.8929595503015 44.12263446701124 0 0 44.12263446701124 54.50142125145414 -10.3787867844429
332.8929595503015 44.12263446701124 0 0 44.12263446701124 54.50142125145414 -10.3787867844429
333.5010862110126 44.20534100703658 0 0 44.20534100703658 54.58412779147947 -10.3787867844429
333.5010862110126 44.20534100703658 0 0 44.20534100703658 54.58412779147947 -10.3787867844429
333.5010862110126 44.20534100703658 0 0 44.20534100703658 54.58412779147947 -10.3787867844429
333.8202194506664 44.383283828473 0 0 44.383283828473 54.7620706129159 -10.3787867844429
333.8202194506664 44.383283828473 0 0 44.383283828473 54.7620706129159 -10.3787867844429
333.8202194506664 44.383283828473 0 0 44.383283828473 54.7620706129159 -10.3787867844429
333.8202194506664 44.383283828473 0 0 44.383283828473 54.7620706129159 -10.3787867844429
333.8202194506664 44.383283828473 0 0 44.383283828473 54.7620706129159 -10.3787867844429
333.7342123490153 44.32125375492885 0 0 44.32125375492885 54.70004053937174 -10.3787867844429
333.7342123490153 44.32125375492885 0 0 44.32125375492885 54.70004053937174 -10.3787867844429
333.7342123490153 44.32125375492885 0 0 44.32125375492885 54.70004053937174 -10.3787867844429
333.7342123490153 44.32125375492885 0 0 44.32125375492885 54.70004053937174 -10.3787867844429
333.7342123490153 44.32125375492885 0 0 44.32125375492885 54.70004053937174 -10.3787867844429
334.4189839825532 44.34352870963792 0 0 44.34352870963792 54.72231549408082 -10.3787867844429
334.4189839825532 44.34352870963792 0 0 44.34352870963792 54.72231549408082 -10.3787867844429
334.4189839825532 44.34352870963792 0 0 44.34352870963792 54.72231549408082 -10.3787867844429
334.4189839825532 44.34352870963792 0 0 44.34352870963792 54.72231549408082 -10.3787867844429
334.4189839825532 44.34352870963792 0 0 44.34352870963792 54.72231549408082 -10.3787867844429
334.4189839825532 44.34352870963792 0 0 44.34352870963792 54.72231549408082 -10.3787867844429
334.463736580936 44.40005924255166 0 0 44.40005924255166 54.77884602699456 -10.3787867844429
334.463736580936 44.40005924255166 0 0 44.40005924255166 54.77884602699456 -10.3787867844429
334.463736580936 44.40005924255166 0 0 44.40005924255166 54.77884602699456 -10.3787867844429
334.463736580936 44.40005924255166 0 0 44.40005924255166 54.77884602699456 -10.3787867844429
334.463736580936 44.40005924255166 0 0 44.40005924255166 54.77884602699456 -10.3787867844429
334.463736580936 44.40005924255166 0 0 44.40005924255166 54.77884602699456 -10.3787867844429
334.463736580936 44.40005924255166 0 0 44.40005924255166 54.77884602699456 -10.3787867844429
334.7891800732184 44.24559925460535 0 0 44.24559925460535 54.62438603904825 -10.3787867844429
334.7891800732184 44.24559925460535 0 0 44.24559925460535 54.62438603904825 -10.3787867844429
334.7891800732184 44.24559925460535 0 0 44.24559925460535 54.62438603904825 -10.3787867844429
334.3368811438336 44.17921645285868 0 0 44.17921645285868 54.55800323730158 -10.3787867844429
334.3368811438336 44.17921645285868 0 0 44.17921645285868 54.55800323730158 -10.3787867844429
334.3368811438336 44.17921645285868 0 0 44.17921645285868 54.55800323730158 -10.3787867844429
335.6586825099012 44.32031212619989 0 0 44.32031212619989 54.6990989106428 -10.3787867844429
335.6586825099012 44.32031212619989 0 0 44.32031212619989 54.6990989106428 -10.3787867844429
335.6586825099012 44.32031212619989 0 0 44.32031212619989 54.6990989106428 -10.3787867844429
335.6586825099012 44.32031212619989 0 0 44.32031212619989 54.6990989106428 -10.3787867844429
335.6586825099012 44.32031212619989 0 0 44.32031212619989 54.6990989106428 -10.3787867844429
335.6586825099012 44.32031212619989 0 0 44.32031212619989 54.6990989106428 -10.3787867844429
335.6586825099012 44.32031212619989 0 0 44.32031212619989 54.6990989106428 -10.3787867844429
335.6586825099012 44.32031212619989 0 0 44.32031212619989 54.6990989106428 -10.3787867844429
335.6586825099012 44.32031212619989 0 0 44.32031212619989 54.6990989106428 -10.3787867844429
335.6586825099012 44.32031212619989 0 0 44.32031212619989 54.6990989106428 -10.3787867844429
335.6586825099012 44.32031212619989 0 0 44.32031212619989 54.6990989106428 -10.3787867844429
335.6586825099012 44.32031212619989 0 0 44.32031212619989 54.6990989106428 -10.3787867844429
335.6586825099012 44.32031212619989 0 0 44.32031212619989 54.6990989106428 -10.3787867844429
335.6586825099012 44.32031212619989 0 0 44.32031212619989 54.6990989106428 -10.3787867844429
335.6586825099012 44.32031212619989 0 0 44.32031212619989 54.6990989106428 -10.3787867844429
335.6586825099012 44.32031212619989 0 0 44.32031212619989 54.6990989106428 -10.3787867844429
335.6586825099012 44.32031212619989 0 0 44.32031212619989 54.6990989106428 -10.3787867844429
335.6586825099012 44.32031212619989 0 0 44.32031212619989 54.6990989106428 -10.3787867844429
335.6586825099012 44.32031212619989 0 0 44.32031212619989 54.6990989106428 -10.3787867844429
335.6586825099012 44.32031212619989 0 0 44.32031212619989 54.6990989106428 -10.3787867844429
335.6586825099012 44.32031212619989 0 0 44.32031212619989 54.6990989106428 -10.3787867844429
335.6586825099012 44.32031212619989 0 0 44.32031212619989 54.6990989106428 -10.3787867844429
335.6586825099012 44.32031212619989 0 0 44.32031212619989 54.6990989106428 -10.3787867844429
335.6586825099012 44.32031212619989 0 0 44.32031212619989 54.6990989106428 -10.3787867844429
335.6586825099012 44.32031212619989 0 0 44.32031212619989 54.6990989106428 -10.3787867844429
335.6586825099012 44.32031212619989 0 0 44.32031212619989 54.6990989106428 -10.3787867844429
335.211415332907 44.26369515581133 0 0 44.26369515581133 54.64248194025424 -10.3787867844429
335.211415332907 44.26369515581133 0 0 44.26369515581133 54.64248194025424 -10.3787867844429
336.6091187104765 44.3804782103407 0 0 44.3804782103407 54.75926499478359 -10.3787867844429
336.6091187104765 44.3804782103407 0 0 44.3804782103407 54.75926499478359 -10.3787867844429
336.6091187104765 44.3804782103407 0 0 44.3804782103407 54.75926499478359 -10.3787867844429
336.6091187104765 44.3804782103407 0 0 44.3804782103407 54.75926499478359 -10.3787867844429
336.6091187104765 44.3804782103407 0 0 44.3804782103407 54.75926499478359 -10.3787867844429
336.6091187104765 44.3804782103407 0 0 44.3804782103407 54.75926499478359 -10.3787867844429
336.6091187104765 44.3804782103407 0 0 44.3804782103407 54.75926499478359 -10.3787867844429
336.6091187104765 44.3804782103407 0 0 44.3804782103407 54.75926499478359 -10.3787867844429
336.6091187104765 44.3804782103407 0 0 44.3804782103407 54.75926499478359 -10.3787867844429
336.6091187104765 44.3804782103407 0 0 44.3804782103407 54.75926499478359 -10.3787867844429
336.6091187104765 44.3804782103407 0 0 44.3804782103407 54.75926499478359 -10.3787867844429
336.6091187104765 44.3804782103407 0 0 44.3804782103407 54.75926499478359 -10.3787867844429
336.6091187104765 44.3804782103407 0 0 44.3804782103407 54.75926499478359 -10.3787867844429
336.6091187104765 44.3804782103407 0 0 44.3804782103407 54.75926499478359 -10.3787867844429
336.6091187104765 44.3804782103407 0 0 44.3804782103407 54.75926499478359 -10.3787867844429
336.6091187104765 44.3804782103407 0 0 44.3804782103407 54.75926499478359 -10.3787867844429
336.6091187104765 44.3804782103407 0 0 44.3804782103407 54.75926499478359 -10.3787867844429
336.6091187104765 44.3804782103407 0 0 44.3804782103407 54.75926499478359 -10.3787867844429
335.0150482867324 43.8706005789161 0 0 43.8706005789161 54.24938736335899 -10.3787867844429
334.032281648336 43.86048768888655 0 0 43.86048768888655 54.23927447332945 -10.3787867844429
332.9300853921387 43.81087609262433 0 0 43.81087609262433 54.18966287706723 -10.3787867844429
332.9300853921387 43.81087609262433 0 0 43.81087609262433 54.18966287706723 -10.3787867844429
332.9300853921387 43.81087609262433 0 0 43.81087609262433 54.18966287706723 -10.3787867844429
332.9300853921387 43.81087609262433 0 0 43.81087609262433 54.18966287706723 -10.3787867844429
332.9300853921387 43.81087609262433 0 0 43.81087609262433 54.18966287706723 -10.3787867844429
332.9300853921387 43.81087609262433 0 0 43.81087609262433 54.18966287706723 -10.3787867844429
332.9300853921387 43.81087609262433 0 0 43.81087609262433 54.18966287706723 -10.3787867844429
332.9300853921387 43.81087609262433 0 0 43.81087609262433 54.18966287706723 -10.3787867844429
332.9300853921387 43.81087609262433 0 0 43.81087609262433 54.18966287706723 -10.3787867844429
332.9300853921387 43.81087609262433 0 0 43.81087609262433 54.18966287706723 -10.3787867844429
332.9300853921387 43.81087609262433 0 0 43.81087609262433 54.18966287706723 -10.3787867844429
336.8654295795634 43.93452531149509 0 0 43.93452531149509 54.31331209593799 -10.3787867844429
336.8654295795634 43.93452531149509 0 0 43.93452531149509 54.31331209593799 -10.3787867844429
336.8654295795634 43.93452531149509 0 0 43.93452531149509 54.31331209593799 -10.3787867844429
336.8654295795634 43.93452531149509 0 0 43.93452531149509 54.31331209593799 -10.3787867844429
336.8654295795634 43.93452531149509 0 0 43.93452531149509 54.31331209593799 -10.3787867844429
336.6801790799621 43.91339888432005 0 0 43.91339888432005 54.29218566876294 -10.3787867844429
337.2566725765006 43.99575089106236 0 0 43.99575089106236 54.37453767550525 -10.3787867844429
336.9684500026626 44.13249439449068 0 0 44.13249439449068 54.51128117893358 -10.3787867844429
336.9684500026626 44.13249439449068 0 0 44.13249439449068 54.51128117893358 -10.3787867844429
336.4339587735698 43.99870733261208 0 0 43.99870733261208 54.37749411705498 -10.3787867844429
336.4339587735698 43.99870733261208 0 0 43.99870733261208 54.37749411705498 -10.3787867844429
336.4339587735698 43.99870733261208 0 0 43.99870733261208 54.37749411705498 -10.3787867844429
336.4339587735698 43.99870733261208 0 0 43.99870733261208 54.37749411705498 -10.3787867844429
336.4339587735698 43.99870733261208 0 0 43.99870733261208 54.37749411705498 -10.3787867844429
336.4339587735698 43.99870733261208 0 0 43.99870733261208 54.37749411705498 -10.3787867844429
336.4339587735698 43.99870733261208 0 0 43.99870733261208 54.37749411705498 -10.3787867844429
336.4339587735698 43.99870733261208 0 0 43.99870733261208 54.37749411705498 -10.3787867844429
336.4339587735698 43.99870733261208 0 0 43.99870733261208 54.37749411705498 -10.3787867844429
336.4339587735698 43.99870733261208 0 0 43.99870733261208 54.37749411705498 -10.3787867844429
336.4339587735698 43.99870733261208 0 0 43.99870733261208 54.37749411705498 -10.3787867844429
336.4339587735698 43.99870733261208 0 0 43.99870733261208 54.37749411705498 -10.3787867844429
336.4339587735698 43.99870733261208 0 0 43.99870733261208 54.37749411705498 -10.3787867844429
336.4339587735698 43.99870733261208 0 0 43.99870733261208 54.37749411705498 -10.3787867844429
336.2063029382257 44.08723626099012 0 0 44.08723626099012 54.46602304543302 -10.3787867844429
336.2063029382257 44.08723626099012 0 0 44.08723626099012 54.46602304543302 -10.3787867844429
336.2063029382257 44.08723626099012 0 0 44.08723626099012 54.46602304543302 -10.3787867844429
336.2063029382257 44.08723626099012 0 0 44.08723626099012 54.46602304543302 -10.3787867844429
336.2063029382257 44.08723626099012 0 0 44.08723626099012 54.46602304543302 -10.3787867844429
336.2063029382257 44.08723626099012 0 0 44.08723626099012 54.46602304543302 -10.3787867844429
336.2063029382257 44.08723626099012 0 0 44.08723626099012 54.46602304543302 -10.3787867844429
336.2063029382257 44.08723626099012 0 0 44.08723626099012 54.46602304543302 -10.3787867844429
336.2063029382257 44.08723626099012 0 0 44.08723626099012 54.46602304543302 -10.3787867844429
336.2063029382257 44.08723626099012 0 0 44.08723626099012 54.46602304543302 -10.3787867844429
336.2063029382257 44.08723626099012 0 0 44.08723626099012 54.46602304543302 -10.3787867844429
336.2063029382257 44.08723626099012 0 0 44.08723626099012 54.46602304543302 -10.3787867844429
336.2063029382257 44.08723626099012 0 0 44.08723626099012 54.46602304543302 -10.3787867844429
336.2063029382257 44.08723626099012 0 0 44.08723626099012 54.46602304543302 -10.3787867844429
336.2063029382257 44.08723626099012 0 0 44.08723626099012 54.46602304543302 -10.3787867844429
335.976995792695 44.36149047307345 0 0 44.36149047307345 54.74027725751634 -10.3787867844429
335.976995792695 44.36149047307345 0 0 44.36149047307345 54.74027725751634 -10.3787867844429
336.405852423905 44.2241630510391 0 0 44.2241630510391 54.60294983548199 -10.3787867844429
336.6761688498899 44.1789742469178 0 0 44.1789742469178 54.5577610313607 -10.3787867844429
336.6153310377767 44.32615100172337 0 0 44.32615100172337 54.70493778616627 -10.3787867844429
336.6153310377767 44.32615100172337 0 0 44.32615100172337 54.70493778616627 -10.3787867844429
336.2028690940508 44.20629568283708 0 0 44.20629568283708 54.58508246727997 -10.3787867844429
336.2028690940508 44.20629568283708 0 0 44.20629568283708 54.58508246727997 -10.3787867844429
336.2028690940508 44.20629568283708 0 0 44.20629568283708 54.58508246727997 -10.3787867844429
336.2028690940508 44.20629568283708 0 0 44.20629568283708 54.58508246727997 -10.3787867844429
336.2028690940508 44.20629568283708 0 0 44.20629568283708 54.58508246727997 -10.3787867844429
335.1131455824323 44.06132619259279 0 0 44.06132619259279 54.44011297703568 -10.3787867844429
335.1131455824323 44.06132619259279 0 0 44.06132619259279 54.44011297703568 -10.3787867844429
335.1131455824323 44.06132619259279 0 0 44.06132619259279 54.44011297703568 -10.3787867844429
335.1131455824323 44.06132619259279 0 0 44.06132619259279 54.44011297703568 -10.3787867844429
335.1131455824323 44.06132619259279 0 0 44.06132619259279 54.44011297703568 -10.3787867844429
335.1131455824323 44.06132619259279 0 0 44.06132619259279 54.44011297703568 -10.3787867844429
335.1131455824323 44.06132619259279 0 0 44.06132619259279 54.44011297703568 -10.3787867844429
335.1131455824323 44.06132619259279 0 0 44.06132619259279 54.44011297703568 -10.3787867844429
335.1131455824323 44.06132619259279 0 0 44.06132619259279 54.44011297703568 -10.3787867844429
335.1131455824323 44.06132619259279 0 0 44.06132619259279 54.44011297703568 -10.3787867844429
335.1131455824323 44.06132619259279 0 0 44.06132619259279 54.44011297703568 -10.3787867844429
335.1131455824323 44.06132619259279 0 0 44.06132619259279 54.44011297703568 -10.3787867844429
335.1131455824323 44.06132619259279 0 0 44.06132619259279 54.44011297703568 -10.3787867844429
335.1131455824323 44.06132619259279 0 0 44.06132619259279 54.44011297703568 -10.3787867844429
335.1306087427033 44.03796808600589 0 0 44.03796808600589 54.41675487044878 -10.3787867844429
335.1306087427033 44.03796808600589 0 0 44.03796808600589 54.41675487044878 -10.3787867844429
335.4165077579294 43.82248554517308 0 0 43.82248554517308 54.20127232961597 -10.3787867844429
339.3973603620011 43.78063444420461 0 0 43.78063444420461 54.1594212286475 -10.3787867844429
339.4071146323242 43.52977490796822 0 0 43.52977490796822 53.90856169241112 -10.3787867844429
339.4071146323242 43.52977490796822 0 0 43.52977490796822 53.90856169241112 -10.3787867844429
339.6771127114533 43.59326018279403 0 0 43.59326018279403 53.97204696723693 -10.3787867844429
338.9089546353343 43.88175182218519 0 0 43.88175182218519 54.26053860662809 -10.3787867844429
338.9089546353343 43.88175182218519 0 0 43.88175182218519 54.26053860662809 -10.3787867844429
338.9089546353343 43.88175182218519 0 0 43.88175182218519 54.26053860662809 -10.3787867844429
338.9957799948825 44.18534202432765 0 0 44.18534202432765 54.56412880877055 -10.3787867844429
338.9957799948825 44.18534202432765 0 0 44.18534202432765 54.56412880877055 -10.3787867844429
338.9957799948825 44.18534202432765 0 0 44.18534202432765 54.56412880877055 -10.3787867844429
338.9957799948825 44.18534202432765 0 0 44.18534202432765 54.56412880877055 -10.3787867844429
338.9957799948825 44.18534202432765 0 0 44.18534202432765 54.56412880877055 -10.3787867844429
338.9957799948825 44.18534202432765 0 0 44.18534202432765 54.56412880877055 -10.3787867844429
338.9957799948825 44.18534202432765 0 0 44.18534202432765 54.56412880877055 -10.3787867844429
338.9957799948825 44.18534202432765 0 0 44.18534202432765 54.56412880877055 -10.3787867844429
338.3230565002924 43.80471723377907 0 0 43.80471723377907 54.18350401822197 -10.3787867844429
337.9455674164107 43.81918911457574 0 0 43.81918911457574 54.19797589901863 -10.3787867844429
337.9455674164107 43.81918911457574 0 0 43.81918911457574 54.19797589901863 -10.3787867844429
337.8265546033506 43.76225912539678 0 0 43.76225912539678 54.14104590983968 -10.3787867844429
337.8265546033506 43.76225912539678 0 0 43.76225912539678 54.14104590983968 -10.3787867844429
337.8265546033506 43.76225912539678 0 0 43.76225912539678 54.14104590983968 -10.3787867844429
337.8265546033506 43.76225912539678 0 0 43.76225912539678 54.14104590983968 -10.3787867844429
337.1725982737838 43.96344437442669 0 0 43.96344437442669 54.34223115886958 -10.3787867844429
337.1725982737838 43.96344437442669 0 0 43.96344437442669 54.34223115886958 -10.3787867844429
337.1725982737838 43.96344437442669 0 0 43.96344437442669 54.34223115886958 -10.3787867844429
337.1725982737838 43.96344437442669 0 0 43.96344437442669 54.34223115886958 -10.3787867844429
337.1725982737838 43.96344437442669 0 0 43.96344437442669 54.34223115886958 -10.3787867844429
337.1725982737838 43.96344437442669 0 0 43.96344437442669 54.34223115886958 -10.3787867844429
337.1725982737838 43.96344437442669 0 0 43.96344437442669 54.34223115886958 -10.3787867844429
336.8371106984717 44.28665036591846 0 0 44.28665036591846 54.66543715036136 -10.3787867844429
336.8371106984717 44.28665036591846 0 0 44.28665036591846 54.66543715036136 -10.3787867844429
336.8371106984717 44.28665036591846 0 0 44.28665036591846 54.66543715036136 -10.3787867844429
336.3022182097729 44.35994331353724 0 0 44.35994331353724 54.73873009798015 -10.3787867844429
336.3022182097729 44.35994331353724 0 0 44.35994331353724 54.73873009798015 -10.3787867844429
336.3022182097729 44.35994331353724 0 0 44.35994331353724 54.73873009798015 -10.3787867844429
336.3022182097729 44.35994331353724 0 0 44.35994331353724 54.73873009798015 -10.3787867844429
336.3022182097729 44.35994331353724 0 0 44.35994331353724 54.73873009798015 -10.3787867844429
336.3022182097729 44.35994331353724 0 0 44.35994331353724 54.73873009798015 -10.3787867844429
338.0604164490911 44.39387489203473 0 0 44.39387489203473 54.77266167647763 -10.3787867844429
338.0604164490911 44.39387489203473 0 0 44.39387489203473 54.77266167647763 -10.3787867844429
338.0604164490911 44.39387489203473 0 0 44.39387489203473 54.77266167647763 -10.3787867844429
338.0604164490911 44.39387489203473 0 0 44.39387489203473 54.77266167647763 -10.3787867844429
338.6836953138339 44.22328144937978 0 0 44.22328144937978 54.60206823382268 -10.3787867844429
338.6137348098094 44.30741987855278 0 0 44.30741987855278 54.68620666299568 -10.3787867844429
338.6137348098094 44.30741987855278 0 0 44.30741987855278 54.68620666299568 -10.3787867844429
338.6137348098094 44.30741987855278 0 0 44.30741987855278 54.68620666299568 -10.3787867844429
338.6137348098094 44.30741987855278 0 0 44.30741987855278 54.68620666299568 -10.3787867844429
338.6137348098094 44.30741987855278 0 0 44.30741987855278 54.68620666299568 -10.3787867844429
338.6137348098094 44.30741987855278 0 0 44.30741987855278 54.68620666299568 -10.3787867844429
338.6137348098094 44.30741987855278 0 0 44.30741987855278 54.68620666299568 -10.3787867844429
338.6137348098094 44.30741987855278 0 0 44.30741987855278 54.68620666299568 -10.3787867844429
338.6137348098094 44.30741987855278 0 0 44.30741987855278 54.68620666299568 -10.3787867844429
338.6137348098094 44.30741987855278 0 0 44.30741987855278 54.68620666299568 -10.3787867844429
338.6137348098094 44.30741987855278 0 0 44.30741987855278 54.68620666299568 -10.3787867844429
338.6137348098094 44.30741987855278 0 0 44.30741987855278 54.68620666299568 -10.3787867844429
338.6137348098094 44.30741987855278 0 0 44.30741987855278 54.68620666299568 -10.3787867844429
338.6137348098094 44.30741987855278 0 0 44.30741987855278 54.68620666299568 -10.3787867844429
338.6137348098094 44.30741987855278 0 0 44.30741987855278 54.68620666299568 -10.3787867844429
338.6137348098094 44.30741987855278 0 0 44.30741987855278 54.68620666299568 -10.3787867844429
338.6137348098094 44.30741987855278 0 0 44.30741987855278 54.68620666299568 -10.3787867844429
338.6137348098094 44.30741987855278 0 0 44.30741987855278 54.68620666299568 -10.3787867844429
338.6137348098094 44.30741987855278 0 0 44.30741987855278 54.68620666299568 -10.3787867844429
338.6137348098094 44.30741987855278 0 0 44.30741987855278 54.68620666299568 -10.3787867844429
338.6137348098094 44.30741987855278 0 0 44.30741987855278 54.68620666299568 -10.3787867844429
338.6137348098094 44.30741987855278 0 0 44.30741987855278 54.68620666299568 -10.3787867844429
338.6137348098094 44.30741987855278 0 0 44.30741987855278 54.68620666299568 -10.3787867844429
338.6137348098094 44.30741987855278 0 0 44.30741987855278 54.68620666299568 -10.3787867844429
338.6137348098094 44.30741987855278 0 0 44.30741987855278 54.68620666299568 -10.3787867844429
338.6137348098094 44.30741987855278 0 0 44.30741987855278 54.68620666299568 -10.3787867844429
338.6137348098094 44.30741987855278 0 0 44.30741987855278 54.68620666299568 -10.3787867844429
338.6137348098094 44.30741987855278 0 0 44.30741987855278 54.68620666299568 -10.3787867844429
338.6137348098094 44.30741987855278 0 0 44.30741987855278 54.68620666299568 -10.3787867844429
338.6137348098094 44.30741987855278 0 0 44.30741987855278 54.68620666299568 -10.3787867844429
338.6137348098094 44.30741987855278 0 0 44.30741987855278 54.68620666299568 -10.3787867844429
338.6137348098094 44.30741987855278 0 0 44.30741987855278 54.68620666299568 -10.3787867844429
338.6137348098094 44.30741987855278 0 0 44.30741987855278 54.68620666299568 -10.3787867844429
338.6137348098094 44.30741987855278 0 0 44.30741987855278 54.68620666299568 -10.3787867844429
338.6137348098094 44.30741987855278 0 0 44.30741987855278 54.68620666299568 -10.3787867844429
338.6137348098094 44.30741987855278 0 0 44.30741987855278 54.68620666299568 -10.3787867844429
338.6137348098094 44.30741987855278 0 0 44.30741987855278 54.68620666299568 -10.3787867844429
338.6137348098094 44.30741987855278 0 0 44.30741987855278 54.68620666299568 -10.3787867844429
338.6137348098094 44.30741987855278 0 0 44.30741987855278 54.68620666299568 -10.3787867844429
338.6137348098094 44.30741987855278 0 0 44.30741987855278 54.68620666299568 -10.3787867844429
338.6137348098094 44.30741987855278 0 0 44.30741987855278 54.68620666299568 -10.3787867844429
338.6137348098094 44.30741987855278 0 0 44.30741987855278 54.68620666299568 -10.3787867844429
338.6137348098094 44.30741987855278 0 0 44.30741987855278 54.68620666299568 -10.3787867844429
338.6137348098094 44.30741987855278 0 0 44.30741987855278 54.68620666299568 -10.3787867844429
338.6137348098094 44.30741987855278 0 0 44.30741987855278 54.68620666299568 -10.3787867844429
338.6137348098094 44.30741987855278 0 0 44.30741987855278 54.68620666299568 -10.3787867844429
338.6137348098094 44.30741987855278 0 0 44.30741987855278 54.68620666299568 -10.3787867844429
338.6137348098094 44.30741987855278 0 0 44.30741987855278 54.68620666299568 -10.3787867844429
338.6137348098094 44.30741987855278 0 0 44.30741987855278 54.68620666299568 -10.3787867844429
338.6137348098094 44.30741987855278 0 0 44.30741987855278 54.68620666299568 -10.3787867844429
338.6137348098094 44.30741987855278 0 0 44.30741987855278 54.68620666299568 -10.3787867844429
338.6137348098094 44.30741987855278 0 0 44.30741987855278 54.68620666299568 -10.3787867844429
338.6137348098094 44.30741987855278 0 0 44.30741987855278 54.68620666299568 -10.3787867844429
338.6137348098094 44.30741987855278 0 0 44.30741987855278 54.68620666299568 -10.3787867844429
338.6137348098094 44.30741987855278 0 0 44.30741987855278 54.68620666299568 -10.3787867844429
338.6137348098094 44.30741987855278 0 0 44.30741987855278 54.68620666299568 -10.3787867844429
338.6137348098094 44.30741987855278 0 0 44.30741987855278 54.68620666299568 -10.3787867844429
338.3364255321863 44.1985938588263 0 0 44.1985938588263 54.57738064326919 -10.3787867844429
338.3364255321863 44.1985938588263 0 0 44.1985938588263 54.57738064326919 -10.3787867844429
338.3364255321863 44.1985938588263 0 0 44.1985938588263 54.57738064326919 -10.3787867844429
337.5701884350398 44.18237762664847 0 0 44.18237762664847 54.56116441109138 -10.3787867844429
337.5701884350398 44.18237762664847 0 0 44.18237762664847 54.56116441109138 -10.3787867844429
337.5701884350398 44.18237762664847 0 0 44.18237762664847 54.56116441109138 -10.3787867844429
337.5701884350398 44.18237762664847 0 0 44.18237762664847 54.56116441109138 -10.3787867844429
337.5701884350398 44.18237762664847 0 0 44.18237762664847 54.56116441109138 -10.3787867844429
337.5701884350398 44.18237762664847 0 0 44.18237762664847 54.56116441109138 -10.3787867844429
337.6204852702777 44.1836729539875 0 0 44.1836729539875 54.5624597384304 -10.3787867844429
339.0449456877759 44.28564139730783 0 0 44.28564139730783 54.66442818175073 -10.3787867844429
339.0449456877759 44.28564139730783 0 0 44.28564139730783 54.66442818175073 -10.3787867844429
339.0449456877759 44.28564139730783 0 0 44.28564139730783 54.66442818175073 -10.3787867844429
339.0449456877759 44.28564139730783 0 0 44.28564139730783 54.66442818175073 -10.3787867844429
339.0449456877759 44.28564139730783 0 0 44.28564139730783 54.66442818175073 -10.3787867844429
339.0449456877759 44.28564139730783 0 0 44.28564139730783 54.66442818175073 -10.3787867844429
339.0449456877759 44.28564139730783 0 0 44.28564139730783 54.66442818175073 -10.3787867844429
339.0849598266471 44.06886272396176 0 0 44.06886272396176 54.44764950840465 -10.3787867844429
339.0849598266471 44.06886272396176 0 0 44.06886272396176 54.44764950840465 -10.3787867844429
339.0849598266471 44.06886272396176 0 0 44.06886272396176 54.44764950840465 -10.3787867844429
339.0849598266471 44.06886272396176 0 0 44.06886272396176 54.44764950840465 -10.3787867844429
339.0849598266471 44.06886272396176 0 0 44.06886272396176 54.44764950840465 -10.3787867844429
339.0849598266471 44.06886272396176 0 0 44.06886272396176 54.44764950840465 -10.3787867844429
339.0849598266471 44.06886272396176 0 0 44.06886272396176 54.44764950840465 -10.3787867844429
339.0849598266471 44.06886272396176 0 0 44.06886272396176 54.44764950840465 -10.3787867844429
339.0849598266471 44.06886272396176 0 0 44.06886272396176 54.44764950840465 -10.3787867844429
338.9602510717506 44.19329572704888 0 0 44.19329572704888 54.57208251149177 -10.3787867844429
338.9602510717506 44.19329572704888 0 0 44.19329572704888 54.57208251149177 -10.3787867844429
338.9602510717506 44.19329572704888 0 0 44.19329572704888 54.57208251149177 -10.3787867844429
338.929244248309 44.34579004412524 0 0 44.34579004412524 54.72457682856813 -10.3787867844429
339.6355856304381 44.18861097396739 0 0 44.18861097396739 54.56739775841028 -10.3787867844429
339.909875393304 44.21774733283247 0 0 44.21774733283247 54.59653411727538 -10.3787867844429
339.909875393304 44.21774733283247 0 0 44.21774733283247 54.59653411727538 -10.3787867844429
339.909875393304 44.21774733283247 0 0 44.21774733283247 54.59653411727538 -10.3787867844429
339.909875393304 44.21774733283247 0 0 44.21774733283247 54.59653411727538 -10.3787867844429
340.024699890797 44.14888012935432 0 0 44.14888012935432 54.52766691379722 -10.3787867844429
340.024699890797 44.14888012935432 0 0 44.14888012935432 54.52766691379722 -10.3787867844429
339.7463351462106 44.22754631101763 0 0 44.22754631101763 54.60633309546053 -10.3787867844429
339.9976231652678 44.40762273485801 0 0 44.40762273485801 54.78640951930091 -10.3787867844429
339.9976231652678 44.40762273485801 0 0 44.40762273485801 54.78640951930091 -10.3787867844429
339.9976231652678 44.40762273485801 0 0 44.40762273485801 54.78640951930091 -10.3787867844429
339.9976231652678 44.40762273485801 0 0 44.40762273485801 54.78640951930091 -10.3787867844429
339.9976231652678 44.40762273485801 0 0 44.40762273485801 54.78640951930091 -10.3787867844429
339.9976231652678 44.40762273485801 0 0 44.40762273485801 54.78640951930091 -10.3787867844429
339.9976231652678 44.40762273485801 0 0 44.40762273485801 54.78640951930091 -10.3787867844429
339.9976231652678 44.40762273485801 0 0 44.40762273485801 54.78640951930091 -10.3787867844429
339.9976231652678 44.40762273485801 0 0 44.40762273485801 54.78640951930091 -10.3787867844429
339.9976231652678 44.40762273485801 0 0 44.40762273485801 54.78640951930091 -10.3787867844429
339.9976231652678 44.40762273485801 0 0 44.40762273485801 54.78640951930091 -10.3787867844429
339.9976231652678 44.40762273485801 0 0 44.40762273485801 54.78640951930091 -10.3787867844429
339.9976231652678 44.40762273485801 0 0 44.40762273485801 54.78640951930091 -10.3787867844429
339.9976231652678 44.40762273485801 0 0 44.40762273485801 54.78640951930091 -10.3787867844429
339.9976231652678 44.40762273485801 0 0 44.40762273485801 54.78640951930091 -10.3787867844429
339.9976231652678 44.40762273485801 0 0 44.40762273485801 54.78640951930091 -10.3787867844429
339.9976231652678 44.40762273485801 0 0 44.40762273485801 54.78640951930091 -10.3787867844429
339.9976231652678 44.40762273485801 0 0 44.40762273485801 54.78640951930091 -10.3787867844429
339.9976231652678 44.40762273485801 0 0 44.40762273485801 54.78640951930091 -10.3787867844429
339.9976231652678 44.40762273485801 0 0 44.40762273485801 54.78640951930091 -10.3787867844429
339.9976231652678 44.40762273485801 0 0 44.40762273485801 54.78640951930091 -10.3787867844429
339.9976231652678 44.40762273485801 0 0 44.40762273485801 54.78640951930091 -10.3787867844429
339.9976231652678 44.40762273485801 0 0 44.40762273485801 54.78640951930091 -10.3787867844429
339.9976231652678 44.40762273485801 0 0 44.40762273485801 54.78640951930091 -10.3787867844429
339.9976231652678 44.40762273485801 0 0 44.40762273485801 54.78640951930091 -10.3787867844429
339.9976231652678 44.40762273485801 0 0 44.40762273485801 54.78640951930091 -10.3787867844429
339.9976231652678 44.40762273485801 0 0 44.40762273485801 54.78640951930091 -10.3787867844429
339.9976231652678 44.40762273485801 0 0 44.40762273485801 54.78640951930091 -10.3787867844429
339.9976231652678 44.40762273485801 0 0 44.40762273485801 54.78640951930091 -10.3787867844429
339.9976231652678 44.40762273485801 0 0 44.40762273485801 54.78640951930091 -10.3787867844429
339.9976231652678 44.40762273485801 0 0 44.40762273485801 54.78640951930091 -10.3787867844429
