totalLogLikelihoodDensity totalLogPriorDensity H1NoiseLogPriorDensity L1NoiseLogPriorDensity gwLogPriorDensity gwExtrinsicLogPriorDensityTracker gwCbcLogPriorDensityTracker
166.1044308266745 44.01227940694724 0 0 44.01227940694724 54.39106619139014 -10.3787867844429
318.0240383008922 44.09521409535402 0 0 44.09521409535402 54.47400087979692 -10.3787867844429
317.5625581599331 44.07362094107435 0 0 44.07362094107435 54.45240772551725 -10.3787867844429
317.5625581599331 44.07362094107435 0 0 44.07362094107435 54.45240772551725 -10.3787867844429
317.5625581599331 44.07362094107435 0 0 44.07362094107435 54.45240772551725 -10.3787867844429
317.5625581599331 44.07362094107435 0 0 44.07362094107435 54.45240772551725 -10.3787867844429
319.4908687504293 44.10981823292033 0 0 44.10981823292033 54.48860501736323 -10.3787867844429
319.4908687504293 44.10981823292033 0 0 44.10981823292033 54.48860501736323 -10.3787867844429
319.4908687504293 44.10981823292033 0 0 44.10981823292033 54.48860501736323 -10.3787867844429
319.4908687504293 44.10981823292033 0 0 44.10981823292033 54.48860501736323 -10.3787867844429
319.4908687504293 44.10981823292033 0 0 44.10981823292033 54.48860501736323 -10.3787867844429
319.4908687504293 44.10981823292033 0 0 44.10981823292033 54.48860501736323 -10.3787867844429
319.4954506909623 44.25123996876991 0 0 44.25123996876991 54.63002675321281 -10.3787867844429
319.4954506909623 44.25123996876991 0 0 44.25123996876991 54.63002675321281 -10.3787867844429
318.9215076537253 44.37697786788422 0 0 44.37697786788422 54.75576465232712 -10.3787867844429
318.9215076537253 44.37697786788422 0 0 44.37697786788422 54.75576465232712 -10.3787867844429
318.9215076537253 44.37697786788422 0 0 44.37697786788422 54.75576465232712 -10.3787867844429
318.9067879609913 44.36363354845041 0 0 44.36363354845041 54.74242033289331 -10.3787867844429
318.9067879609913 44.36363354845041 0 0 44.36363354845041 54.74242033289331 -10.3787867844429
318.9067879609913 44.36363354845041 0 0 44.36363354845041 54.74242033289331 -10.3787867844429
318.9067879609913 44.36363354845041 0 0 44.36363354845041 54.74242033289331 -10.3787867844429
318.9067879609913 44.36363354845041 0 0 44.36363354845041 54.74242033289331 -10.3787867844429
318.9067879609913 44.36363354845041 0 0 44.36363354845041 54.74242033289331 -10.3787867844429
318.9067879609913 44.36363354845041 0 0 44.36363354845041 54.74242033289331 -10.3787867844429
318.9067879609913 44.36363354845041 0 0 44.36363354845041 54.74242033289331 -10.3787867844429
318.9067879609913 44.36363354845041 0 0 44.36363354845041 54.74242033289331 -10.3787867844429
318.9067879609913 44.36363354845041 0 0 44.36363354845041 54.74242033289331 -10.3787867844429
318.560419170111 44.35531469298537 0 0 44.35531469298537 54.73410147742827 -10.3787867844429
318.7535288259792 44.38298689914588 0 0 44.38298689914588 54.76177368358877 -10.3787867844429
318.7535288259792 44.38298689914588 0 0 44.38298689914588 54.76177368358877 -10.3787867844429
318.7535288259792 44.38298689914588 0 0 44.38298689914588 54.76177368358877 -10.3787867844429
318.7535288259792 44.38298689914588 0 0 44.38298689914588 54.76177368358877 -10.3787867844429
318.320515421916 44.31966533762933 0 0 44.31966533762933 54.69845212207223 -10.3787867844429
318.320515421916 44.31966533762933 0 0 44.31966533762933 54.69845212207223 -10.3787867844429
318.320515421916 44.31966533762933 0 0 44.31966533762933 54.69845212207223 -10.3787867844429
318.3456976393711 44.21851199759779 0 0 44.21851199759779 54.59729878204069 -10.3787867844429
318.3456976393711 44.21851199759779 0 0 44.21851199759779 54.59729878204069 -10.3787867844429
318.7513440282814 44.18257412041066 0 0 44.18257412041066 54.56136090485357 -10.3787867844429
318.7513440282814 44.18257412041066 0 0 44.18257412041066 54.56136090485357 -10.3787867844429
318.6597268523458 44.036000318539 0 0 44.036000318539 54.41478710298189 -10.3787867844429
318.6597268523458 44.036000318539 0 0 44.036000318539 54.41478710298189 -10.3787867844429
318.6597268523458 44.036000318539 0 0 44.036000318539 54.41478710298189 -10.3787867844429
318.9067879609913 44.36363354845041 0 0 44.36363354845041 54.74242033289331 -10.3787867844429
318.9067879609913 44.36363354845041 0 0 44.36363354845041 54.74242033289331 -10.3787867844429
318.9067879609913 44.36363354845041 0 0 44.36363354845041 54.74242033289331 -10.3787867844429
318.9067879609913 44.36363354845041 0 0 44.36363354845041 54.74242033289331 -10.3787867844429
318.9067879609913 44.36363354845041 0 0 44.36363354845041 54.74242033289331 -10.3787867844429
318.9067879609913 44.36363354845041 0 0 44.36363354845041 54.74242033289331 -10.3787867844429
318.9067879609913 44.36363354845041 0 0 44.36363354845041 54.74242033289331 -10.3787867844429
318.9067879609913 44.36363354845041 0 0 44.36363354845041 54.74242033289331 -10.3787867844429
318.9067879609913 44.36363354845041 0 0 44.36363354845041 54.74242033289331 -10.3787867844429
318.9067879609913 44.36363354845041 0 0 44.36363354845041 54.74242033289331 -10.3787867844429
318.9067879609913 44.36363354845041 0 0 44.36363354845041 54.74242033289331 -10.3787867844429
318.9067879609913 44.36363354845041 0 0 44.36363354845041 54.74242033289331 -10.3787867844429
318.9067879609913 44.36363354845041 0 0 44.36363354845041 54.74242033289331 -10.3787867844429
318.9067879609913 44.36363354845041 0 0 44.36363354845041 54.74242033289331 -10.3787867844429
318.9067879609913 44.36363354845041 0 0 44.36363354845041 54.74242033289331 -10.3787867844429
318.9067879609913 44.36363354845041 0 0 44.36363354845041 54.74242033289331 -10.3787867844429
318.9067879609913 44.36363354845041 0 0 44.36363354845041 54.74242033289331 -10.3787867844429
318.9067879609913 44.36363354845041 0 0 44.36363354845041 54.74242033289331 -10.3787867844429
318.9067879609913 44.36363354845041 0 0 44.36363354845041 54.74242033289331 -10.3787867844429
319.7989899610341 44.32888756616789 0 0 44.32888756616789 54.70767435061079 -10.3787867844429
319.7989899610341 44.32888756616789 0 0 44.32888756616789 54.70767435061079 -10.3787867844429
319.7989899610341 44.32888756616789 0 0 44.32888756616789 54.70767435061079 -10.3787867844429
319.7989899610341 44.32888756616789 0 0 44.32888756616789 54.70767435061079 -10.3787867844429
321.6392017406974 44.29541504569274 0 0 44.29541504569274 54.67420183013564 -10.3787867844429
321.6392017406974 44.29541504569274 0 0 44.29541504569274 54.67420183013564 -10.3787867844429
321.6392017406974 44.29541504569274 0 0 44.29541504569274 54.67420183013564 -10.3787867844429
325.2101546129729 44.1762075252535 0 0 44.1762075252535 54.5549943096964 -10.3787867844429
325.2101546129729 44.1762075252535 0 0 44.1762075252535 54.5549943096964 -10.3787867844429
325.2101546129729 44.1762075252535 0 0 44.1762075252535 54.5549943096964 -10.3787867844429
325.2101546129729 44.1762075252535 0 0 44.1762075252535 54.5549943096964 -10.3787867844429
325.2101546129729 44.1762075252535 0 0 44.1762075252535 54.5549943096964 -10.3787867844429
326.5117557346409 44.2146036695914 0 0 44.2146036695914 54.59339045403429 -10.3787867844429
326.5117557346409 44.2146036695914 0 0 44.2146036695914 54.59339045403429 -10.3787867844429
326.5117557346409 44.2146036695914 0 0 44.2146036695914 54.59339045403429 -10.3787867844429
326.5117557346409 44.2146036695914 0 0 44.2146036695914 54.59339045403429 -10.3787867844429
329.7733710143578 44.27989756139206 0 0 44.27989756139206 54.65868434583496 -10.3787867844429
329.7733710143578 44.27989756139206 0 0 44.27989756139206 54.65868434583496 -10.3787867844429
329.7733710143578 44.27989756139206 0 0 44.27989756139206 54.65868434583496 -10.3787867844429
329.7733710143578 44.27989756139206 0 0 44.27989756139206 54.65868434583496 -10.3787867844429
329.7733710143578 44.27989756139206 0 0 44.27989756139206 54.65868434583496 -10.3787867844429
329.7981137029763 44.19867511439941 0 0 44.19867511439941 54.5774618988423 -10.3787867844429
329.7981137029763 44.19867511439941 0 0 44.19867511439941 54.5774618988423 -10.3787867844429
329.7981137029763 44.19867511439941 0 0 44.19867511439941 54.5774618988423 -10.3787867844429
331.9995727410535 44.10325191068991 0 0 44.10325191068991 54.48203869513281 -10.3787867844429
331.9995727410535 44.10325191068991 0 0 44.10325191068991 54.48203869513281 -10.3787867844429
333.0066022442353 44.33640382659298 0 0 44.33640382659298 54.71519061103589 -10.3787867844429
333.0467058060336 44.33597557879094 0 0 44.33597557879094 54.71476236323383 -10.3787867844429
334.4649354449551 44.20593114513967 0 0 44.20593114513967 54.58471792958257 -10.3787867844429
334.4649354449551 44.20593114513967 0 0 44.20593114513967 54.58471792958257 -10.3787867844429
334.4649354449551 44.20593114513967 0 0 44.20593114513967 54.58471792958257 -10.3787867844429
335.062960299411 44.27331306371487 0 0 44.27331306371487 54.65209984815777 -10.3787867844429
335.062960299411 44.27331306371487 0 0 44.27331306371487 54.65209984815777 -10.3787867844429
335.3696610311679 44.30198912059286 0 0 44.30198912059286 54.68077590503576 -10.3787867844429
335.3696610311679 44.30198912059286 0 0 44.30198912059286 54.68077590503576 -10.3787867844429
335.3696610311679 44.30198912059286 0 0 44.30198912059286 54.68077590503576 -10.3787867844429
335.3696610311679 44.30198912059286 0 0 44.30198912059286 54.68077590503576 -10.3787867844429
335.3696610311679 44.30198912059286 0 0 44.30198912059286 54.68077590503576 -10.3787867844429
335.3696610311679 44.30198912059286 0 0 44.30198912059286 54.68077590503576 -10.3787867844429
335.7892808032534 44.28035950300185 0 0 44.28035950300185 54.65914628744474 -10.3787867844429
335.7892808032534 44.28035950300185 0 0 44.28035950300185 54.65914628744474 -10.3787867844429
335.7892808032534 44.28035950300185 0 0 44.28035950300185 54.65914628744474 -10.3787867844429
335.7892808032534 44.28035950300185 0 0 44.28035950300185 54.65914628744474 -10.3787867844429
335.7892808032534 44.28035950300185 0 0 44.28035950300185 54.65914628744474 -10.3787867844429
335.7892808032534 44.28035950300185 0 0 44.28035950300185 54.65914628744474 -10.3787867844429
336.2471934135874 44.20067622383449 0 0 44.20067622383449 54.57946300827739 -10.3787867844429
336.2471934135874 44.20067622383449 0 0 44.20067622383449 54.57946300827739 -10.3787867844429
336.3250814394016 44.05996552463577 0 0 44.05996552463577 54.43875230907867 -10.3787867844429
336.3250814394016 44.05996552463577 0 0 44.05996552463577 54.43875230907867 -10.3787867844429
336.3250814394016 44.05996552463577 0 0 44.05996552463577 54.43875230907867 -10.3787867844429
336.1098971429479 43.84750594746629 0 0 43.84750594746629 54.22629273190918 -10.3787867844429
336.1098971429479 43.84750594746629 0 0 43.84750594746629 54.22629273190918 -10.3787867844429
336.1098971429479 43.84750594746629 0 0 43.84750594746629 54.22629273190918 -10.3787867844429
336.1553852845162 43.98968174034275 0 0 43.98968174034275 54.36846852478564 -10.3787867844429
336.1553852845162 43.98968174034275 0 0 43.98968174034275 54.36846852478564 -10.3787867844429
336.1553852845162 43.98968174034275 0 0 43.98968174034275 54.36846852478564 -10.3787867844429
336.1553852845162 43.98968174034275 0 0 43.98968174034275 54.36846852478564 -10.3787867844429
336.1553852845162 43.98968174034275 0 0 43.98968174034275 54.36846852478564 -10.3787867844429
336.1553852845162 43.98968174034275 0 0 43.98968174034275 54.36846852478564 -10.3787867844429
336.1553852845162 43.98968174034275 0 0 43.98968174034275 54.36846852478564 -10.3787867844429
336.1553852845162 43.98968174034275 0 0 43.98968174034275 54.36846852478564 -10.3787867844429
336.1553852845162 43.98968174034275 0 0 43.98968174034275 54.36846852478564 -10.3787867844429
336.4747695495281 43.87432173055207 0 0 43.87432173055207 54.25310851499496 -10.3787867844429
336.4747695495281 43.87432173055207 0 0 43.87432173055207 54.25310851499496 -10.3787867844429
335.9480878170912 43.79868518163423 0 0 43.79868518163423 54.17747196607712 -10.3787867844429
335.9480878170912 43.79868518163423 0 0 43.79868518163423 54.17747196607712 -10.3787867844429
335.9480878170912 43.79868518163423 0 0 43.79868518163423 54.17747196607712 -10.3787867844429
335.6506017890138 43.88386873502506 0 0 43.88386873502506 54.26265551946796 -10.3787867844429
336.3227974011985 43.92274666121726 0 0 43.92274666121726 54.30153344566016 -10.3787867844429
336.3227974011985 43.92274666121726 0 0 43.92274666121726 54.30153344566016 -10.3787867844429
336.3227974011985 43.92274666121726 0 0 43.92274666121726 54.30153344566016 -10.3787867844429
336.3227974011985 43.92274666121726 0 0 43.92274666121726 54.30153344566016 -10.3787867844429
336.3227974011985 43.92274666121726 0 0 43.92274666121726 54.30153344566016 -10.3787867844429
336.3227974011985 43.92274666121726 0 0 43.92274666121726 54.30153344566016 -10.3787867844429
336.3227974011985 43.92274666121726 0 0 43.92274666121726 54.30153344566016 -10.3787867844429
336.3227974011985 43.92274666121726 0 0 43.92274666121726 54.30153344566016 -10.3787867844429
336.3227974011985 43.92274666121726 0 0 43.92274666121726 54.30153344566016 -10.3787867844429
336.3227974011985 43.92274666121726 0 0 43.92274666121726 54.30153344566016 -10.3787867844429
336.3227974011985 43.92274666121726 0 0 43.92274666121726 54.30153344566016 -10.3787867844429
336.0678629426291 43.89141911476139 0 0 43.89141911476139 54.27020589920429 -10.3787867844429
336.3679349349196 43.93818666823998 0 0 43.93818666823998 54.31697345268288 -10.3787867844429
336.6584798071519 43.88100956953792 0 0 43.88100956953792 54.25979635398082 -10.3787867844429
336.6170401364839 43.71735239369713 0 0 43.71735239369713 54.09613917814003 -10.3787867844429
336.6572542972615 43.88487439198872 0 0 43.88487439198872 54.26366117643162 -10.3787867844429
337.1460251358666 43.91194692613958 0 0 43.91194692613958 54.29073371058248 -10.3787867844429
337.1460251358666 43.91194692613958 0 0 43.91194692613958 54.29073371058248 -10.3787867844429
337.1460251358666 43.91194692613958 0 0 43.91194692613958 54.29073371058248 -10.3787867844429
337.1460251358666 43.91194692613958 0 0 43.91194692613958 54.29073371058248 -10.3787867844429
337.2593493621072 43.78172959074996 0 0 43.78172959074996 54.16051637519286 -10.3787867844429
337.2789969530985 43.88069086233453 0 0 43.88069086233453 54.25947764677743 -10.3787867844429
337.2789969530985 43.88069086233453 0 0 43.88069086233453 54.25947764677743 -10.3787867844429
337.2789969530985 43.88069086233453 0 0 43.88069086233453 54.25947764677743 -10.3787867844429
337.2789969530985 43.88069086233453 0 0 43.88069086233453 54.25947764677743 -10.3787867844429
337.2789969530985 43.88069086233453 0 0 43.88069086233453 54.25947764677743 -10.3787867844429
337.2789969530985 43.88069086233453 0 0 43.88069086233453 54.25947764677743 -10.3787867844429
337.3019638279235 43.72847070276316 0 0 43.72847070276316 54.10725748720606 -10.3787867844429
337.3019638279235 43.72847070276316 0 0 43.72847070276316 54.10725748720606 -10.3787867844429
337.4068237412284 43.64492381831572 0 0 43.64492381831572 54.02371060275861 -10.3787867844429
337.4068237412284 43.64492381831572 0 0 43.64492381831572 54.02371060275861 -10.3787867844429
337.4068237412284 43.64492381831572 0 0 43.64492381831572 54.02371060275861 -10.3787867844429
337.3562867592273 43.65025079794243 0 0 43.65025079794243 54.02903758238533 -10.3787867844429
337.3166779136068 43.66643077354473 0 0 43.66643077354473 54.04521755798763 -10.3787867844429
337.1798305119655 43.79461118170684 0 0 43.79461118170684 54.17339796614974 -10.3787867844429
337.2910207947126 43.70813705472609 0 0 43.70813705472609 54.08692383916899 -10.3787867844429
337.2910207947126 43.70813705472609 0 0 43.70813705472609 54.08692383916899 -10.3787867844429
337.2910207947126 43.70813705472609 0 0 43.70813705472609 54.08692383916899 -10.3787867844429
337.2910207947126 43.70813705472609 0 0 43.70813705472609 54.08692383916899 -10.3787867844429
337.2910207947126 43.70813705472609 0 0 43.70813705472609 54.08692383916899 -10.3787867844429
337.2910207947126 43.70813705472609 0 0 43.70813705472609 54.08692383916899 -10.3787867844429
337.2910207947126 43.70813705472609 0 0 43.70813705472609 54.08692383916899 -10.3787867844429
337.2910207947126 43.70813705472609 0 0 43.70813705472609 54.08692383916899 -10.3787867844429
337.2910207947126 43.70813705472609 0 0 43.70813705472609 54.08692383916899 -10.3787867844429
337.2910207947126 43.70813705472609 0 0 43.70813705472609 54.08692383916899 -10.3787867844429
337.2910207947126 43.70813705472609 0 0 43.70813705472609 54.08692383916899 -10.3787867844429
337.2910207947126 43.70813705472609 0 0 43.70813705472609 54.08692383916899 -10.3787867844429
337.2910207947126 43.70813705472609 0 0 43.70813705472609 54.08692383916899 -10.3787867844429
337.2910207947126 43.70813705472609 0 0 43.70813705472609 54.08692383916899 -10.3787867844429
337.2910207947126 43.70813705472609 0 0 43.70813705472609 54.08692383916899 -10.3787867844429
337.3670911057961 43.66943830855162 0 0 43.66943830855162 54.04822509299452 -10.3787867844429
337.276049783683 43.70230886694132 0 0 43.70230886694132 54.08109565138422 -10.3787867844429
337.345595867101 43.65357915218799 0 0 43.65357915218799 54.03236593663088 -10.3787867844429
337.345595867101 43.65357915218799 0 0 43.65357915218799 54.03236593663088 -10.3787867844429
337.345595867101 43.65357915218799 0 0 43.65357915218799 54.03236593663088 -10.3787867844429
337.4499444125079 43.77067476054668 0 0 43.77067476054668 54.14946154498958 -10.3787867844429
337.4499444125079 43.77067476054668 0 0 43.77067476054668 54.14946154498958 -10.3787867844429
337.4499444125079 43.77067476054668 0 0 43.77067476054668 54.14946154498958 -10.3787867844429
337.4499444125079 43.77067476054668 0 0 43.77067476054668 54.14946154498958 -10.3787867844429
337.6189401395336 43.88174620356372 0 0 43.88174620356372 54.26053298800662 -10.3787867844429
337.6189401395336 43.88174620356372 0 0 43.88174620356372 54.26053298800662 -10.3787867844429
337.7683904311907 43.7480326633995 0 0 43.7480326633995 54.12681944784239 -10.3787867844429
337.6419347263289 43.68770973123974 0 0 43.68770973123974 54.06649651568264 -10.3787867844429
337.7025194254078 43.59752488238784 0 0 43.59752488238784 53.97631166683075 -10.3787867844429
337.4262738917207 43.60101369048799 0 0 43.60101369048799 53.97980047493088 -10.3787867844429
337.0614280918139 43.60054844948502 0 0 43.60054844948502 53.97933523392791 -10.3787867844429
337.0260126762217 43.62685102700766 0 0 43.62685102700766 54.00563781145056 -10.3787867844429
337.0260126762217 43.62685102700766 0 0 43.62685102700766 54.00563781145056 -10.3787867844429
337.0260126762217 43.62685102700766 0 0 43.62685102700766 54.00563781145056 -10.3787867844429
337.0260126762217 43.62685102700766 0 0 43.62685102700766 54.00563781145056 -10.3787867844429
337.0260126762217 43.62685102700766 0 0 43.62685102700766 54.00563781145056 -10.3787867844429
337.0260126762217 43.62685102700766 0 0 43.62685102700766 54.00563781145056 -10.3787867844429
337.0260126762217 43.62685102700766 0 0 43.62685102700766 54.00563781145056 -10.3787867844429
337.0260126762217 43.62685102700766 0 0 43.62685102700766 54.00563781145056 -10.3787867844429
337.0762868953054 43.65566203749765 0 0 43.65566203749765 54.03444882194054 -10.3787867844429
337.0552383583008 43.82104575742251 0 0 43.82104575742251 54.1998325418654 -10.3787867844429
337.0552383583008 43.82104575742251 0 0 43.82104575742251 54.1998325418654 -10.3787867844429
337.0552383583008 43.82104575742251 0 0 43.82104575742251 54.1998325418654 -10.3787867844429
337.0552383583008 43.82104575742251 0 0 43.82104575742251 54.1998325418654 -10.3787867844429
337.0552383583008 43.82104575742251 0 0 43.82104575742251 54.1998325418654 -10.3787867844429
337.0552383583008 43.82104575742251 0 0 43.82104575742251 54.1998325418654 -10.3787867844429
337.0552383583008 43.82104575742251 0 0 43.82104575742251 54.1998325418654 -10.3787867844429
336.9631829122299 43.74714202848374 0 0 43.74714202848374 54.12592881292664 -10.3787867844429
336.9631829122299 43.74714202848374 0 0 43.74714202848374 54.12592881292664 -10.3787867844429
337.430731604471 43.65073993892817 0 0 43.65073993892817 54.02952672337107 -10.3787867844429
337.430731604471 43.65073993892817 0 0 43.65073993892817 54.02952672337107 -10.3787867844429
337.3915765585178 43.71262185898414 0 0 43.71262185898414 54.09140864342703 -10.3787867844429
337.3915765585178 43.71262185898414 0 0 43.71262185898414 54.09140864342703 -10.3787867844429
337.3915765585178 43.71262185898414 0 0 43.71262185898414 54.09140864342703 -10.3787867844429
337.3915765585178 43.71262185898414 0 0 43.71262185898414 54.09140864342703 -10.3787867844429
337.5988880811301 43.44040720917103 0 0 43.44040720917103 53.81919399361393 -10.3787867844429
337.0790899394737 43.50499119133138 0 0 43.50499119133138 53.88377797577428 -10.3787867844429
336.6769009053407 43.50681292665612 0 0 43.50681292665612 53.88559971109902 -10.3787867844429
337.1100308963418 43.50808980866094 0 0 43.50808980866094 53.88687659310384 -10.3787867844429
337.2602106278758 43.4258637782192 0 0 43.4258637782192 53.8046505626621 -10.3787867844429
338.7806541324309 42.84781314215869 0 0 42.84781314215869 53.22659992660158 -10.3787867844429
338.7806541324309 42.84781314215869 0 0 42.84781314215869 53.22659992660158 -10.3787867844429
338.8342038981798 42.85880035040724 0 0 42.85880035040724 53.23758713485014 -10.3787867844429
338.8342038981798 42.85880035040724 0 0 42.85880035040724 53.23758713485014 -10.3787867844429
338.8342038981798 42.85880035040724 0 0 42.85880035040724 53.23758713485014 -10.3787867844429
338.8080751419957 42.85190628150376 0 0 42.85190628150376 53.23069306594666 -10.3787867844429
338.8080751419957 42.85190628150376 0 0 42.85190628150376 53.23069306594666 -10.3787867844429
338.8080751419957 42.85190628150376 0 0 42.85190628150376 53.23069306594666 -10.3787867844429
338.8080751419957 42.85190628150376 0 0 42.85190628150376 53.23069306594666 -10.3787867844429
338.8080751419957 42.85190628150376 0 0 42.85190628150376 53.23069306594666 -10.3787867844429
338.8080751419957 42.85190628150376 0 0 42.85190628150376 53.23069306594666 -10.3787867844429
338.8080751419957 42.85190628150376 0 0 42.85190628150376 53.23069306594666 -10.3787867844429
338.9407644811355 42.76864960842887 0 0 42.76864960842887 53.14743639287178 -10.3787867844429
338.9407644811355 42.76864960842887 0 0 42.76864960842887 53.14743639287178 -10.3787867844429
338.9407644811355 42.76864960842887 0 0 42.76864960842887 53.14743639287178 -10.3787867844429
338.9407644811355 42.76864960842887 0 0 42.76864960842887 53.14743639287178 -10.3787867844429
338.9407644811355 42.76864960842887 0 0 42.76864960842887 53.14743639287178 -10.3787867844429
338.9407644811355 42.76864960842887 0 0 42.76864960842887 53.14743639287178 -10.3787867844429
338.9407644811355 42.76864960842887 0 0 42.76864960842887 53.14743639287178 -10.3787867844429
338.9407644811355 42.76864960842887 0 0 42.76864960842887 53.14743639287178 -10.3787867844429
338.9752045863956 42.74337581614843 0 0 42.74337581614843 53.12216260059133 -10.3787867844429
338.9752045863956 42.74337581614843 0 0 42.74337581614843 53.12216260059133 -10.3787867844429
338.9752045863956 42.74337581614843 0 0 42.74337581614843 53.12216260059133 -10.3787867844429
338.779545551582 42.69780469042595 0 0 42.69780469042595 53.07659147486885 -10.3787867844429
338.779545551582 42.69780469042595 0 0 42.69780469042595 53.07659147486885 -10.3787867844429
338.4645550446736 42.76891944325723 0 0 42.76891944325723 53.14770622770013 -10.3787867844429
338.0235386150842 42.79235160409677 0 0 42.79235160409677 53.17113838853967 -10.3787867844429
338.0235386150842 42.79235160409677 0 0 42.79235160409677 53.17113838853967 -10.3787867844429
338.0235386150842 42.79235160409677 0 0 42.79235160409677 53.17113838853967 -10.3787867844429
338.0235386150842 42.79235160409677 0 0 42.79235160409677 53.17113838853967 -10.3787867844429
338.0235386150842 42.79235160409677 0 0 42.79235160409677 53.17113838853967 -10.3787867844429
338.0235386150842 42.79235160409677 0 0 42.79235160409677 53.17113838853967 -10.3787867844429
338.1817337770651 42.85685070945425 0 0 42.85685070945425 53.23563749389715 -10.3787867844429
338.213780367866 42.85801629329845 0 0 42.85801629329845 53.23680307774135 -10.3787867844429
338.5231671033077 42.8293089397327 0 0 42.8293089397327 53.20809572417559 -10.3787867844429
338.3516875636714 42.86190405573078 0 0 42.86190405573078 53.24069084017367 -10.3787867844429
338.4629181092583 42.88492375543083 0 0 42.88492375543083 53.26371053987373 -10.3787867844429
338.4629181092583 42.88492375543083 0 0 42.88492375543083 53.26371053987373 -10.3787867844429
338.4629181092583 42.88492375543083 0 0 42.88492375543083 53.26371053987373 -10.3787867844429
339.0213226187618 42.87943937405177 0 0 42.87943937405177 53.25822615849467 -10.3787867844429
339.0213226187618 42.87943937405177 0 0 42.87943937405177 53.25822615849467 -10.3787867844429
339.0213226187618 42.87943937405177 0 0 42.87943937405177 53.25822615849467 -10.3787867844429
339.0213226187618 42.87943937405177 0 0 42.87943937405177 53.25822615849467 -10.3787867844429
339.0213226187618 42.87943937405177 0 0 42.87943937405177 53.25822615849467 -10.3787867844429
339.0213226187618 42.87943937405177 0 0 42.87943937405177 53.25822615849467 -10.3787867844429
339.0213226187618 42.87943937405177 0 0 42.87943937405177 53.25822615849467 -10.3787867844429
339.0213226187618 42.87943937405177 0 0 42.87943937405177 53.25822615849467 -10.3787867844429
339.0213226187618 42.87943937405177 0 0 42.87943937405177 53.25822615849467 -10.3787867844429
339.0213226187618 42.87943937405177 0 0 42.87943937405177 53.25822615849467 -10.3787867844429
339.0945214230724 43.03206958012943 0 0 43.03206958012943 53.41085636457233 -10.3787867844429
338.7984050462014 42.8222434384428 0 0 42.8222434384428 53.2010302228857 -10.3787867844429
338.7984050462014 42.8222434384428 0 0 42.8222434384428 53.2010302228857 -10.3787867844429
338.7543420612877 42.8077045367454 0 0 42.8077045367454 53.1864913211883 -10.3787867844429
338.7895668398024 42.72536576675681 0 0 42.72536576675681 53.10415255119971 -10.3787867844429
338.7895668398024 42.72536576675681 0 0 42.72536576675681 53.10415255119971 -10.3787867844429
338.9265381856794 42.7516838639243 0 0 42.7516838639243 53.13047064836719 -10.3787867844429
339.0155493988743 42.85277091810869 0 0 42.85277091810869 53.23155770255159 -10.3787867844429
339.0023352848629 42.86560536769997 0 0 42.86560536769997 53.24439215214287 -10.3787867844429
339.0006223764535 42.86859112737318 0 0 42.86859112737318 53.24737791181607 -10.3787867844429
339.014210671404 42.90142009867591 0 0 42.90142009867591 53.28020688311881 -10.3787867844429
339.024717904607 42.95253892172435 0 0 42.95253892172435 53.33132570616726 -10.3787867844429
339.024717904607 42.95253892172435 0 0 42.95253892172435 53.33132570616726 -10.3787867844429
338.9889706041104 42.928121640283 0 0 42.928121640283 53.30690842472589 -10.3787867844429
338.7651243385516 43.2786045709659 0 0 43.2786045709659 53.6573913554088 -10.3787867844429
338.7651243385516 43.2786045709659 0 0 43.2786045709659 53.6573913554088 -10.3787867844429
338.7397168498284 43.26503826655205 0 0 43.26503826655205 53.64382505099496 -10.3787867844429
338.767532517469 43.27578757908366 0 0 43.27578757908366 53.65457436352656 -10.3787867844429
338.767532517469 43.27578757908366 0 0 43.27578757908366 53.65457436352656 -10.3787867844429
338.767532517469 43.27578757908366 0 0 43.27578757908366 53.65457436352656 -10.3787867844429
338.8326731422412 43.28751213441663 0 0 43.28751213441663 53.66629891885953 -10.3787867844429
338.8326731422412 43.28751213441663 0 0 43.28751213441663 53.66629891885953 -10.3787867844429
338.8326731422412 43.28751213441663 0 0 43.28751213441663 53.66629891885953 -10.3787867844429
338.8326731422412 43.28751213441663 0 0 43.28751213441663 53.66629891885953 -10.3787867844429
338.9063812210095 43.28494041381384 0 0 43.28494041381384 53.66372719825674 -10.3787867844429
339.0183056778799 43.28609304497516 0 0 43.28609304497516 53.66487982941806 -10.3787867844429
339.0183056778799 43.28609304497516 0 0 43.28609304497516 53.66487982941806 -10.3787867844429
338.9986171613101 43.23852966163574 0 0 43.23852966163574 53.61731644607863 -10.3787867844429
338.9986171613101 43.23852966163574 0 0 43.23852966163574 53.61731644607863 -10.3787867844429
338.9986171613101 43.23852966163574 0 0 43.23852966163574 53.61731644607863 -10.3787867844429
339.1295114151638 43.23850330433257 0 0 43.23850330433257 53.61729008877546 -10.3787867844429
339.3181736863696 43.29912957007592 0 0 43.29912957007592 53.67791635451881 -10.3787867844429
339.3181736863696 43.29912957007592 0 0 43.29912957007592 53.67791635451881 -10.3787867844429
339.3181736863696 43.29912957007592 0 0 43.29912957007592 53.67791635451881 -10.3787867844429
339.3292339630557 43.31031873570265 0 0 43.31031873570265 53.68910552014555 -10.3787867844429
339.3940233141043 43.40773219987224 0 0 43.40773219987224 53.78651898431514 -10.3787867844429
339.3734653970913 43.37645901456771 0 0 43.37645901456771 53.75524579901062 -10.3787867844429
339.3499971292172 43.52196101019449 0 0 43.52196101019449 53.90074779463739 -10.3787867844429
339.3499971292172 43.52196101019449 0 0 43.52196101019449 53.90074779463739 -10.3787867844429
339.3008749471453 43.52258577806964 0 0 43.52258577806964 53.90137256251253 -10.3787867844429
339.2049644154527 43.57470576174127 0 0 43.57470576174127 53.95349254618417 -10.3787867844429
339.2049644154527 43.57470576174127 0 0 43.57470576174127 53.95349254618417 -10.3787867844429
339.2049644154527 43.57470576174127 0 0 43.57470576174127 53.95349254618417 -10.3787867844429
339.1851427198301 43.60196440107117 0 0 43.60196440107117 53.98075118551407 -10.3787867844429
339.1851427198301 43.60196440107117 0 0 43.60196440107117 53.98075118551407 -10.3787867844429
339.2674289343636 43.60830350834121 0 0 43.60830350834121 53.9870902927841 -10.3787867844429
339.2674289343636 43.60830350834121 0 0 43.60830350834121 53.9870902927841 -10.3787867844429
339.2674289343636 43.60830350834121 0 0 43.60830350834121 53.9870902927841 -10.3787867844429
339.2674289343636 43.60830350834121 0 0 43.60830350834121 53.9870902927841 -10.3787867844429
339.2326579888199 43.61207112990587 0 0 43.61207112990587 53.99085791434877 -10.3787867844429
339.3557407172578 43.80992835878821 0 0 43.80992835878821 54.18871514323111 -10.3787867844429
339.3403852743739 43.82940677198803 0 0 43.82940677198803 54.20819355643093 -10.3787867844429
339.2424784419121 43.86566829165831 0 0 43.86566829165831 54.24445507610121 -10.3787867844429
339.2424784419121 43.86566829165831 0 0 43.86566829165831 54.24445507610121 -10.3787867844429
339.2631874521156 43.82061347455688 0 0 43.82061347455688 54.19940025899977 -10.3787867844429
339.2899659583883 43.8446666617014 0 0 43.8446666617014 54.2234534461443 -10.3787867844429
339.2448706359843 43.85226953813432 0 0 43.85226953813432 54.23105632257722 -10.3787867844429
339.2448706359843 43.85226953813432 0 0 43.85226953813432 54.23105632257722 -10.3787867844429
339.1045716676796 43.8106860746398 0 0 43.8106860746398 54.1894728590827 -10.3787867844429
339.1045716676796 43.8106860746398 0 0 43.8106860746398 54.1894728590827 -10.3787867844429
339.3149364620093 43.90239092366399 0 0 43.90239092366399 54.28117770810689 -10.3787867844429
339.398751490088 43.88015359833147 0 0 43.88015359833147 54.25894038277438 -10.3787867844429
339.559908085472 43.75604808779093 0 0 43.75604808779093 54.13483487223383 -10.3787867844429
339.5711368374615 43.76989949456018 0 0 43.76989949456018 54.14868627900307 -10.3787867844429
339.5711368374615 43.76989949456018 0 0 43.76989949456018 54.14868627900307 -10.3787867844429
339.5711368374615 43.76989949456018 0 0 43.76989949456018 54.14868627900307 -10.3787867844429
339.5711368374615 43.76989949456018 0 0 43.76989949456018 54.14868627900307 -10.3787867844429
339.5385137747686 43.73149251792174 0 0 43.73149251792174 54.11027930236464 -10.3787867844429
339.5385137747686 43.73149251792174 0 0 43.73149251792174 54.11027930236464 -10.3787867844429
339.5385137747686 43.73149251792174 0 0 43.73149251792174 54.11027930236464 -10.3787867844429
339.5385137747686 43.73149251792174 0 0 43.73149251792174 54.11027930236464 -10.3787867844429
339.5385137747686 43.73149251792174 0 0 43.73149251792174 54.11027930236464 -10.3787867844429
339.5385137747686 43.73149251792174 0 0 43.73149251792174 54.11027930236464 -10.3787867844429
339.554570889173 43.72970592693245 0 0 43.72970592693245 54.10849271137535 -10.3787867844429
339.554570889173 43.72970592693245 0 0 43.72970592693245 54.10849271137535 -10.3787867844429
339.4677088939736 43.76604661359066 0 0 43.76604661359066 54.14483339803355 -10.3787867844429
339.6239618715961 43.79842823334187 0 0 43.79842823334187 54.17721501778477 -10.3787867844429
339.540667896151 43.78315894374161 0 0 43.78315894374161 54.16194572818451 -10.3787867844429
339.540667896151 43.78315894374161 0 0 43.78315894374161 54.16194572818451 -10.3787867844429
339.540667896151 43.78315894374161 0 0 43.78315894374161 54.16194572818451 -10.3787867844429
339.1135471323884 43.82234640926463 0 0 43.82234640926463 54.20113319370752 -10.3787867844429
339.1135471323884 43.82234640926463 0 0 43.82234640926463 54.20113319370752 -10.3787867844429
339.1135471323884 43.82234640926463 0 0 43.82234640926463 54.20113319370752 -10.3787867844429
339.1135471323884 43.82234640926463 0 0 43.82234640926463 54.20113319370752 -10.3787867844429
338.9474287052832 43.77103060818206 0 0 43.77103060818206 54.14981739262495 -10.3787867844429
338.9474287052832 43.77103060818206 0 0 43.77103060818206 54.14981739262495 -10.3787867844429
339.014801016333 43.8582679322196 0 0 43.8582679322196 54.23705471666251 -10.3787867844429
338.9756427526625 43.81720472990497 0 0 43.81720472990497 54.19599151434787 -10.3787867844429
338.9693743131113 43.81800460222732 0 0 43.81800460222732 54.19679138667022 -10.3787867844429
338.9693743131113 43.81800460222732 0 0 43.81800460222732 54.19679138667022 -10.3787867844429
338.9034519538325 43.85216410431823 0 0 43.85216410431823 54.23095088876113 -10.3787867844429
338.9597348670239 43.81990610955376 0 0 43.81990610955376 54.19869289399665 -10.3787867844429
339.0230042959213 43.82788121292279 0 0 43.82788121292279 54.20666799736569 -10.3787867844429
339.0230042959213 43.82788121292279 0 0 43.82788121292279 54.20666799736569 -10.3787867844429
339.0230042959213 43.82788121292279 0 0 43.82788121292279 54.20666799736569 -10.3787867844429
339.1483002317033 43.81997932723785 0 0 43.81997932723785 54.19876611168075 -10.3787867844429
339.1254029259557 43.79372578245444 0 0 43.79372578245444 54.17251256689735 -10.3787867844429
339.1325887158441 43.83172680939713 0 0 43.83172680939713 54.21051359384003 -10.3787867844429
339.1739204747474 43.82722473405249 0 0 43.82722473405249 54.20601151849539 -10.3787867844429
339.1561278544791 43.82248047101207 0 0 43.82248047101207 54.20126725545497 -10.3787867844429
339.225923422055 43.79176740216326 0 0 43.79176740216326 54.17055418660616 -10.3787867844429
339.2137491129243 43.7809773637843 0 0 43.7809773637843 54.1597641482272 -10.3787867844429
339.2494769645278 43.72819790237688 0 0 43.72819790237688 54.10698468681977 -10.3787867844429
339.2020144668815 43.79277428345567 0 0 43.79277428345567 54.17156106789857 -10.3787867844429
339.2020144668815 43.79277428345567 0 0 43.79277428345567 54.17156106789857 -10.3787867844429
339.2020144668815 43.79277428345567 0 0 43.79277428345567 54.17156106789857 -10.3787867844429
339.2020144668815 43.79277428345567 0 0 43.79277428345567 54.17156106789857 -10.3787867844429
339.2020144668815 43.79277428345567 0 0 43.79277428345567 54.17156106789857 -10.3787867844429
339.3624820446344 43.75909506654286 0 0 43.75909506654286 54.13788185098575 -10.3787867844429
339.3624820446344 43.75909506654286 0 0 43.75909506654286 54.13788185098575 -10.3787867844429
339.3624820446344 43.75909506654286 0 0 43.75909506654286 54.13788185098575 -10.3787867844429
339.3624820446344 43.75909506654286 0 0 43.75909506654286 54.13788185098575 -10.3787867844429
339.3624820446344 43.75909506654286 0 0 43.75909506654286 54.13788185098575 -10.3787867844429
339.2983723656024 43.86626007087222 0 0 43.86626007087222 54.24504685531512 -10.3787867844429
339.2983723656024 43.86626007087222 0 0 43.86626007087222 54.24504685531512 -10.3787867844429
339.2983723656024 43.86626007087222 0 0 43.86626007087222 54.24504685531512 -10.3787867844429
339.2983723656024 43.86626007087222 0 0 43.86626007087222 54.24504685531512 -10.3787867844429
339.3360106031282 43.91306804332498 0 0 43.91306804332498 54.29185482776789 -10.3787867844429
339.3360106031282 43.91306804332498 0 0 43.91306804332498 54.29185482776789 -10.3787867844429
339.2989043229275 43.98045572669366 0 0 43.98045572669366 54.35924251113656 -10.3787867844429
339.2989043229275 43.98045572669366 0 0 43.98045572669366 54.35924251113656 -10.3787867844429
339.2989043229275 43.98045572669366 0 0 43.98045572669366 54.35924251113656 -10.3787867844429
339.2989043229275 43.98045572669366 0 0 43.98045572669366 54.35924251113656 -10.3787867844429
339.2724744222811 44.05364963220676 0 0 44.05364963220676 54.43243641664966 -10.3787867844429
339.3438914164103 44.08963023327975 0 0 44.08963023327975 54.46841701772264 -10.3787867844429
339.3438914164103 44.08963023327975 0 0 44.08963023327975 54.46841701772264 -10.3787867844429
339.3438914164103 44.08963023327975 0 0 44.08963023327975 54.46841701772264 -10.3787867844429
339.3119029904108 44.1955569478277 0 0 44.1955569478277 54.5743437322706 -10.3787867844429
339.3119029904108 44.1955569478277 0 0 44.1955569478277 54.5743437322706 -10.3787867844429
339.3119029904108 44.1955569478277 0 0 44.1955569478277 54.5743437322706 -10.3787867844429
339.3119029904108 44.1955569478277 0 0 44.1955569478277 54.5743437322706 -10.3787867844429
339.3119029904108 44.1955569478277 0 0 44.1955569478277 54.5743437322706 -10.3787867844429
339.3119029904108 44.1955569478277 0 0 44.1955569478277 54.5743437322706 -10.3787867844429
339.2674027679933 44.27733967317523 0 0 44.27733967317523 54.65612645761814 -10.3787867844429
339.2674027679933 44.27733967317523 0 0 44.27733967317523 54.65612645761814 -10.3787867844429
339.3308610110922 44.32847690064408 0 0 44.32847690064408 54.70726368508697 -10.3787867844429
339.2630145479316 44.28691083763586 0 0 44.28691083763586 54.66569762207875 -10.3787867844429
339.2751857541133 44.28185126439982 0 0 44.28185126439982 54.66063804884272 -10.3787867844429
339.2751857541133 44.28185126439982 0 0 44.28185126439982 54.66063804884272 -10.3787867844429
339.2751857541133 44.28185126439982 0 0 44.28185126439982 54.66063804884272 -10.3787867844429
339.2751857541133 44.28185126439982 0 0 44.28185126439982 54.66063804884272 -10.3787867844429
339.2751857541133 44.28185126439982 0 0 44.28185126439982 54.66063804884272 -10.3787867844429
339.2751857541133 44.28185126439982 0 0 44.28185126439982 54.66063804884272 -10.3787867844429
339.2751857541133 44.28185126439982 0 0 44.28185126439982 54.66063804884272 -10.3787867844429
339.2753532788622 44.27578405051986 0 0 44.27578405051986 54.65457083496276 -10.3787867844429
339.2753532788622 44.27578405051986 0 0 44.27578405051986 54.65457083496276 -10.3787867844429
339.326105309328 44.31971439372788 0 0 44.31971439372788 54.69850117817078 -10.3787867844429
339.3714256631158 44.31626593826344 0 0 44.31626593826344 54.69505272270634 -10.3787867844429
339.3854748343514 44.34802541790175 0 0 44.34802541790175 54.72681220234465 -10.3787867844429
339.3854748343514 44.34802541790175 0 0 44.34802541790175 54.72681220234465 -10.3787867844429
339.690969750459 44.06796121700339 0 0 44.06796121700339 54.44674800144629 -10.3787867844429
339.7238405976333 44.02717181896496 0 0 44.02717181896496 54.40595860340786 -10.3787867844429
339.7238405976333 44.02717181896496 0 0 44.02717181896496 54.40595860340786 -10.3787867844429
339.6711675823281 44.03922053359261 0 0 44.03922053359261 54.41800731803551 -10.3787867844429
339.6711675823281 44.03922053359261 0 0 44.03922053359261 54.41800731803551 -10.3787867844429
339.6711675823281 44.03922053359261 0 0 44.03922053359261 54.41800731803551 -10.3787867844429
339.6711675823281 44.03922053359261 0 0 44.03922053359261 54.41800731803551 -10.3787867844429
339.6293404483919 43.8898675465642 0 0 43.8898675465642 54.2686543310071 -10.3787867844429
339.3777040069838 43.94634108371562 0 0 43.94634108371562 54.32512786815852 -10.3787867844429
338.9828164997896 43.88284457742536 0 0 43.88284457742536 54.26163136186825 -10.3787867844429
339.0196672782922 43.89113693572253 0 0 43.89113693572253 54.26992372016542 -10.3787867844429
339.0246782802889 44.0194176412335 0 0 44.0194176412335 54.3982044256764 -10.3787867844429
339.0258822553906 44.0618395160501 0 0 44.0618395160501 54.440626300493 -10.3787867844429
338.9647734947138 44.08835969202562 0 0 44.08835969202562 54.46714647646851 -10.3787867844429
339.2094685550142 44.09788662685335 0 0 44.09788662685335 54.47667341129625 -10.3787867844429
339.1375669048014 44.1012953968516 0 0 44.1012953968516 54.48008218129449 -10.3787867844429
339.167091326935 44.10642493545841 0 0 44.10642493545841 54.4852117199013 -10.3787867844429
339.167091326935 44.10642493545841 0 0 44.10642493545841 54.4852117199013 -10.3787867844429
339.3019937037326 44.16698366845773 0 0 44.16698366845773 54.54577045290063 -10.3787867844429
339.4080938208556 44.17619523887647 0 0 44.17619523887647 54.55498202331938 -10.3787867844429
339.4080938208556 44.17619523887647 0 0 44.17619523887647 54.55498202331938 -10.3787867844429
339.4080938208556 44.17619523887647 0 0 44.17619523887647 54.55498202331938 -10.3787867844429
339.4080938208556 44.17619523887647 0 0 44.17619523887647 54.55498202331938 -10.3787867844429
339.3756694832659 44.14783530696124 0 0 44.14783530696124 54.52662209140414 -10.3787867844429
339.3756694832659 44.14783530696124 0 0 44.14783530696124 54.52662209140414 -10.3787867844429
339.3398353316891 44.25440322858952 0 0 44.25440322858952 54.63319001303243 -10.3787867844429
339.3653793018256 44.26626390243393 0 0 44.26626390243393 54.64505068687684 -10.3787867844429
339.3653793018256 44.26626390243393 0 0 44.26626390243393 54.64505068687684 -10.3787867844429
339.3653793018256 44.26626390243393 0 0 44.26626390243393 54.64505068687684 -10.3787867844429
339.3653793018256 44.26626390243393 0 0 44.26626390243393 54.64505068687684 -10.3787867844429
339.3653793018256 44.26626390243393 0 0 44.26626390243393 54.64505068687684 -10.3787867844429
339.6189950949702 44.24444332209781 0 0 44.24444332209781 54.6232301065407 -10.3787867844429
339.402454001125 44.31092978104955 0 0 44.31092978104955 54.68971656549245 -10.3787867844429
339.402454001125 44.31092978104955 0 0 44.31092978104955 54.68971656549245 -10.3787867844429
339.402454001125 44.31092978104955 0 0 44.31092978104955 54.68971656549245 -10.3787867844429
339.402454001125 44.31092978104955 0 0 44.31092978104955 54.68971656549245 -10.3787867844429
339.402454001125 44.31092978104955 0 0 44.31092978104955 54.68971656549245 -10.3787867844429
339.402454001125 44.31092978104955 0 0 44.31092978104955 54.68971656549245 -10.3787867844429
339.4084112059642 44.29453749954669 0 0 44.29453749954669 54.67332428398959 -10.3787867844429
339.6073378674724 44.23760314526109 0 0 44.23760314526109 54.61638992970399 -10.3787867844429
339.6073378674724 44.23760314526109 0 0 44.23760314526109 54.61638992970399 -10.3787867844429
339.5231637325676 44.25039388511189 0 0 44.25039388511189 54.62918066955479 -10.3787867844429
339.5231637325676 44.25039388511189 0 0 44.25039388511189 54.62918066955479 -10.3787867844429
339.5231637325676 44.25039388511189 0 0 44.25039388511189 54.62918066955479 -10.3787867844429
339.6734827510661 44.25185057702504 0 0 44.25185057702504 54.63063736146793 -10.3787867844429
339.7133259927559 44.22791539957569 0 0 44.22791539957569 54.60670218401859 -10.3787867844429
339.7133259927559 44.22791539957569 0 0 44.22791539957569 54.60670218401859 -10.3787867844429
339.6652639753853 44.21119857786212 0 0 44.21119857786212 54.58998536230502 -10.3787867844429
339.453277311029 44.15552366107002 0 0 44.15552366107002 54.53431044551292 -10.3787867844429
339.453277311029 44.15552366107002 0 0 44.15552366107002 54.53431044551292 -10.3787867844429
340.0325550506617 44.20712044950558 0 0 44.20712044950558 54.58590723394848 -10.3787867844429
339.9730539886489 44.32848171023818 0 0 44.32848171023818 54.70726849468107 -10.3787867844429
339.9730539886489 44.32848171023818 0 0 44.32848171023818 54.70726849468107 -10.3787867844429
339.9730539886489 44.32848171023818 0 0 44.32848171023818 54.70726849468107 -10.3787867844429
339.9730539886489 44.32848171023818 0 0 44.32848171023818 54.70726849468107 -10.3787867844429
339.9730539886489 44.32848171023818 0 0 44.32848171023818 54.70726849468107 -10.3787867844429
339.9730539886489 44.32848171023818 0 0 44.32848171023818 54.70726849468107 -10.3787867844429
340.0729296515813 44.33739146408304 0 0 44.33739146408304 54.71617824852594 -10.3787867844429
340.0729296515813 44.33739146408304 0 0 44.33739146408304 54.71617824852594 -10.3787867844429
340.0343876864629 44.28015993783217 0 0 44.28015993783217 54.65894672227507 -10.3787867844429
340.0343876864629 44.28015993783217 0 0 44.28015993783217 54.65894672227507 -10.3787867844429
339.9106803125305 44.23903545780233 0 0 44.23903545780233 54.61782224224523 -10.3787867844429
339.9106803125305 44.23903545780233 0 0 44.23903545780233 54.61782224224523 -10.3787867844429
339.9548420800372 44.19837382078605 0 0 44.19837382078605 54.57716060522894 -10.3787867844429
339.9548420800372 44.19837382078605 0 0 44.19837382078605 54.57716060522894 -10.3787867844429
339.9855422234758 44.25008744781221 0 0 44.25008744781221 54.6288742322551 -10.3787867844429
340.1114391792512 44.15809974214632 0 0 44.15809974214632 54.53688652658921 -10.3787867844429
340.1114391792512 44.15809974214632 0 0 44.15809974214632 54.53688652658921 -10.3787867844429
340.1114391792512 44.15809974214632 0 0 44.15809974214632 54.53688652658921 -10.3787867844429
340.1114391792512 44.15809974214632 0 0 44.15809974214632 54.53688652658921 -10.3787867844429
340.1114391792512 44.15809974214632 0 0 44.15809974214632 54.53688652658921 -10.3787867844429
340.1475734686384 44.30613398959267 0 0 44.30613398959267 54.68492077403556 -10.3787867844429
340.1475734686384 44.30613398959267 0 0 44.30613398959267 54.68492077403556 -10.3787867844429
340.1996471398011 44.3856974825416 0 0 44.3856974825416 54.7644842669845 -10.3787867844429
340.1996471398011 44.3856974825416 0 0 44.3856974825416 54.7644842669845 -10.3787867844429
340.1996471398011 44.3856974825416 0 0 44.3856974825416 54.7644842669845 -10.3787867844429
340.1996471398011 44.3856974825416 0 0 44.3856974825416 54.7644842669845 -10.3787867844429
340.1996471398011 44.3856974825416 0 0 44.3856974825416 54.7644842669845 -10.3787867844429
