totalLogLikelihoodDensity totalLogPriorDensity H1NoiseLogPriorDensity L1NoiseLogPriorDensity gwLogPriorDensity gwExtrinsicLogPriorDensityTracker gwCbcLogPriorDensityTracker
179.3444546134073 43.70849606049718 0 0 43.70849606049718 54.08728284494008 -10.3787867844429
318.0240383008922 44.09521409535402 0 0 44.09521409535402 54.47400087979692 -10.3787867844429
318.0240383008922 44.09521409535402 0 0 44.09521409535402 54.47400087979692 -10.3787867844429
318.0240383008922 44.09521409535402 0 0 44.09521409535402 54.47400087979692 -10.3787867844429
318.0240383008922 44.09521409535402 0 0 44.09521409535402 54.47400087979692 -10.3787867844429
318.0240383008922 44.09521409535402 0 0 44.09521409535402 54.47400087979692 -10.3787867844429
318.0240383008922 44.09521409535402 0 0 44.09521409535402 54.47400087979692 -10.3787867844429
318.0240383008922 44.09521409535402 0 0 44.09521409535402 54.47400087979692 -10.3787867844429
318.0240383008922 44.09521409535402 0 0 44.09521409535402 54.47400087979692 -10.3787867844429
318.0240383008922 44.09521409535402 0 0 44.09521409535402 54.47400087979692 -10.3787867844429
318.0240383008922 44.09521409535402 0 0 44.09521409535402 54.47400087979692 -10.3787867844429
318.0240383008922 44.09521409535402 0 0 44.09521409535402 54.47400087979692 -10.3787867844429
318.0240383008922 44.09521409535402 0 0 44.09521409535402 54.47400087979692 -10.3787867844429
318.0240383008922 44.09521409535402 0 0 44.09521409535402 54.47400087979692 -10.3787867844429
318.0240383008922 44.09521409535402 0 0 44.09521409535402 54.47400087979692 -10.3787867844429
318.0240383008922 44.09521409535402 0 0 44.09521409535402 54.47400087979692 -10.3787867844429
318.0240383008922 44.09521409535402 0 0 44.09521409535402 54.47400087979692 -10.3787867844429
318.0240383008922 44.09521409535402 0 0 44.09521409535402 54.47400087979692 -10.3787867844429
318.0240383008922 44.09521409535402 0 0 44.09521409535402 54.47400087979692 -10.3787867844429
318.0240383008922 44.09521409535402 0 0 44.09521409535402 54.47400087979692 -10.3787867844429
318.0240383008922 44.09521409535402 0 0 44.09521409535402 54.47400087979692 -10.3787867844429
318.0240383008922 44.09521409535402 0 0 44.09521409535402 54.47400087979692 -10.3787867844429
318.0240383008922 44.09521409535402 0 0 44.09521409535402 54.47400087979692 -10.3787867844429
318.0240383008922 44.09521409535402 0 0 44.09521409535402 54.47400087979692 -10.3787867844429
318.0240383008922 44.09521409535402 0 0 44.09521409535402 54.47400087979692 -10.3787867844429
318.0240383008922 44.09521409535402 0 0 44.09521409535402 54.47400087979692 -10.3787867844429
318.0240383008922 44.09521409535402 0 0 44.09521409535402 54.47400087979692 -10.3787867844429
318.0240383008922 44.09521409535402 0 0 44.09521409535402 54.47400087979692 -10.3787867844429
318.0240383008922 44.09521409535402 0 0 44.09521409535402 54.47400087979692 -10.3787867844429
314.5570730061739 44.1505368090689 0 0 44.1505368090689 54.52932359351179 -10.3787867844429
314.5570730061739 44.1505368090689 0 0 44.1505368090689 54.52932359351179 -10.3787867844429
314.5570730061739 44.1505368090689 0 0 44.1505368090689 54.52932359351179 -10.3787867844429
314.5570730061739 44.1505368090689 0 0 44.1505368090689 54.52932359351179 -10.3787867844429
314.5570730061739 44.1505368090689 0 0 44.1505368090689 54.52932359351179 -10.3787867844429
314.5570730061739 44.1505368090689 0 0 44.1505368090689 54.52932359351179 -10.3787867844429
314.5570730061739 44.1505368090689 0 0 44.1505368090689 54.52932359351179 -10.3787867844429
314.5570730061739 44.1505368090689 0 0 44.1505368090689 54.52932359351179 -10.3787867844429
314.5570730061739 44.1505368090689 0 0 44.1505368090689 54.52932359351179 -10.3787867844429
314.5570730061739 44.1505368090689 0 0 44.1505368090689 54.52932359351179 -10.3787867844429
314.5570730061739 44.1505368090689 0 0 44.1505368090689 54.52932359351179 -10.3787867844429
314.5570730061739 44.1505368090689 0 0 44.1505368090689 54.52932359351179 -10.3787867844429
314.5570730061739 44.1505368090689 0 0 44.1505368090689 54.52932359351179 -10.3787867844429
314.5570730061739 44.1505368090689 0 0 44.1505368090689 54.52932359351179 -10.3787867844429
314.5570730061739 44.1505368090689 0 0 44.1505368090689 54.52932359351179 -10.3787867844429
314.5570730061739 44.1505368090689 0 0 44.1505368090689 54.52932359351179 -10.3787867844429
314.5570730061739 44.1505368090689 0 0 44.1505368090689 54.52932359351179 -10.3787867844429
314.5570730061739 44.1505368090689 0 0 44.1505368090689 54.52932359351179 -10.3787867844429
314.5570730061739 44.1505368090689 0 0 44.1505368090689 54.52932359351179 -10.3787867844429
314.5570730061739 44.1505368090689 0 0 44.1505368090689 54.52932359351179 -10.3787867844429
314.5570730061739 44.1505368090689 0 0 44.1505368090689 54.52932359351179 -10.3787867844429
314.5570730061739 44.1505368090689 0 0 44.1505368090689 54.52932359351179 -10.3787867844429
314.5570730061739 44.1505368090689 0 0 44.1505368090689 54.52932359351179 -10.3787867844429
314.5570730061739 44.1505368090689 0 0 44.1505368090689 54.52932359351179 -10.3787867844429
319.6916389930481 44.11965923172771 0 0 44.11965923172771 54.49844601617061 -10.3787867844429
319.6916389930481 44.11965923172771 0 0 44.11965923172771 54.49844601617061 -10.3787867844429
319.6916389930481 44.11965923172771 0 0 44.11965923172771 54.49844601617061 -10.3787867844429
319.6916389930481 44.11965923172771 0 0 44.11965923172771 54.49844601617061 -10.3787867844429
319.6916389930481 44.11965923172771 0 0 44.11965923172771 54.49844601617061 -10.3787867844429
319.6916389930481 44.11965923172771 0 0 44.11965923172771 54.49844601617061 -10.3787867844429
319.6916389930481 44.11965923172771 0 0 44.11965923172771 54.49844601617061 -10.3787867844429
319.6916389930481 44.11965923172771 0 0 44.11965923172771 54.49844601617061 -10.3787867844429
319.6916389930481 44.11965923172771 0 0 44.11965923172771 54.49844601617061 -10.3787867844429
319.6916389930481 44.11965923172771 0 0 44.11965923172771 54.49844601617061 -10.3787867844429
319.6916389930481 44.11965923172771 0 0 44.11965923172771 54.49844601617061 -10.3787867844429
317.8973902088837 44.13375632902115 0 0 44.13375632902115 54.51254311346405 -10.3787867844429
317.8973902088837 44.13375632902115 0 0 44.13375632902115 54.51254311346405 -10.3787867844429
317.8973902088837 44.13375632902115 0 0 44.13375632902115 54.51254311346405 -10.3787867844429
317.8973902088837 44.13375632902115 0 0 44.13375632902115 54.51254311346405 -10.3787867844429
317.8973902088837 44.13375632902115 0 0 44.13375632902115 54.51254311346405 -10.3787867844429
317.8973902088837 44.13375632902115 0 0 44.13375632902115 54.51254311346405 -10.3787867844429
317.8973902088837 44.13375632902115 0 0 44.13375632902115 54.51254311346405 -10.3787867844429
317.8973902088837 44.13375632902115 0 0 44.13375632902115 54.51254311346405 -10.3787867844429
317.8973902088837 44.13375632902115 0 0 44.13375632902115 54.51254311346405 -10.3787867844429
317.8973902088837 44.13375632902115 0 0 44.13375632902115 54.51254311346405 -10.3787867844429
317.8973902088837 44.13375632902115 0 0 44.13375632902115 54.51254311346405 -10.3787867844429
317.8973902088837 44.13375632902115 0 0 44.13375632902115 54.51254311346405 -10.3787867844429
317.8973902088837 44.13375632902115 0 0 44.13375632902115 54.51254311346405 -10.3787867844429
317.8973902088837 44.13375632902115 0 0 44.13375632902115 54.51254311346405 -10.3787867844429
317.8973902088837 44.13375632902115 0 0 44.13375632902115 54.51254311346405 -10.3787867844429
317.8973902088837 44.13375632902115 0 0 44.13375632902115 54.51254311346405 -10.3787867844429
317.8973902088837 44.13375632902115 0 0 44.13375632902115 54.51254311346405 -10.3787867844429
317.8973902088837 44.13375632902115 0 0 44.13375632902115 54.51254311346405 -10.3787867844429
321.7987660006569 44.30336268895395 0 0 44.30336268895395 54.68214947339685 -10.3787867844429
321.7987660006569 44.30336268895395 0 0 44.30336268895395 54.68214947339685 -10.3787867844429
321.7987660006569 44.30336268895395 0 0 44.30336268895395 54.68214947339685 -10.3787867844429
321.7987660006569 44.30336268895395 0 0 44.30336268895395 54.68214947339685 -10.3787867844429
321.7987660006569 44.30336268895395 0 0 44.30336268895395 54.68214947339685 -10.3787867844429
321.7987660006569 44.30336268895395 0 0 44.30336268895395 54.68214947339685 -10.3787867844429
321.7987660006569 44.30336268895395 0 0 44.30336268895395 54.68214947339685 -10.3787867844429
321.7987660006569 44.30336268895395 0 0 44.30336268895395 54.68214947339685 -10.3787867844429
321.7987660006569 44.30336268895395 0 0 44.30336268895395 54.68214947339685 -10.3787867844429
321.7987660006569 44.30336268895395 0 0 44.30336268895395 54.68214947339685 -10.3787867844429
321.7987660006569 44.30336268895395 0 0 44.30336268895395 54.68214947339685 -10.3787867844429
321.7987660006569 44.30336268895395 0 0 44.30336268895395 54.68214947339685 -10.3787867844429
321.7987660006569 44.30336268895395 0 0 44.30336268895395 54.68214947339685 -10.3787867844429
321.7987660006569 44.30336268895395 0 0 44.30336268895395 54.68214947339685 -10.3787867844429
321.7987660006569 44.30336268895395 0 0 44.30336268895395 54.68214947339685 -10.3787867844429
321.7987660006569 44.30336268895395 0 0 44.30336268895395 54.68214947339685 -10.3787867844429
321.7987660006569 44.30336268895395 0 0 44.30336268895395 54.68214947339685 -10.3787867844429
321.7987660006569 44.30336268895395 0 0 44.30336268895395 54.68214947339685 -10.3787867844429
321.7987660006569 44.30336268895395 0 0 44.30336268895395 54.68214947339685 -10.3787867844429
321.7987660006569 44.30336268895395 0 0 44.30336268895395 54.68214947339685 -10.3787867844429
321.7987660006569 44.30336268895395 0 0 44.30336268895395 54.68214947339685 -10.3787867844429
321.7987660006569 44.30336268895395 0 0 44.30336268895395 54.68214947339685 -10.3787867844429
321.7987660006569 44.30336268895395 0 0 44.30336268895395 54.68214947339685 -10.3787867844429
321.796012697622 44.3033221392735 0 0 44.3033221392735 54.6821089237164 -10.3787867844429
321.796012697622 44.3033221392735 0 0 44.3033221392735 54.6821089237164 -10.3787867844429
321.796012697622 44.3033221392735 0 0 44.3033221392735 54.6821089237164 -10.3787867844429
321.796012697622 44.3033221392735 0 0 44.3033221392735 54.6821089237164 -10.3787867844429
321.796012697622 44.3033221392735 0 0 44.3033221392735 54.6821089237164 -10.3787867844429
321.796012697622 44.3033221392735 0 0 44.3033221392735 54.6821089237164 -10.3787867844429
321.796012697622 44.3033221392735 0 0 44.3033221392735 54.6821089237164 -10.3787867844429
321.1789651201041 44.31899706688615 0 0 44.31899706688615 54.69778385132905 -10.3787867844429
321.1789651201041 44.31899706688615 0 0 44.31899706688615 54.69778385132905 -10.3787867844429
321.1789651201041 44.31899706688615 0 0 44.31899706688615 54.69778385132905 -10.3787867844429
321.1789651201041 44.31899706688615 0 0 44.31899706688615 54.69778385132905 -10.3787867844429
321.1789651201041 44.31899706688615 0 0 44.31899706688615 54.69778385132905 -10.3787867844429
321.1789651201041 44.31899706688615 0 0 44.31899706688615 54.69778385132905 -10.3787867844429
321.1789651201041 44.31899706688615 0 0 44.31899706688615 54.69778385132905 -10.3787867844429
321.1789651201041 44.31899706688615 0 0 44.31899706688615 54.69778385132905 -10.3787867844429
321.1789651201041 44.31899706688615 0 0 44.31899706688615 54.69778385132905 -10.3787867844429
321.1789651201041 44.31899706688615 0 0 44.31899706688615 54.69778385132905 -10.3787867844429
321.1789651201041 44.31899706688615 0 0 44.31899706688615 54.69778385132905 -10.3787867844429
330.7824149040774 44.27872148763366 0 0 44.27872148763366 54.65750827207656 -10.3787867844429
330.7824149040774 44.27872148763366 0 0 44.27872148763366 54.65750827207656 -10.3787867844429
330.7824149040774 44.27872148763366 0 0 44.27872148763366 54.65750827207656 -10.3787867844429
330.7824149040774 44.27872148763366 0 0 44.27872148763366 54.65750827207656 -10.3787867844429
330.7824149040774 44.27872148763366 0 0 44.27872148763366 54.65750827207656 -10.3787867844429
330.7824149040774 44.27872148763366 0 0 44.27872148763366 54.65750827207656 -10.3787867844429
330.7824149040774 44.27872148763366 0 0 44.27872148763366 54.65750827207656 -10.3787867844429
330.7824149040774 44.27872148763366 0 0 44.27872148763366 54.65750827207656 -10.3787867844429
330.7824149040774 44.27872148763366 0 0 44.27872148763366 54.65750827207656 -10.3787867844429
330.7824149040774 44.27872148763366 0 0 44.27872148763366 54.65750827207656 -10.3787867844429
330.7824149040774 44.27872148763366 0 0 44.27872148763366 54.65750827207656 -10.3787867844429
330.7824149040774 44.27872148763366 0 0 44.27872148763366 54.65750827207656 -10.3787867844429
330.7824149040774 44.27872148763366 0 0 44.27872148763366 54.65750827207656 -10.3787867844429
330.7824149040774 44.27872148763366 0 0 44.27872148763366 54.65750827207656 -10.3787867844429
330.7824149040774 44.27872148763366 0 0 44.27872148763366 54.65750827207656 -10.3787867844429
328.8842517420481 44.28408472120617 0 0 44.28408472120617 54.66287150564906 -10.3787867844429
328.8842517420481 44.28408472120617 0 0 44.28408472120617 54.66287150564906 -10.3787867844429
328.8842517420481 44.28408472120617 0 0 44.28408472120617 54.66287150564906 -10.3787867844429
328.8842517420481 44.28408472120617 0 0 44.28408472120617 54.66287150564906 -10.3787867844429
328.8842517420481 44.28408472120617 0 0 44.28408472120617 54.66287150564906 -10.3787867844429
328.8842517420481 44.28408472120617 0 0 44.28408472120617 54.66287150564906 -10.3787867844429
328.8842517420481 44.28408472120617 0 0 44.28408472120617 54.66287150564906 -10.3787867844429
328.8842517420481 44.28408472120617 0 0 44.28408472120617 54.66287150564906 -10.3787867844429
335.3799524489795 43.80971760478764 0 0 43.80971760478764 54.18850438923053 -10.3787867844429
335.3799524489795 43.80971760478764 0 0 43.80971760478764 54.18850438923053 -10.3787867844429
335.3799524489795 43.80971760478764 0 0 43.80971760478764 54.18850438923053 -10.3787867844429
335.3799524489795 43.80971760478764 0 0 43.80971760478764 54.18850438923053 -10.3787867844429
335.3799524489795 43.80971760478764 0 0 43.80971760478764 54.18850438923053 -10.3787867844429
335.3799524489795 43.80971760478764 0 0 43.80971760478764 54.18850438923053 -10.3787867844429
335.3799524489795 43.80971760478764 0 0 43.80971760478764 54.18850438923053 -10.3787867844429
335.3799524489795 43.80971760478764 0 0 43.80971760478764 54.18850438923053 -10.3787867844429
335.3799524489795 43.80971760478764 0 0 43.80971760478764 54.18850438923053 -10.3787867844429
335.3799524489795 43.80971760478764 0 0 43.80971760478764 54.18850438923053 -10.3787867844429
335.3799524489795 43.80971760478764 0 0 43.80971760478764 54.18850438923053 -10.3787867844429
335.3799524489795 43.80971760478764 0 0 43.80971760478764 54.18850438923053 -10.3787867844429
335.3799524489795 43.80971760478764 0 0 43.80971760478764 54.18850438923053 -10.3787867844429
335.3799524489795 43.80971760478764 0 0 43.80971760478764 54.18850438923053 -10.3787867844429
335.3799524489795 43.80971760478764 0 0 43.80971760478764 54.18850438923053 -10.3787867844429
335.3799524489795 43.80971760478764 0 0 43.80971760478764 54.18850438923053 -10.3787867844429
335.3799524489795 43.80971760478764 0 0 43.80971760478764 54.18850438923053 -10.3787867844429
335.3799524489795 43.80971760478764 0 0 43.80971760478764 54.18850438923053 -10.3787867844429
335.3799524489795 43.80971760478764 0 0 43.80971760478764 54.18850438923053 -10.3787867844429
335.3799524489795 43.80971760478764 0 0 43.80971760478764 54.18850438923053 -10.3787867844429
335.3799524489795 43.80971760478764 0 0 43.80971760478764 54.18850438923053 -10.3787867844429
335.3799524489795 43.80971760478764 0 0 43.80971760478764 54.18850438923053 -10.3787867844429
335.3799524489795 43.80971760478764 0 0 43.80971760478764 54.18850438923053 -10.3787867844429
335.3799524489795 43.80971760478764 0 0 43.80971760478764 54.18850438923053 -10.3787867844429
335.3799524489795 43.80971760478764 0 0 43.80971760478764 54.18850438923053 -10.3787867844429
335.3799524489795 43.80971760478764 0 0 43.80971760478764 54.18850438923053 -10.3787867844429
335.3799524489795 43.80971760478764 0 0 43.80971760478764 54.18850438923053 -10.3787867844429
335.3799524489795 43.80971760478764 0 0 43.80971760478764 54.18850438923053 -10.3787867844429
335.3799524489795 43.80971760478764 0 0 43.80971760478764 54.18850438923053 -10.3787867844429
335.3799524489795 43.80971760478764 0 0 43.80971760478764 54.18850438923053 -10.3787867844429
335.3799524489795 43.80971760478764 0 0 43.80971760478764 54.18850438923053 -10.3787867844429
335.3799524489795 43.80971760478764 0 0 43.80971760478764 54.18850438923053 -10.3787867844429
335.3799524489795 43.80971760478764 0 0 43.80971760478764 54.18850438923053 -10.3787867844429
335.3799524489795 43.80971760478764 0 0 43.80971760478764 54.18850438923053 -10.3787867844429
335.3799524489795 43.80971760478764 0 0 43.80971760478764 54.18850438923053 -10.3787867844429
335.3799524489795 43.80971760478764 0 0 43.80971760478764 54.18850438923053 -10.3787867844429
335.3799524489795 43.80971760478764 0 0 43.80971760478764 54.18850438923053 -10.3787867844429
335.3799524489795 43.80971760478764 0 0 43.80971760478764 54.18850438923053 -10.3787867844429
335.3799524489795 43.80971760478764 0 0 43.80971760478764 54.18850438923053 -10.3787867844429
335.3799524489795 43.80971760478764 0 0 43.80971760478764 54.18850438923053 -10.3787867844429
335.3799524489795 43.80971760478764 0 0 43.80971760478764 54.18850438923053 -10.3787867844429
335.3799524489795 43.80971760478764 0 0 43.80971760478764 54.18850438923053 -10.3787867844429
335.3799524489795 43.80971760478764 0 0 43.80971760478764 54.18850438923053 -10.3787867844429
335.3799524489795 43.80971760478764 0 0 43.80971760478764 54.18850438923053 -10.3787867844429
335.3799524489795 43.80971760478764 0 0 43.80971760478764 54.18850438923053 -10.3787867844429
335.3799524489795 43.80971760478764 0 0 43.80971760478764 54.18850438923053 -10.3787867844429
335.3799524489795 43.80971760478764 0 0 43.80971760478764 54.18850438923053 -10.3787867844429
335.3799524489795 43.80971760478764 0 0 43.80971760478764 54.18850438923053 -10.3787867844429
335.3799524489795 43.80971760478764 0 0 43.80971760478764 54.18850438923053 -10.3787867844429
335.3799524489795 43.80971760478764 0 0 43.80971760478764 54.18850438923053 -10.3787867844429
335.3799524489795 43.80971760478764 0 0 43.80971760478764 54.18850438923053 -10.3787867844429
335.3799524489795 43.80971760478764 0 0 43.80971760478764 54.18850438923053 -10.3787867844429
335.3799524489795 43.80971760478764 0 0 43.80971760478764 54.18850438923053 -10.3787867844429
335.3799524489795 43.80971760478764 0 0 43.80971760478764 54.18850438923053 -10.3787867844429
335.3799524489795 43.80971760478764 0 0 43.80971760478764 54.18850438923053 -10.3787867844429
335.3799524489795 43.80971760478764 0 0 43.80971760478764 54.18850438923053 -10.3787867844429
335.3799524489795 43.80971760478764 0 0 43.80971760478764 54.18850438923053 -10.3787867844429
335.3799524489795 43.80971760478764 0 0 43.80971760478764 54.18850438923053 -10.3787867844429
335.3799524489795 43.80971760478764 0 0 43.80971760478764 54.18850438923053 -10.3787867844429
335.3799524489795 43.80971760478764 0 0 43.80971760478764 54.18850438923053 -10.3787867844429
333.550254677051 43.80128391707518 0 0 43.80128391707518 54.18007070151808 -10.3787867844429
337.506921716343 43.92219769529574 0 0 43.92219769529574 54.30098447973863 -10.3787867844429
337.506921716343 43.92219769529574 0 0 43.92219769529574 54.30098447973863 -10.3787867844429
337.7286810469786 43.97597203769139 0 0 43.97597203769139 54.35475882213429 -10.3787867844429
336.7723363569444 44.37101787152365 0 0 44.37101787152365 54.74980465596654 -10.3787867844429
337.1763392201492 44.31777342706658 0 0 44.31777342706658 54.69656021150948 -10.3787867844429
337.2650163261894 44.33571374760456 0 0 44.33571374760456 54.71450053204746 -10.3787867844429
337.6106899207563 44.11812144322943 0 0 44.11812144322943 54.49690822767233 -10.3787867844429
337.6106899207563 44.11812144322943 0 0 44.11812144322943 54.49690822767233 -10.3787867844429
337.8900862115173 44.06866922356301 0 0 44.06866922356301 54.44745600800591 -10.3787867844429
337.8900862115173 44.06866922356301 0 0 44.06866922356301 54.44745600800591 -10.3787867844429
337.8900862115173 44.06866922356301 0 0 44.06866922356301 54.44745600800591 -10.3787867844429
337.8900862115173 44.06866922356301 0 0 44.06866922356301 54.44745600800591 -10.3787867844429
337.8900862115173 44.06866922356301 0 0 44.06866922356301 54.44745600800591 -10.3787867844429
337.8900862115173 44.06866922356301 0 0 44.06866922356301 54.44745600800591 -10.3787867844429
335.0095565655894 43.91789593126629 0 0 43.91789593126629 54.29668271570918 -10.3787867844429
337.1547222639225 44.09946525394464 0 0 44.09946525394464 54.47825203838755 -10.3787867844429
337.2242756784688 44.14297613717834 0 0 44.14297613717834 54.52176292162124 -10.3787867844429
337.2242756784688 44.14297613717834 0 0 44.14297613717834 54.52176292162124 -10.3787867844429
337.2242756784688 44.14297613717834 0 0 44.14297613717834 54.52176292162124 -10.3787867844429
337.2242756784688 44.14297613717834 0 0 44.14297613717834 54.52176292162124 -10.3787867844429
337.0880275300792 44.12519419487066 0 0 44.12519419487066 54.50398097931355 -10.3787867844429
337.0880275300792 44.12519419487066 0 0 44.12519419487066 54.50398097931355 -10.3787867844429
337.0880275300792 44.12519419487066 0 0 44.12519419487066 54.50398097931355 -10.3787867844429
337.3311685223819 43.81152893235016 0 0 43.81152893235016 54.19031571679306 -10.3787867844429
337.3311685223819 43.81152893235016 0 0 43.81152893235016 54.19031571679306 -10.3787867844429
337.3311685223819 43.81152893235016 0 0 43.81152893235016 54.19031571679306 -10.3787867844429
337.3311685223819 43.81152893235016 0 0 43.81152893235016 54.19031571679306 -10.3787867844429
337.3311685223819 43.81152893235016 0 0 43.81152893235016 54.19031571679306 -10.3787867844429
337.3311685223819 43.81152893235016 0 0 43.81152893235016 54.19031571679306 -10.3787867844429
337.0366881242794 43.80453677457947 0 0 43.80453677457947 54.18332355902238 -10.3787867844429
337.0366881242794 43.80453677457947 0 0 43.80453677457947 54.18332355902238 -10.3787867844429
337.0366881242794 43.80453677457947 0 0 43.80453677457947 54.18332355902238 -10.3787867844429
337.0366881242794 43.80453677457947 0 0 43.80453677457947 54.18332355902238 -10.3787867844429
335.4632937693096 43.96385933100645 0 0 43.96385933100645 54.34264611544935 -10.3787867844429
335.4632937693096 43.96385933100645 0 0 43.96385933100645 54.34264611544935 -10.3787867844429
335.4632937693096 43.96385933100645 0 0 43.96385933100645 54.34264611544935 -10.3787867844429
335.4632937693096 43.96385933100645 0 0 43.96385933100645 54.34264611544935 -10.3787867844429
335.4632937693096 43.96385933100645 0 0 43.96385933100645 54.34264611544935 -10.3787867844429
335.4632937693096 43.96385933100645 0 0 43.96385933100645 54.34264611544935 -10.3787867844429
335.6915107702734 43.99854603618216 0 0 43.99854603618216 54.37733282062506 -10.3787867844429
335.6915107702734 43.99854603618216 0 0 43.99854603618216 54.37733282062506 -10.3787867844429
335.6915107702734 43.99854603618216 0 0 43.99854603618216 54.37733282062506 -10.3787867844429
336.2594360793194 44.20576520887906 0 0 44.20576520887906 54.58455199332196 -10.3787867844429
335.6400044375453 44.4039520939796 0 0 44.4039520939796 54.78273887842249 -10.3787867844429
335.6400044375453 44.4039520939796 0 0 44.4039520939796 54.78273887842249 -10.3787867844429
335.6400044375453 44.4039520939796 0 0 44.4039520939796 54.78273887842249 -10.3787867844429
335.6400044375453 44.4039520939796 0 0 44.4039520939796 54.78273887842249 -10.3787867844429
335.6400044375453 44.4039520939796 0 0 44.4039520939796 54.78273887842249 -10.3787867844429
335.6400044375453 44.4039520939796 0 0 44.4039520939796 54.78273887842249 -10.3787867844429
335.6400044375453 44.4039520939796 0 0 44.4039520939796 54.78273887842249 -10.3787867844429
335.6400044375453 44.4039520939796 0 0 44.4039520939796 54.78273887842249 -10.3787867844429
335.6400044375453 44.4039520939796 0 0 44.4039520939796 54.78273887842249 -10.3787867844429
337.3041391628828 44.16169254074396 0 0 44.16169254074396 54.54047932518685 -10.3787867844429
337.3611630264435 43.94697248271628 0 0 43.94697248271628 54.32575926715918 -10.3787867844429
337.3611630264435 43.94697248271628 0 0 43.94697248271628 54.32575926715918 -10.3787867844429
337.3611630264435 43.94697248271628 0 0 43.94697248271628 54.32575926715918 -10.3787867844429
337.3611630264435 43.94697248271628 0 0 43.94697248271628 54.32575926715918 -10.3787867844429
337.3611630264435 43.94697248271628 0 0 43.94697248271628 54.32575926715918 -10.3787867844429
337.3611630264435 43.94697248271628 0 0 43.94697248271628 54.32575926715918 -10.3787867844429
337.3611630264435 43.94697248271628 0 0 43.94697248271628 54.32575926715918 -10.3787867844429
337.3611630264435 43.94697248271628 0 0 43.94697248271628 54.32575926715918 -10.3787867844429
337.3611630264435 43.94697248271628 0 0 43.94697248271628 54.32575926715918 -10.3787867844429
337.3611630264435 43.94697248271628 0 0 43.94697248271628 54.32575926715918 -10.3787867844429
337.3611630264435 43.94697248271628 0 0 43.94697248271628 54.32575926715918 -10.3787867844429
337.3611630264435 43.94697248271628 0 0 43.94697248271628 54.32575926715918 -10.3787867844429
337.3611630264435 43.94697248271628 0 0 43.94697248271628 54.32575926715918 -10.3787867844429
337.3611630264435 43.94697248271628 0 0 43.94697248271628 54.32575926715918 -10.3787867844429
337.3611630264435 43.94697248271628 0 0 43.94697248271628 54.32575926715918 -10.3787867844429
337.3611630264435 43.94697248271628 0 0 43.94697248271628 54.32575926715918 -10.3787867844429
337.3611630264435 43.94697248271628 0 0 43.94697248271628 54.32575926715918 -10.3787867844429
334.829617234846 44.09496437992189 0 0 44.09496437992189 54.47375116436479 -10.3787867844429
334.829617234846 44.09496437992189 0 0 44.09496437992189 54.47375116436479 -10.3787867844429
334.829617234846 44.09496437992189 0 0 44.09496437992189 54.47375116436479 -10.3787867844429
334.829617234846 44.09496437992189 0 0 44.09496437992189 54.47375116436479 -10.3787867844429
334.829617234846 44.09496437992189 0 0 44.09496437992189 54.47375116436479 -10.3787867844429
334.829617234846 44.09496437992189 0 0 44.09496437992189 54.47375116436479 -10.3787867844429
334.829617234846 44.09496437992189 0 0 44.09496437992189 54.47375116436479 -10.3787867844429
334.829617234846 44.09496437992189 0 0 44.09496437992189 54.47375116436479 -10.3787867844429
334.829617234846 44.09496437992189 0 0 44.09496437992189 54.47375116436479 -10.3787867844429
334.829617234846 44.09496437992189 0 0 44.09496437992189 54.47375116436479 -10.3787867844429
334.829617234846 44.09496437992189 0 0 44.09496437992189 54.47375116436479 -10.3787867844429
334.829617234846 44.09496437992189 0 0 44.09496437992189 54.47375116436479 -10.3787867844429
334.829617234846 44.09496437992189 0 0 44.09496437992189 54.47375116436479 -10.3787867844429
334.829617234846 44.09496437992189 0 0 44.09496437992189 54.47375116436479 -10.3787867844429
334.829617234846 44.09496437992189 0 0 44.09496437992189 54.47375116436479 -10.3787867844429
334.829617234846 44.09496437992189 0 0 44.09496437992189 54.47375116436479 -10.3787867844429
334.829617234846 44.09496437992189 0 0 44.09496437992189 54.47375116436479 -10.3787867844429
334.4964492370509 44.09757743329131 0 0 44.09757743329131 54.47636421773421 -10.3787867844429
334.4964492370509 44.09757743329131 0 0 44.09757743329131 54.47636421773421 -10.3787867844429
334.4964492370509 44.09757743329131 0 0 44.09757743329131 54.47636421773421 -10.3787867844429
334.4964492370509 44.09757743329131 0 0 44.09757743329131 54.47636421773421 -10.3787867844429
334.4964492370509 44.09757743329131 0 0 44.09757743329131 54.47636421773421 -10.3787867844429
334.4964492370509 44.09757743329131 0 0 44.09757743329131 54.47636421773421 -10.3787867844429
334.4964492370509 44.09757743329131 0 0 44.09757743329131 54.47636421773421 -10.3787867844429
334.4964492370509 44.09757743329131 0 0 44.09757743329131 54.47636421773421 -10.3787867844429
334.4964492370509 44.09757743329131 0 0 44.09757743329131 54.47636421773421 -10.3787867844429
334.4964492370509 44.09757743329131 0 0 44.09757743329131 54.47636421773421 -10.3787867844429
334.4964492370509 44.09757743329131 0 0 44.09757743329131 54.47636421773421 -10.3787867844429
334.4964492370509 44.09757743329131 0 0 44.09757743329131 54.47636421773421 -10.3787867844429
334.4964492370509 44.09757743329131 0 0 44.09757743329131 54.47636421773421 -10.3787867844429
334.4964492370509 44.09757743329131 0 0 44.09757743329131 54.47636421773421 -10.3787867844429
334.4964492370509 44.09757743329131 0 0 44.09757743329131 54.47636421773421 -10.3787867844429
334.4964492370509 44.09757743329131 0 0 44.09757743329131 54.47636421773421 -10.3787867844429
334.4964492370509 44.09757743329131 0 0 44.09757743329131 54.47636421773421 -10.3787867844429
335.1141477021084 44.13468689692944 0 0 44.13468689692944 54.51347368137233 -10.3787867844429
335.1141477021084 44.13468689692944 0 0 44.13468689692944 54.51347368137233 -10.3787867844429
335.7041086522843 44.33021358577327 0 0 44.33021358577327 54.70900037021616 -10.3787867844429
335.7041086522843 44.33021358577327 0 0 44.33021358577327 54.70900037021616 -10.3787867844429
335.7041086522843 44.33021358577327 0 0 44.33021358577327 54.70900037021616 -10.3787867844429
335.7041086522843 44.33021358577327 0 0 44.33021358577327 54.70900037021616 -10.3787867844429
335.7041086522843 44.33021358577327 0 0 44.33021358577327 54.70900037021616 -10.3787867844429
335.7041086522843 44.33021358577327 0 0 44.33021358577327 54.70900037021616 -10.3787867844429
335.7041086522843 44.33021358577327 0 0 44.33021358577327 54.70900037021616 -10.3787867844429
335.7041086522843 44.33021358577327 0 0 44.33021358577327 54.70900037021616 -10.3787867844429
334.380222255067 44.19936569616976 0 0 44.19936569616976 54.57815248061267 -10.3787867844429
333.1628818697959 44.32794973010043 0 0 44.32794973010043 54.70673651454333 -10.3787867844429
333.1628818697959 44.32794973010043 0 0 44.32794973010043 54.70673651454333 -10.3787867844429
336.030182163753 44.23165618796253 0 0 44.23165618796253 54.61044297240543 -10.3787867844429
336.030182163753 44.23165618796253 0 0 44.23165618796253 54.61044297240543 -10.3787867844429
337.1645852248124 44.38255394825093 0 0 44.38255394825093 54.76134073269383 -10.3787867844429
337.1645852248124 44.38255394825093 0 0 44.38255394825093 54.76134073269383 -10.3787867844429
337.1645852248124 44.38255394825093 0 0 44.38255394825093 54.76134073269383 -10.3787867844429
337.1645852248124 44.38255394825093 0 0 44.38255394825093 54.76134073269383 -10.3787867844429
337.1645852248124 44.38255394825093 0 0 44.38255394825093 54.76134073269383 -10.3787867844429
337.1645852248124 44.38255394825093 0 0 44.38255394825093 54.76134073269383 -10.3787867844429
337.1645852248124 44.38255394825093 0 0 44.38255394825093 54.76134073269383 -10.3787867844429
337.1645852248124 44.38255394825093 0 0 44.38255394825093 54.76134073269383 -10.3787867844429
337.1645852248124 44.38255394825093 0 0 44.38255394825093 54.76134073269383 -10.3787867844429
337.3992866313897 43.88681130806397 0 0 43.88681130806397 54.26559809250687 -10.3787867844429
337.3992866313897 43.88681130806397 0 0 43.88681130806397 54.26559809250687 -10.3787867844429
337.3992866313897 43.88681130806397 0 0 43.88681130806397 54.26559809250687 -10.3787867844429
337.3992866313897 43.88681130806397 0 0 43.88681130806397 54.26559809250687 -10.3787867844429
337.3992866313897 43.88681130806397 0 0 43.88681130806397 54.26559809250687 -10.3787867844429
337.3992866313897 43.88681130806397 0 0 43.88681130806397 54.26559809250687 -10.3787867844429
337.3992866313897 43.88681130806397 0 0 43.88681130806397 54.26559809250687 -10.3787867844429
336.7013187990732 44.21599249262292 0 0 44.21599249262292 54.59477927706582 -10.3787867844429
336.7013187990732 44.21599249262292 0 0 44.21599249262292 54.59477927706582 -10.3787867844429
336.7013187990732 44.21599249262292 0 0 44.21599249262292 54.59477927706582 -10.3787867844429
336.7013187990732 44.21599249262292 0 0 44.21599249262292 54.59477927706582 -10.3787867844429
336.7013187990732 44.21599249262292 0 0 44.21599249262292 54.59477927706582 -10.3787867844429
336.7013187990732 44.21599249262292 0 0 44.21599249262292 54.59477927706582 -10.3787867844429
336.7013187990732 44.21599249262292 0 0 44.21599249262292 54.59477927706582 -10.3787867844429
336.7013187990732 44.21599249262292 0 0 44.21599249262292 54.59477927706582 -10.3787867844429
336.7013187990732 44.21599249262292 0 0 44.21599249262292 54.59477927706582 -10.3787867844429
336.7013187990732 44.21599249262292 0 0 44.21599249262292 54.59477927706582 -10.3787867844429
336.7013187990732 44.21599249262292 0 0 44.21599249262292 54.59477927706582 -10.3787867844429
336.7013187990732 44.21599249262292 0 0 44.21599249262292 54.59477927706582 -10.3787867844429
336.7013187990732 44.21599249262292 0 0 44.21599249262292 54.59477927706582 -10.3787867844429
336.7013187990732 44.21599249262292 0 0 44.21599249262292 54.59477927706582 -10.3787867844429
336.7013187990732 44.21599249262292 0 0 44.21599249262292 54.59477927706582 -10.3787867844429
336.7013187990732 44.21599249262292 0 0 44.21599249262292 54.59477927706582 -10.3787867844429
336.7013187990732 44.21599249262292 0 0 44.21599249262292 54.59477927706582 -10.3787867844429
336.7013187990732 44.21599249262292 0 0 44.21599249262292 54.59477927706582 -10.3787867844429
336.7013187990732 44.21599249262292 0 0 44.21599249262292 54.59477927706582 -10.3787867844429
336.7013187990732 44.21599249262292 0 0 44.21599249262292 54.59477927706582 -10.3787867844429
337.3440527287177 44.20774879321408 0 0 44.20774879321408 54.58653557765698 -10.3787867844429
337.3440527287177 44.20774879321408 0 0 44.20774879321408 54.58653557765698 -10.3787867844429
337.3440527287177 44.20774879321408 0 0 44.20774879321408 54.58653557765698 -10.3787867844429
337.3440527287177 44.20774879321408 0 0 44.20774879321408 54.58653557765698 -10.3787867844429
337.3440527287177 44.20774879321408 0 0 44.20774879321408 54.58653557765698 -10.3787867844429
337.3440527287177 44.20774879321408 0 0 44.20774879321408 54.58653557765698 -10.3787867844429
337.3440527287177 44.20774879321408 0 0 44.20774879321408 54.58653557765698 -10.3787867844429
337.3440527287177 44.20774879321408 0 0 44.20774879321408 54.58653557765698 -10.3787867844429
337.3440527287177 44.20774879321408 0 0 44.20774879321408 54.58653557765698 -10.3787867844429
337.3440527287177 44.20774879321408 0 0 44.20774879321408 54.58653557765698 -10.3787867844429
337.3440527287177 44.20774879321408 0 0 44.20774879321408 54.58653557765698 -10.3787867844429
337.3440527287177 44.20774879321408 0 0 44.20774879321408 54.58653557765698 -10.3787867844429
337.3440527287177 44.20774879321408 0 0 44.20774879321408 54.58653557765698 -10.3787867844429
337.3440527287177 44.20774879321408 0 0 44.20774879321408 54.58653557765698 -10.3787867844429
337.3440527287177 44.20774879321408 0 0 44.20774879321408 54.58653557765698 -10.3787867844429
337.3440527287177 44.20774879321408 0 0 44.20774879321408 54.58653557765698 -10.3787867844429
337.3440527287177 44.20774879321408 0 0 44.20774879321408 54.58653557765698 -10.3787867844429
337.3440527287177 44.20774879321408 0 0 44.20774879321408 54.58653557765698 -10.3787867844429
337.3440527287177 44.20774879321408 0 0 44.20774879321408 54.58653557765698 -10.3787867844429
337.3440527287177 44.20774879321408 0 0 44.20774879321408 54.58653557765698 -10.3787867844429
337.3440527287177 44.20774879321408 0 0 44.20774879321408 54.58653557765698 -10.3787867844429
337.3440527287177 44.20774879321408 0 0 44.20774879321408 54.58653557765698 -10.3787867844429
337.3440527287177 44.20774879321408 0 0 44.20774879321408 54.58653557765698 -10.3787867844429
337.3440527287177 44.20774879321408 0 0 44.20774879321408 54.58653557765698 -10.3787867844429
338.0272448874059 43.88572128989568 0 0 43.88572128989568 54.26450807433858 -10.3787867844429
338.0272448874059 43.88572128989568 0 0 43.88572128989568 54.26450807433858 -10.3787867844429
338.4201189161445 43.68759795524858 0 0 43.68759795524858 54.06638473969148 -10.3787867844429
338.4201189161445 43.68759795524858 0 0 43.68759795524858 54.06638473969148 -10.3787867844429
338.4565959027373 43.2778519841201 0 0 43.2778519841201 53.65663876856301 -10.3787867844429
338.4565959027373 43.2778519841201 0 0 43.2778519841201 53.65663876856301 -10.3787867844429
338.4565959027373 43.2778519841201 0 0 43.2778519841201 53.65663876856301 -10.3787867844429
338.4565959027373 43.2778519841201 0 0 43.2778519841201 53.65663876856301 -10.3787867844429
338.8494648167031 43.2915096987262 0 0 43.2915096987262 53.6702964831691 -10.3787867844429
338.8494648167031 43.2915096987262 0 0 43.2915096987262 53.6702964831691 -10.3787867844429
338.8494648167031 43.2915096987262 0 0 43.2915096987262 53.6702964831691 -10.3787867844429
338.8494648167031 43.2915096987262 0 0 43.2915096987262 53.6702964831691 -10.3787867844429
338.8494648167031 43.2915096987262 0 0 43.2915096987262 53.6702964831691 -10.3787867844429
338.8494648167031 43.2915096987262 0 0 43.2915096987262 53.6702964831691 -10.3787867844429
338.8494648167031 43.2915096987262 0 0 43.2915096987262 53.6702964831691 -10.3787867844429
338.8494648167031 43.2915096987262 0 0 43.2915096987262 53.6702964831691 -10.3787867844429
338.8494648167031 43.2915096987262 0 0 43.2915096987262 53.6702964831691 -10.3787867844429
338.8494648167031 43.2915096987262 0 0 43.2915096987262 53.6702964831691 -10.3787867844429
338.8494648167031 43.2915096987262 0 0 43.2915096987262 53.6702964831691 -10.3787867844429
338.8494648167031 43.2915096987262 0 0 43.2915096987262 53.6702964831691 -10.3787867844429
338.8494648167031 43.2915096987262 0 0 43.2915096987262 53.6702964831691 -10.3787867844429
338.8494648167031 43.2915096987262 0 0 43.2915096987262 53.6702964831691 -10.3787867844429
338.84283165039 43.29191587291285 0 0 43.29191587291285 53.67070265735575 -10.3787867844429
338.84283165039 43.29191587291285 0 0 43.29191587291285 53.67070265735575 -10.3787867844429
338.84283165039 43.29191587291285 0 0 43.29191587291285 53.67070265735575 -10.3787867844429
338.84283165039 43.29191587291285 0 0 43.29191587291285 53.67070265735575 -10.3787867844429
338.84283165039 43.29191587291285 0 0 43.29191587291285 53.67070265735575 -10.3787867844429
338.84283165039 43.29191587291285 0 0 43.29191587291285 53.67070265735575 -10.3787867844429
338.84283165039 43.29191587291285 0 0 43.29191587291285 53.67070265735575 -10.3787867844429
338.84283165039 43.29191587291285 0 0 43.29191587291285 53.67070265735575 -10.3787867844429
337.8784941068918 43.53001691975875 0 0 43.53001691975875 53.90880370420165 -10.3787867844429
337.8784941068918 43.53001691975875 0 0 43.53001691975875 53.90880370420165 -10.3787867844429
337.8784941068918 43.53001691975875 0 0 43.53001691975875 53.90880370420165 -10.3787867844429
337.8784941068918 43.53001691975875 0 0 43.53001691975875 53.90880370420165 -10.3787867844429
337.8784941068918 43.53001691975875 0 0 43.53001691975875 53.90880370420165 -10.3787867844429
337.8784941068918 43.53001691975875 0 0 43.53001691975875 53.90880370420165 -10.3787867844429
337.8784941068918 43.53001691975875 0 0 43.53001691975875 53.90880370420165 -10.3787867844429
337.8784941068918 43.53001691975875 0 0 43.53001691975875 53.90880370420165 -10.3787867844429
337.8784941068918 43.53001691975875 0 0 43.53001691975875 53.90880370420165 -10.3787867844429
337.8784941068918 43.53001691975875 0 0 43.53001691975875 53.90880370420165 -10.3787867844429
337.8784941068918 43.53001691975875 0 0 43.53001691975875 53.90880370420165 -10.3787867844429
337.8784941068918 43.53001691975875 0 0 43.53001691975875 53.90880370420165 -10.3787867844429
337.8784941068918 43.53001691975875 0 0 43.53001691975875 53.90880370420165 -10.3787867844429
337.8784941068918 43.53001691975875 0 0 43.53001691975875 53.90880370420165 -10.3787867844429
337.8784941068918 43.53001691975875 0 0 43.53001691975875 53.90880370420165 -10.3787867844429
337.8784941068918 43.53001691975875 0 0 43.53001691975875 53.90880370420165 -10.3787867844429
337.8784941068918 43.53001691975875 0 0 43.53001691975875 53.90880370420165 -10.3787867844429
337.8784941068918 43.53001691975875 0 0 43.53001691975875 53.90880370420165 -10.3787867844429
337.8784941068918 43.53001691975875 0 0 43.53001691975875 53.90880370420165 -10.3787867844429
337.8784941068918 43.53001691975875 0 0 43.53001691975875 53.90880370420165 -10.3787867844429
337.8784941068918 43.53001691975875 0 0 43.53001691975875 53.90880370420165 -10.3787867844429
338.5962585364634 43.63729942631844 0 0 43.63729942631844 54.01608621076134 -10.3787867844429
338.407616522712 43.5894995273199 0 0 43.5894995273199 53.9682863117628 -10.3787867844429
338.1405625598299 43.54602122618314 0 0 43.54602122618314 53.92480801062604 -10.3787867844429
337.9965500117665 43.63084525974273 0 0 43.63084525974273 54.00963204418563 -10.3787867844429
337.0942123146951 43.48614046066214 0 0 43.48614046066214 53.86492724510504 -10.3787867844429
337.0942123146951 43.48614046066214 0 0 43.48614046066214 53.86492724510504 -10.3787867844429
336.8517608019493 43.37231489494688 0 0 43.37231489494688 53.75110167938978 -10.3787867844429
338.4198200889549 43.32512685189822 0 0 43.32512685189822 53.70391363634112 -10.3787867844429
338.4239507640236 43.14275347672074 0 0 43.14275347672074 53.52154026116364 -10.3787867844429
338.4239507640236 43.14275347672074 0 0 43.14275347672074 53.52154026116364 -10.3787867844429
338.4239507640236 43.14275347672074 0 0 43.14275347672074 53.52154026116364 -10.3787867844429
338.4239507640236 43.14275347672074 0 0 43.14275347672074 53.52154026116364 -10.3787867844429
338.4239507640236 43.14275347672074 0 0 43.14275347672074 53.52154026116364 -10.3787867844429
338.4239507640236 43.14275347672074 0 0 43.14275347672074 53.52154026116364 -10.3787867844429
338.4239507640236 43.14275347672074 0 0 43.14275347672074 53.52154026116364 -10.3787867844429
338.4239507640236 43.14275347672074 0 0 43.14275347672074 53.52154026116364 -10.3787867844429
338.4239507640236 43.14275347672074 0 0 43.14275347672074 53.52154026116364 -10.3787867844429
338.4239507640236 43.14275347672074 0 0 43.14275347672074 53.52154026116364 -10.3787867844429
338.4239507640236 43.14275347672074 0 0 43.14275347672074 53.52154026116364 -10.3787867844429
338.4239507640236 43.14275347672074 0 0 43.14275347672074 53.52154026116364 -10.3787867844429
338.4239507640236 43.14275347672074 0 0 43.14275347672074 53.52154026116364 -10.3787867844429
338.4239507640236 43.14275347672074 0 0 43.14275347672074 53.52154026116364 -10.3787867844429
338.4239507640236 43.14275347672074 0 0 43.14275347672074 53.52154026116364 -10.3787867844429
338.4239507640236 43.14275347672074 0 0 43.14275347672074 53.52154026116364 -10.3787867844429
338.4239507640236 43.14275347672074 0 0 43.14275347672074 53.52154026116364 -10.3787867844429
338.4239507640236 43.14275347672074 0 0 43.14275347672074 53.52154026116364 -10.3787867844429
338.4239507640236 43.14275347672074 0 0 43.14275347672074 53.52154026116364 -10.3787867844429
338.4239507640236 43.14275347672074 0 0 43.14275347672074 53.52154026116364 -10.3787867844429
338.4239507640236 43.14275347672074 0 0 43.14275347672074 53.52154026116364 -10.3787867844429
338.4239507640236 43.14275347672074 0 0 43.14275347672074 53.52154026116364 -10.3787867844429
338.4239507640236 43.14275347672074 0 0 43.14275347672074 53.52154026116364 -10.3787867844429
338.4239507640236 43.14275347672074 0 0 43.14275347672074 53.52154026116364 -10.3787867844429
338.4239507640236 43.14275347672074 0 0 43.14275347672074 53.52154026116364 -10.3787867844429
338.4239507640236 43.14275347672074 0 0 43.14275347672074 53.52154026116364 -10.3787867844429
337.794233385093 43.22590274336851 0 0 43.22590274336851 53.6046895278114 -10.3787867844429
337.794233385093 43.22590274336851 0 0 43.22590274336851 53.6046895278114 -10.3787867844429
337.794233385093 43.22590274336851 0 0 43.22590274336851 53.6046895278114 -10.3787867844429
338.2550234414188 42.9932232532387 0 0 42.9932232532387 53.3720100376816 -10.3787867844429
337.8813454134614 43.06288405412857 0 0 43.06288405412857 53.44167083857147 -10.3787867844429
337.8813454134614 43.06288405412857 0 0 43.06288405412857 53.44167083857147 -10.3787867844429
337.8813454134614 43.06288405412857 0 0 43.06288405412857 53.44167083857147 -10.3787867844429
337.8813454134614 43.06288405412857 0 0 43.06288405412857 53.44167083857147 -10.3787867844429
337.8813454134614 43.06288405412857 0 0 43.06288405412857 53.44167083857147 -10.3787867844429
337.8813454134614 43.06288405412857 0 0 43.06288405412857 53.44167083857147 -10.3787867844429
338.3911342270913 42.86566515410325 0 0 42.86566515410325 53.24445193854615 -10.3787867844429
339.4539842778475 42.69835238241805 0 0 42.69835238241805 53.07713916686095 -10.3787867844429
339.0775004109211 43.00123099516537 0 0 43.00123099516537 53.38001777960827 -10.3787867844429
339.0775004109211 43.00123099516537 0 0 43.00123099516537 53.38001777960827 -10.3787867844429
335.3646664723093 43.08040537080259 0 0 43.08040537080259 53.4591921552455 -10.3787867844429
335.3646664723093 43.08040537080259 0 0 43.08040537080259 53.4591921552455 -10.3787867844429
335.3646664723093 43.08040537080259 0 0 43.08040537080259 53.4591921552455 -10.3787867844429
335.3646664723093 43.08040537080259 0 0 43.08040537080259 53.4591921552455 -10.3787867844429
336.4793126547146 42.91999694845158 0 0 42.91999694845158 53.29878373289448 -10.3787867844429
336.6273614236538 42.5042379518104 0 0 42.5042379518104 52.8830247362533 -10.3787867844429
336.6273614236538 42.5042379518104 0 0 42.5042379518104 52.8830247362533 -10.3787867844429
336.6273614236538 42.5042379518104 0 0 42.5042379518104 52.8830247362533 -10.3787867844429
336.6273614236538 42.5042379518104 0 0 42.5042379518104 52.8830247362533 -10.3787867844429
336.6273614236538 42.5042379518104 0 0 42.5042379518104 52.8830247362533 -10.3787867844429
336.6273614236538 42.5042379518104 0 0 42.5042379518104 52.8830247362533 -10.3787867844429
336.6273614236538 42.5042379518104 0 0 42.5042379518104 52.8830247362533 -10.3787867844429
336.6273614236538 42.5042379518104 0 0 42.5042379518104 52.8830247362533 -10.3787867844429
336.6273614236538 42.5042379518104 0 0 42.5042379518104 52.8830247362533 -10.3787867844429
336.6273614236538 42.5042379518104 0 0 42.5042379518104 52.8830247362533 -10.3787867844429
336.6273614236538 42.5042379518104 0 0 42.5042379518104 52.8830247362533 -10.3787867844429
