totalLogLikelihoodDensity totalLogPriorDensity H1NoiseLogPriorDensity L1NoiseLogPriorDensity gwLogPriorDensity gwExtrinsicLogPriorDensityTracker gwCbcLogPriorDensityTracker
-inf 40.64309517940067 0 0 40.64309517940067 51.02188196384357 -10.3787867844429
318.0240383008922 44.09521409535402 0 0 44.09521409535402 54.47400087979692 -10.3787867844429
318.0240383008922 44.09521409535402 0 0 44.09521409535402 54.47400087979692 -10.3787867844429
318.0240383008922 44.09521409535402 0 0 44.09521409535402 54.47400087979692 -10.3787867844429
318.0240383008922 44.09521409535402 0 0 44.09521409535402 54.47400087979692 -10.3787867844429
318.0240383008922 44.09521409535402 0 0 44.09521409535402 54.47400087979692 -10.3787867844429
318.0240383008922 44.09521409535402 0 0 44.09521409535402 54.47400087979692 -10.3787867844429
332.1741264189383 44.04729430772778 0 0 44.04729430772778 54.42608109217068 -10.3787867844429
332.1741264189383 44.04729430772778 0 0 44.04729430772778 54.42608109217068 -10.3787867844429
332.1741264189383 44.04729430772778 0 0 44.04729430772778 54.42608109217068 -10.3787867844429
332.1741264189383 44.04729430772778 0 0 44.04729430772778 54.42608109217068 -10.3787867844429
332.1741264189383 44.04729430772778 0 0 44.04729430772778 54.42608109217068 -10.3787867844429
332.1741264189383 44.04729430772778 0 0 44.04729430772778 54.42608109217068 -10.3787867844429
332.1741264189383 44.04729430772778 0 0 44.04729430772778 54.42608109217068 -10.3787867844429
332.1741264189383 44.04729430772778 0 0 44.04729430772778 54.42608109217068 -10.3787867844429
332.1741264189383 44.04729430772778 0 0 44.04729430772778 54.42608109217068 -10.3787867844429
332.1741264189383 44.04729430772778 0 0 44.04729430772778 54.42608109217068 -10.3787867844429
332.1741264189383 44.04729430772778 0 0 44.04729430772778 54.42608109217068 -10.3787867844429
332.1741264189383 44.04729430772778 0 0 44.04729430772778 54.42608109217068 -10.3787867844429
332.1741264189383 44.04729430772778 0 0 44.04729430772778 54.42608109217068 -10.3787867844429
332.1741264189383 44.04729430772778 0 0 44.04729430772778 54.42608109217068 -10.3787867844429
332.1741264189383 44.04729430772778 0 0 44.04729430772778 54.42608109217068 -10.3787867844429
332.1741264189383 44.04729430772778 0 0 44.04729430772778 54.42608109217068 -10.3787867844429
332.1741264189383 44.04729430772778 0 0 44.04729430772778 54.42608109217068 -10.3787867844429
332.1741264189383 44.04729430772778 0 0 44.04729430772778 54.42608109217068 -10.3787867844429
332.1741264189383 44.04729430772778 0 0 44.04729430772778 54.42608109217068 -10.3787867844429
332.1741264189383 44.04729430772778 0 0 44.04729430772778 54.42608109217068 -10.3787867844429
332.1741264189383 44.04729430772778 0 0 44.04729430772778 54.42608109217068 -10.3787867844429
332.1741264189383 44.04729430772778 0 0 44.04729430772778 54.42608109217068 -10.3787867844429
332.1741264189383 44.04729430772778 0 0 44.04729430772778 54.42608109217068 -10.3787867844429
332.1741264189383 44.04729430772778 0 0 44.04729430772778 54.42608109217068 -10.3787867844429
332.1741264189383 44.04729430772778 0 0 44.04729430772778 54.42608109217068 -10.3787867844429
332.1741264189383 44.04729430772778 0 0 44.04729430772778 54.42608109217068 -10.3787867844429
332.1741264189383 44.04729430772778 0 0 44.04729430772778 54.42608109217068 -10.3787867844429
332.1741264189383 44.04729430772778 0 0 44.04729430772778 54.42608109217068 -10.3787867844429
332.1741264189383 44.04729430772778 0 0 44.04729430772778 54.42608109217068 -10.3787867844429
332.1741264189383 44.04729430772778 0 0 44.04729430772778 54.42608109217068 -10.3787867844429
332.1741264189383 44.04729430772778 0 0 44.04729430772778 54.42608109217068 -10.3787867844429
332.1741264189383 44.04729430772778 0 0 44.04729430772778 54.42608109217068 -10.3787867844429
332.1741264189383 44.04729430772778 0 0 44.04729430772778 54.42608109217068 -10.3787867844429
332.1741264189383 44.04729430772778 0 0 44.04729430772778 54.42608109217068 -10.3787867844429
332.1741264189383 44.04729430772778 0 0 44.04729430772778 54.42608109217068 -10.3787867844429
332.1741264189383 44.04729430772778 0 0 44.04729430772778 54.42608109217068 -10.3787867844429
332.8806775904359 44.04362602012429 0 0 44.04362602012429 54.42241280456719 -10.3787867844429
332.8806775904359 44.04362602012429 0 0 44.04362602012429 54.42241280456719 -10.3787867844429
332.8806775904359 44.04362602012429 0 0 44.04362602012429 54.42241280456719 -10.3787867844429
332.8806775904359 44.04362602012429 0 0 44.04362602012429 54.42241280456719 -10.3787867844429
332.8806775904359 44.04362602012429 0 0 44.04362602012429 54.42241280456719 -10.3787867844429
332.8806775904359 44.04362602012429 0 0 44.04362602012429 54.42241280456719 -10.3787867844429
332.8806775904359 44.04362602012429 0 0 44.04362602012429 54.42241280456719 -10.3787867844429
332.8806775904359 44.04362602012429 0 0 44.04362602012429 54.42241280456719 -10.3787867844429
332.8806775904359 44.04362602012429 0 0 44.04362602012429 54.42241280456719 -10.3787867844429
332.8806775904359 44.04362602012429 0 0 44.04362602012429 54.42241280456719 -10.3787867844429
332.8806775904359 44.04362602012429 0 0 44.04362602012429 54.42241280456719 -10.3787867844429
332.8806775904359 44.04362602012429 0 0 44.04362602012429 54.42241280456719 -10.3787867844429
332.8806775904359 44.04362602012429 0 0 44.04362602012429 54.42241280456719 -10.3787867844429
332.8806775904359 44.04362602012429 0 0 44.04362602012429 54.42241280456719 -10.3787867844429
332.8806775904359 44.04362602012429 0 0 44.04362602012429 54.42241280456719 -10.3787867844429
332.8806775904359 44.04362602012429 0 0 44.04362602012429 54.42241280456719 -10.3787867844429
332.8806775904359 44.04362602012429 0 0 44.04362602012429 54.42241280456719 -10.3787867844429
332.8806775904359 44.04362602012429 0 0 44.04362602012429 54.42241280456719 -10.3787867844429
332.8806775904359 44.04362602012429 0 0 44.04362602012429 54.42241280456719 -10.3787867844429
332.8806775904359 44.04362602012429 0 0 44.04362602012429 54.42241280456719 -10.3787867844429
332.8806775904359 44.04362602012429 0 0 44.04362602012429 54.42241280456719 -10.3787867844429
332.8806775904359 44.04362602012429 0 0 44.04362602012429 54.42241280456719 -10.3787867844429
332.8806775904359 44.04362602012429 0 0 44.04362602012429 54.42241280456719 -10.3787867844429
332.8806775904359 44.04362602012429 0 0 44.04362602012429 54.42241280456719 -10.3787867844429
332.8806775904359 44.04362602012429 0 0 44.04362602012429 54.42241280456719 -10.3787867844429
332.8806775904359 44.04362602012429 0 0 44.04362602012429 54.42241280456719 -10.3787867844429
332.8806775904359 44.04362602012429 0 0 44.04362602012429 54.42241280456719 -10.3787867844429
332.8806775904359 44.04362602012429 0 0 44.04362602012429 54.42241280456719 -10.3787867844429
332.8806775904359 44.04362602012429 0 0 44.04362602012429 54.42241280456719 -10.3787867844429
332.8806775904359 44.04362602012429 0 0 44.04362602012429 54.42241280456719 -10.3787867844429
332.8806775904359 44.04362602012429 0 0 44.04362602012429 54.42241280456719 -10.3787867844429
332.8806775904359 44.04362602012429 0 0 44.04362602012429 54.42241280456719 -10.3787867844429
332.8806775904359 44.04362602012429 0 0 44.04362602012429 54.42241280456719 -10.3787867844429
332.8806775904359 44.04362602012429 0 0 44.04362602012429 54.42241280456719 -10.3787867844429
332.8806775904359 44.04362602012429 0 0 44.04362602012429 54.42241280456719 -10.3787867844429
332.8806775904359 44.04362602012429 0 0 44.04362602012429 54.42241280456719 -10.3787867844429
332.8806775904359 44.04362602012429 0 0 44.04362602012429 54.42241280456719 -10.3787867844429
332.8806775904359 44.04362602012429 0 0 44.04362602012429 54.42241280456719 -10.3787867844429
332.8806775904359 44.04362602012429 0 0 44.04362602012429 54.42241280456719 -10.3787867844429
332.8806775904359 44.04362602012429 0 0 44.04362602012429 54.42241280456719 -10.3787867844429
332.8806775904359 44.04362602012429 0 0 44.04362602012429 54.42241280456719 -10.3787867844429
332.8806775904359 44.04362602012429 0 0 44.04362602012429 54.42241280456719 -10.3787867844429
332.8806775904359 44.04362602012429 0 0 44.04362602012429 54.42241280456719 -10.3787867844429
332.8806775904359 44.04362602012429 0 0 44.04362602012429 54.42241280456719 -10.3787867844429
332.8806775904359 44.04362602012429 0 0 44.04362602012429 54.42241280456719 -10.3787867844429
332.8806775904359 44.04362602012429 0 0 44.04362602012429 54.42241280456719 -10.3787867844429
332.8806775904359 44.04362602012429 0 0 44.04362602012429 54.42241280456719 -10.3787867844429
332.8806775904359 44.04362602012429 0 0 44.04362602012429 54.42241280456719 -10.3787867844429
332.8806775904359 44.04362602012429 0 0 44.04362602012429 54.42241280456719 -10.3787867844429
332.8806775904359 44.04362602012429 0 0 44.04362602012429 54.42241280456719 -10.3787867844429
332.8806775904359 44.04362602012429 0 0 44.04362602012429 54.42241280456719 -10.3787867844429
332.8806775904359 44.04362602012429 0 0 44.04362602012429 54.42241280456719 -10.3787867844429
332.8806775904359 44.04362602012429 0 0 44.04362602012429 54.42241280456719 -10.3787867844429
332.8806775904359 44.04362602012429 0 0 44.04362602012429 54.42241280456719 -10.3787867844429
332.8806775904359 44.04362602012429 0 0 44.04362602012429 54.42241280456719 -10.3787867844429
332.8806775904359 44.04362602012429 0 0 44.04362602012429 54.42241280456719 -10.3787867844429
332.8806775904359 44.04362602012429 0 0 44.04362602012429 54.42241280456719 -10.3787867844429
332.8806775904359 44.04362602012429 0 0 44.04362602012429 54.42241280456719 -10.3787867844429
332.8806775904359 44.04362602012429 0 0 44.04362602012429 54.42241280456719 -10.3787867844429
332.8806775904359 44.04362602012429 0 0 44.04362602012429 54.42241280456719 -10.3787867844429
332.8806775904359 44.04362602012429 0 0 44.04362602012429 54.42241280456719 -10.3787867844429
332.8806775904359 44.04362602012429 0 0 44.04362602012429 54.42241280456719 -10.3787867844429
332.8806775904359 44.04362602012429 0 0 44.04362602012429 54.42241280456719 -10.3787867844429
332.8806775904359 44.04362602012429 0 0 44.04362602012429 54.42241280456719 -10.3787867844429
332.8806775904359 44.04362602012429 0 0 44.04362602012429 54.42241280456719 -10.3787867844429
332.8806775904359 44.04362602012429 0 0 44.04362602012429 54.42241280456719 -10.3787867844429
332.8806775904359 44.04362602012429 0 0 44.04362602012429 54.42241280456719 -10.3787867844429
333.8038045456178 43.97027935157919 0 0 43.97027935157919 54.34906613602209 -10.3787867844429
333.8038045456178 43.97027935157919 0 0 43.97027935157919 54.34906613602209 -10.3787867844429
333.8038045456178 43.97027935157919 0 0 43.97027935157919 54.34906613602209 -10.3787867844429
333.8038045456178 43.97027935157919 0 0 43.97027935157919 54.34906613602209 -10.3787867844429
333.8038045456178 43.97027935157919 0 0 43.97027935157919 54.34906613602209 -10.3787867844429
333.8038045456178 43.97027935157919 0 0 43.97027935157919 54.34906613602209 -10.3787867844429
333.8038045456178 43.97027935157919 0 0 43.97027935157919 54.34906613602209 -10.3787867844429
333.8038045456178 43.97027935157919 0 0 43.97027935157919 54.34906613602209 -10.3787867844429
333.8038045456178 43.97027935157919 0 0 43.97027935157919 54.34906613602209 -10.3787867844429
333.8038045456178 43.97027935157919 0 0 43.97027935157919 54.34906613602209 -10.3787867844429
333.8038045456178 43.97027935157919 0 0 43.97027935157919 54.34906613602209 -10.3787867844429
333.8038045456178 43.97027935157919 0 0 43.97027935157919 54.34906613602209 -10.3787867844429
333.8038045456178 43.97027935157919 0 0 43.97027935157919 54.34906613602209 -10.3787867844429
333.8038045456178 43.97027935157919 0 0 43.97027935157919 54.34906613602209 -10.3787867844429
333.8038045456178 43.97027935157919 0 0 43.97027935157919 54.34906613602209 -10.3787867844429
333.8038045456178 43.97027935157919 0 0 43.97027935157919 54.34906613602209 -10.3787867844429
333.8038045456178 43.97027935157919 0 0 43.97027935157919 54.34906613602209 -10.3787867844429
333.8038045456178 43.97027935157919 0 0 43.97027935157919 54.34906613602209 -10.3787867844429
333.8038045456178 43.97027935157919 0 0 43.97027935157919 54.34906613602209 -10.3787867844429
333.8038045456178 43.97027935157919 0 0 43.97027935157919 54.34906613602209 -10.3787867844429
333.8038045456178 43.97027935157919 0 0 43.97027935157919 54.34906613602209 -10.3787867844429
333.8038045456178 43.97027935157919 0 0 43.97027935157919 54.34906613602209 -10.3787867844429
333.8038045456178 43.97027935157919 0 0 43.97027935157919 54.34906613602209 -10.3787867844429
333.8038045456178 43.97027935157919 0 0 43.97027935157919 54.34906613602209 -10.3787867844429
333.8038045456178 43.97027935157919 0 0 43.97027935157919 54.34906613602209 -10.3787867844429
333.8038045456178 43.97027935157919 0 0 43.97027935157919 54.34906613602209 -10.3787867844429
333.8038045456178 43.97027935157919 0 0 43.97027935157919 54.34906613602209 -10.3787867844429
333.8038045456178 43.97027935157919 0 0 43.97027935157919 54.34906613602209 -10.3787867844429
333.8038045456178 43.97027935157919 0 0 43.97027935157919 54.34906613602209 -10.3787867844429
333.8038045456178 43.97027935157919 0 0 43.97027935157919 54.34906613602209 -10.3787867844429
333.8038045456178 43.97027935157919 0 0 43.97027935157919 54.34906613602209 -10.3787867844429
333.8038045456178 43.97027935157919 0 0 43.97027935157919 54.34906613602209 -10.3787867844429
333.8038045456178 43.97027935157919 0 0 43.97027935157919 54.34906613602209 -10.3787867844429
333.7754041152441 43.95645149261725 0 0 43.95645149261725 54.33523827706014 -10.3787867844429
333.7754041152441 43.95645149261725 0 0 43.95645149261725 54.33523827706014 -10.3787867844429
333.7754041152441 43.95645149261725 0 0 43.95645149261725 54.33523827706014 -10.3787867844429
333.6743147363101 43.92447467718965 0 0 43.92447467718965 54.30326146163255 -10.3787867844429
333.6743147363101 43.92447467718965 0 0 43.92447467718965 54.30326146163255 -10.3787867844429
333.6743147363101 43.92447467718965 0 0 43.92447467718965 54.30326146163255 -10.3787867844429
333.6743147363101 43.92447467718965 0 0 43.92447467718965 54.30326146163255 -10.3787867844429
333.6743147363101 43.92447467718965 0 0 43.92447467718965 54.30326146163255 -10.3787867844429
333.6743147363101 43.92447467718965 0 0 43.92447467718965 54.30326146163255 -10.3787867844429
333.6743147363101 43.92447467718965 0 0 43.92447467718965 54.30326146163255 -10.3787867844429
333.6743147363101 43.92447467718965 0 0 43.92447467718965 54.30326146163255 -10.3787867844429
333.6743147363101 43.92447467718965 0 0 43.92447467718965 54.30326146163255 -10.3787867844429
333.6743147363101 43.92447467718965 0 0 43.92447467718965 54.30326146163255 -10.3787867844429
333.6743147363101 43.92447467718965 0 0 43.92447467718965 54.30326146163255 -10.3787867844429
333.6743147363101 43.92447467718965 0 0 43.92447467718965 54.30326146163255 -10.3787867844429
333.8941370941826 43.81187599424794 0 0 43.81187599424794 54.19066277869084 -10.3787867844429
333.8941370941826 43.81187599424794 0 0 43.81187599424794 54.19066277869084 -10.3787867844429
333.8941370941826 43.81187599424794 0 0 43.81187599424794 54.19066277869084 -10.3787867844429
333.8941370941826 43.81187599424794 0 0 43.81187599424794 54.19066277869084 -10.3787867844429
333.8941370941826 43.81187599424794 0 0 43.81187599424794 54.19066277869084 -10.3787867844429
333.8941370941826 43.81187599424794 0 0 43.81187599424794 54.19066277869084 -10.3787867844429
333.8941370941826 43.81187599424794 0 0 43.81187599424794 54.19066277869084 -10.3787867844429
333.8941370941826 43.81187599424794 0 0 43.81187599424794 54.19066277869084 -10.3787867844429
333.8941370941826 43.81187599424794 0 0 43.81187599424794 54.19066277869084 -10.3787867844429
333.8941370941826 43.81187599424794 0 0 43.81187599424794 54.19066277869084 -10.3787867844429
333.8941370941826 43.81187599424794 0 0 43.81187599424794 54.19066277869084 -10.3787867844429
333.8911766240689 43.7951378271475 0 0 43.7951378271475 54.17392461159039 -10.3787867844429
333.8911766240689 43.7951378271475 0 0 43.7951378271475 54.17392461159039 -10.3787867844429
333.8911766240689 43.7951378271475 0 0 43.7951378271475 54.17392461159039 -10.3787867844429
333.8911766240689 43.7951378271475 0 0 43.7951378271475 54.17392461159039 -10.3787867844429
333.8911766240689 43.7951378271475 0 0 43.7951378271475 54.17392461159039 -10.3787867844429
333.8911766240689 43.7951378271475 0 0 43.7951378271475 54.17392461159039 -10.3787867844429
333.8911766240689 43.7951378271475 0 0 43.7951378271475 54.17392461159039 -10.3787867844429
333.909057772064 43.77123953537048 0 0 43.77123953537048 54.15002631981339 -10.3787867844429
333.909057772064 43.77123953537048 0 0 43.77123953537048 54.15002631981339 -10.3787867844429
333.909057772064 43.77123953537048 0 0 43.77123953537048 54.15002631981339 -10.3787867844429
333.909057772064 43.77123953537048 0 0 43.77123953537048 54.15002631981339 -10.3787867844429
333.909057772064 43.77123953537048 0 0 43.77123953537048 54.15002631981339 -10.3787867844429
333.909057772064 43.77123953537048 0 0 43.77123953537048 54.15002631981339 -10.3787867844429
333.909057772064 43.77123953537048 0 0 43.77123953537048 54.15002631981339 -10.3787867844429
333.909057772064 43.77123953537048 0 0 43.77123953537048 54.15002631981339 -10.3787867844429
333.909057772064 43.77123953537048 0 0 43.77123953537048 54.15002631981339 -10.3787867844429
333.909057772064 43.77123953537048 0 0 43.77123953537048 54.15002631981339 -10.3787867844429
333.909057772064 43.77123953537048 0 0 43.77123953537048 54.15002631981339 -10.3787867844429
333.909057772064 43.77123953537048 0 0 43.77123953537048 54.15002631981339 -10.3787867844429
333.909057772064 43.77123953537048 0 0 43.77123953537048 54.15002631981339 -10.3787867844429
334.2480802070697 43.78484335705521 0 0 43.78484335705521 54.1636301414981 -10.3787867844429
334.2480802070697 43.78484335705521 0 0 43.78484335705521 54.1636301414981 -10.3787867844429
334.2480802070697 43.78484335705521 0 0 43.78484335705521 54.1636301414981 -10.3787867844429
334.2480802070697 43.78484335705521 0 0 43.78484335705521 54.1636301414981 -10.3787867844429
334.2480802070697 43.78484335705521 0 0 43.78484335705521 54.1636301414981 -10.3787867844429
334.2480802070697 43.78484335705521 0 0 43.78484335705521 54.1636301414981 -10.3787867844429
334.2480802070697 43.78484335705521 0 0 43.78484335705521 54.1636301414981 -10.3787867844429
334.2480802070697 43.78484335705521 0 0 43.78484335705521 54.1636301414981 -10.3787867844429
334.2480802070697 43.78484335705521 0 0 43.78484335705521 54.1636301414981 -10.3787867844429
334.2480802070697 43.78484335705521 0 0 43.78484335705521 54.1636301414981 -10.3787867844429
334.8004362828804 43.73395891568812 0 0 43.73395891568812 54.11274570013102 -10.3787867844429
335.1403269576363 43.83931260012781 0 0 43.83931260012781 54.21809938457071 -10.3787867844429
335.1403269576363 43.83931260012781 0 0 43.83931260012781 54.21809938457071 -10.3787867844429
335.0518554162733 43.82420566480999 0 0 43.82420566480999 54.2029924492529 -10.3787867844429
335.0518554162733 43.82420566480999 0 0 43.82420566480999 54.2029924492529 -10.3787867844429
335.0518554162733 43.82420566480999 0 0 43.82420566480999 54.2029924492529 -10.3787867844429
335.213539214002 43.79932372512461 0 0 43.79932372512461 54.17811050956751 -10.3787867844429
335.213539214002 43.79932372512461 0 0 43.79932372512461 54.17811050956751 -10.3787867844429
335.213539214002 43.79932372512461 0 0 43.79932372512461 54.17811050956751 -10.3787867844429
335.213539214002 43.79932372512461 0 0 43.79932372512461 54.17811050956751 -10.3787867844429
335.213539214002 43.79932372512461 0 0 43.79932372512461 54.17811050956751 -10.3787867844429
335.213539214002 43.79932372512461 0 0 43.79932372512461 54.17811050956751 -10.3787867844429
335.213539214002 43.79932372512461 0 0 43.79932372512461 54.17811050956751 -10.3787867844429
335.213539214002 43.79932372512461 0 0 43.79932372512461 54.17811050956751 -10.3787867844429
335.213539214002 43.79932372512461 0 0 43.79932372512461 54.17811050956751 -10.3787867844429
335.213539214002 43.79932372512461 0 0 43.79932372512461 54.17811050956751 -10.3787867844429
335.213539214002 43.79932372512461 0 0 43.79932372512461 54.17811050956751 -10.3787867844429
335.213539214002 43.79932372512461 0 0 43.79932372512461 54.17811050956751 -10.3787867844429
335.213539214002 43.79932372512461 0 0 43.79932372512461 54.17811050956751 -10.3787867844429
335.213539214002 43.79932372512461 0 0 43.79932372512461 54.17811050956751 -10.3787867844429
335.213539214002 43.79932372512461 0 0 43.79932372512461 54.17811050956751 -10.3787867844429
335.6109360844314 43.77000241699783 0 0 43.77000241699783 54.14878920144072 -10.3787867844429
335.6109360844314 43.77000241699783 0 0 43.77000241699783 54.14878920144072 -10.3787867844429
335.6109360844314 43.77000241699783 0 0 43.77000241699783 54.14878920144072 -10.3787867844429
335.6109360844314 43.77000241699783 0 0 43.77000241699783 54.14878920144072 -10.3787867844429
335.6109360844314 43.77000241699783 0 0 43.77000241699783 54.14878920144072 -10.3787867844429
335.6109360844314 43.77000241699783 0 0 43.77000241699783 54.14878920144072 -10.3787867844429
335.6109360844314 43.77000241699783 0 0 43.77000241699783 54.14878920144072 -10.3787867844429
335.6109360844314 43.77000241699783 0 0 43.77000241699783 54.14878920144072 -10.3787867844429
335.6109360844314 43.77000241699783 0 0 43.77000241699783 54.14878920144072 -10.3787867844429
335.6109360844314 43.77000241699783 0 0 43.77000241699783 54.14878920144072 -10.3787867844429
335.6109360844314 43.77000241699783 0 0 43.77000241699783 54.14878920144072 -10.3787867844429
335.6109360844314 43.77000241699783 0 0 43.77000241699783 54.14878920144072 -10.3787867844429
335.6109360844314 43.77000241699783 0 0 43.77000241699783 54.14878920144072 -10.3787867844429
335.6109360844314 43.77000241699783 0 0 43.77000241699783 54.14878920144072 -10.3787867844429
335.6109360844314 43.77000241699783 0 0 43.77000241699783 54.14878920144072 -10.3787867844429
335.6109360844314 43.77000241699783 0 0 43.77000241699783 54.14878920144072 -10.3787867844429
335.6109360844314 43.77000241699783 0 0 43.77000241699783 54.14878920144072 -10.3787867844429
334.8176997093713 43.63893637515572 0 0 43.63893637515572 54.01772315959862 -10.3787867844429
335.3312951292942 43.58197990435924 0 0 43.58197990435924 53.96076668880214 -10.3787867844429
335.3312951292942 43.58197990435924 0 0 43.58197990435924 53.96076668880214 -10.3787867844429
335.2629066849378 43.55130605741208 0 0 43.55130605741208 53.93009284185497 -10.3787867844429
335.2629066849378 43.55130605741208 0 0 43.55130605741208 53.93009284185497 -10.3787867844429
335.2629066849378 43.55130605741208 0 0 43.55130605741208 53.93009284185497 -10.3787867844429
335.2629066849378 43.55130605741208 0 0 43.55130605741208 53.93009284185497 -10.3787867844429
335.2629066849378 43.55130605741208 0 0 43.55130605741208 53.93009284185497 -10.3787867844429
335.2629066849378 43.55130605741208 0 0 43.55130605741208 53.93009284185497 -10.3787867844429
335.2629066849378 43.55130605741208 0 0 43.55130605741208 53.93009284185497 -10.3787867844429
335.2629066849378 43.55130605741208 0 0 43.55130605741208 53.93009284185497 -10.3787867844429
335.2629066849378 43.55130605741208 0 0 43.55130605741208 53.93009284185497 -10.3787867844429
335.2629066849378 43.55130605741208 0 0 43.55130605741208 53.93009284185497 -10.3787867844429
335.2629066849378 43.55130605741208 0 0 43.55130605741208 53.93009284185497 -10.3787867844429
335.2629066849378 43.55130605741208 0 0 43.55130605741208 53.93009284185497 -10.3787867844429
335.4866572254899 43.59874360783817 0 0 43.59874360783817 53.97753039228107 -10.3787867844429
336.3106291342597 43.60550554130285 0 0 43.60550554130285 53.98429232574574 -10.3787867844429
336.4269355083823 43.54482210876536 0 0 43.54482210876536 53.92360889320825 -10.3787867844429
336.4269355083823 43.54482210876536 0 0 43.54482210876536 53.92360889320825 -10.3787867844429
336.4269355083823 43.54482210876536 0 0 43.54482210876536 53.92360889320825 -10.3787867844429
336.4269355083823 43.54482210876536 0 0 43.54482210876536 53.92360889320825 -10.3787867844429
336.4269355083823 43.54482210876536 0 0 43.54482210876536 53.92360889320825 -10.3787867844429
336.4269355083823 43.54482210876536 0 0 43.54482210876536 53.92360889320825 -10.3787867844429
336.4269355083823 43.54482210876536 0 0 43.54482210876536 53.92360889320825 -10.3787867844429
336.4269355083823 43.54482210876536 0 0 43.54482210876536 53.92360889320825 -10.3787867844429
336.4269355083823 43.54482210876536 0 0 43.54482210876536 53.92360889320825 -10.3787867844429
336.4269355083823 43.54482210876536 0 0 43.54482210876536 53.92360889320825 -10.3787867844429
336.4269355083823 43.54482210876536 0 0 43.54482210876536 53.92360889320825 -10.3787867844429
336.4269355083823 43.54482210876536 0 0 43.54482210876536 53.92360889320825 -10.3787867844429
336.4269355083823 43.54482210876536 0 0 43.54482210876536 53.92360889320825 -10.3787867844429
336.4713334910507 43.61939103991047 0 0 43.61939103991047 53.99817782435336 -10.3787867844429
336.8352014274969 43.71146347725181 0 0 43.71146347725181 54.09025026169471 -10.3787867844429
336.8352014274969 43.71146347725181 0 0 43.71146347725181 54.09025026169471 -10.3787867844429
336.8352014274969 43.71146347725181 0 0 43.71146347725181 54.09025026169471 -10.3787867844429
336.8352014274969 43.71146347725181 0 0 43.71146347725181 54.09025026169471 -10.3787867844429
336.8352014274969 43.71146347725181 0 0 43.71146347725181 54.09025026169471 -10.3787867844429
336.9039236806466 43.70991555726638 0 0 43.70991555726638 54.08870234170928 -10.3787867844429
337.1760970831149 43.67064936105177 0 0 43.67064936105177 54.04943614549467 -10.3787867844429
337.8196619663911 43.74888285757693 0 0 43.74888285757693 54.12766964201983 -10.3787867844429
337.1168296700257 43.91260074540546 0 0 43.91260074540546 54.29138752984835 -10.3787867844429
337.804499750804 43.77115396939753 0 0 43.77115396939753 54.14994075384043 -10.3787867844429
337.804499750804 43.77115396939753 0 0 43.77115396939753 54.14994075384043 -10.3787867844429
338.1601782160078 43.72836397199121 0 0 43.72836397199121 54.10715075643412 -10.3787867844429
338.2464353967157 43.79060395341388 0 0 43.79060395341388 54.16939073785678 -10.3787867844429
338.2464353967157 43.79060395341388 0 0 43.79060395341388 54.16939073785678 -10.3787867844429
338.2464353967157 43.79060395341388 0 0 43.79060395341388 54.16939073785678 -10.3787867844429
338.2464353967157 43.79060395341388 0 0 43.79060395341388 54.16939073785678 -10.3787867844429
338.2464353967157 43.79060395341388 0 0 43.79060395341388 54.16939073785678 -10.3787867844429
338.2464353967157 43.79060395341388 0 0 43.79060395341388 54.16939073785678 -10.3787867844429
338.250447162026 43.83164690471882 0 0 43.83164690471882 54.21043368916172 -10.3787867844429
338.344753197528 43.81038857054638 0 0 43.81038857054638 54.18917535498927 -10.3787867844429
338.344753197528 43.81038857054638 0 0 43.81038857054638 54.18917535498927 -10.3787867844429
338.3437149765932 43.8344636577672 0 0 43.8344636577672 54.2132504422101 -10.3787867844429
337.9901844006257 43.93439978879123 0 0 43.93439978879123 54.31318657323413 -10.3787867844429
337.9901844006257 43.93439978879123 0 0 43.93439978879123 54.31318657323413 -10.3787867844429
337.9901844006257 43.93439978879123 0 0 43.93439978879123 54.31318657323413 -10.3787867844429
338.2394954305526 43.88407908739693 0 0 43.88407908739693 54.26286587183983 -10.3787867844429
337.8455368547368 43.98925484351092 0 0 43.98925484351092 54.36804162795382 -10.3787867844429
338.1766379073159 43.98521175958906 0 0 43.98521175958906 54.36399854403196 -10.3787867844429
338.1766379073159 43.98521175958906 0 0 43.98521175958906 54.36399854403196 -10.3787867844429
338.1766379073159 43.98521175958906 0 0 43.98521175958906 54.36399854403196 -10.3787867844429
338.1766379073159 43.98521175958906 0 0 43.98521175958906 54.36399854403196 -10.3787867844429
338.1766379073159 43.98521175958906 0 0 43.98521175958906 54.36399854403196 -10.3787867844429
338.1766379073159 43.98521175958906 0 0 43.98521175958906 54.36399854403196 -10.3787867844429
338.7911382579712 44.05686350765546 0 0 44.05686350765546 54.43565029209837 -10.3787867844429
338.7911382579712 44.05686350765546 0 0 44.05686350765546 54.43565029209837 -10.3787867844429
338.8829613913636 44.08800571833156 0 0 44.08800571833156 54.46679250277445 -10.3787867844429
338.5406134497449 44.00856301255043 0 0 44.00856301255043 54.38734979699332 -10.3787867844429
338.5406134497449 44.00856301255043 0 0 44.00856301255043 54.38734979699332 -10.3787867844429
338.5406134497449 44.00856301255043 0 0 44.00856301255043 54.38734979699332 -10.3787867844429
338.5329058378961 43.92757565367516 0 0 43.92757565367516 54.30636243811806 -10.3787867844429
338.7582150555644 43.9597652382988 0 0 43.9597652382988 54.3385520227417 -10.3787867844429
339.1166373045207 43.82729159590143 0 0 43.82729159590143 54.20607838034433 -10.3787867844429
339.1166373045207 43.82729159590143 0 0 43.82729159590143 54.20607838034433 -10.3787867844429
339.1166373045207 43.82729159590143 0 0 43.82729159590143 54.20607838034433 -10.3787867844429
339.1166373045207 43.82729159590143 0 0 43.82729159590143 54.20607838034433 -10.3787867844429
339.1166373045207 43.82729159590143 0 0 43.82729159590143 54.20607838034433 -10.3787867844429
339.1166373045207 43.82729159590143 0 0 43.82729159590143 54.20607838034433 -10.3787867844429
339.1166373045207 43.82729159590143 0 0 43.82729159590143 54.20607838034433 -10.3787867844429
339.1166373045207 43.82729159590143 0 0 43.82729159590143 54.20607838034433 -10.3787867844429
339.1166373045207 43.82729159590143 0 0 43.82729159590143 54.20607838034433 -10.3787867844429
339.1217364838096 43.91619493920506 0 0 43.91619493920506 54.29498172364795 -10.3787867844429
339.1217364838096 43.91619493920506 0 0 43.91619493920506 54.29498172364795 -10.3787867844429
339.1217364838096 43.91619493920506 0 0 43.91619493920506 54.29498172364795 -10.3787867844429
339.1217364838096 43.91619493920506 0 0 43.91619493920506 54.29498172364795 -10.3787867844429
339.0972674568475 43.92509190041297 0 0 43.92509190041297 54.30387868485586 -10.3787867844429
339.0895399134794 44.08003733705752 0 0 44.08003733705752 54.45882412150041 -10.3787867844429
339.0895399134794 44.08003733705752 0 0 44.08003733705752 54.45882412150041 -10.3787867844429
339.0895399134794 44.08003733705752 0 0 44.08003733705752 54.45882412150041 -10.3787867844429
339.0895399134794 44.08003733705752 0 0 44.08003733705752 54.45882412150041 -10.3787867844429
339.1981543884189 44.15005015909998 0 0 44.15005015909998 54.52883694354287 -10.3787867844429
338.9100210204567 44.19452078606599 0 0 44.19452078606599 54.57330757050889 -10.3787867844429
338.9100210204567 44.19452078606599 0 0 44.19452078606599 54.57330757050889 -10.3787867844429
338.8974821431378 44.31073276850044 0 0 44.31073276850044 54.68951955294334 -10.3787867844429
338.8974821431378 44.31073276850044 0 0 44.31073276850044 54.68951955294334 -10.3787867844429
338.8974821431378 44.31073276850044 0 0 44.31073276850044 54.68951955294334 -10.3787867844429
338.8974821431378 44.31073276850044 0 0 44.31073276850044 54.68951955294334 -10.3787867844429
338.8974821431378 44.31073276850044 0 0 44.31073276850044 54.68951955294334 -10.3787867844429
338.8974821431378 44.31073276850044 0 0 44.31073276850044 54.68951955294334 -10.3787867844429
339.0043211478779 44.39692395971491 0 0 44.39692395971491 54.77571074415781 -10.3787867844429
339.0043211478779 44.39692395971491 0 0 44.39692395971491 54.77571074415781 -10.3787867844429
339.0043211478779 44.39692395971491 0 0 44.39692395971491 54.77571074415781 -10.3787867844429
339.0043211478779 44.39692395971491 0 0 44.39692395971491 54.77571074415781 -10.3787867844429
339.0043211478779 44.39692395971491 0 0 44.39692395971491 54.77571074415781 -10.3787867844429
339.0043211478779 44.39692395971491 0 0 44.39692395971491 54.77571074415781 -10.3787867844429
339.1887741706799 44.34660561076205 0 0 44.34660561076205 54.72539239520496 -10.3787867844429
339.1820459970307 44.29625792407691 0 0 44.29625792407691 54.67504470851981 -10.3787867844429
339.0506171914307 44.27648291940328 0 0 44.27648291940328 54.65526970384617 -10.3787867844429
339.0506171914307 44.27648291940328 0 0 44.27648291940328 54.65526970384617 -10.3787867844429
339.0506171914307 44.27648291940328 0 0 44.27648291940328 54.65526970384617 -10.3787867844429
339.0506171914307 44.27648291940328 0 0 44.27648291940328 54.65526970384617 -10.3787867844429
339.0506171914307 44.27648291940328 0 0 44.27648291940328 54.65526970384617 -10.3787867844429
339.0506171914307 44.27648291940328 0 0 44.27648291940328 54.65526970384617 -10.3787867844429
339.0506171914307 44.27648291940328 0 0 44.27648291940328 54.65526970384617 -10.3787867844429
339.1137454658248 44.27828508814207 0 0 44.27828508814207 54.65707187258497 -10.3787867844429
339.1137454658248 44.27828508814207 0 0 44.27828508814207 54.65707187258497 -10.3787867844429
339.0602845889325 44.26951682193649 0 0 44.26951682193649 54.64830360637939 -10.3787867844429
339.038511457832 44.18493520594251 0 0 44.18493520594251 54.5637219903854 -10.3787867844429
338.4026313926393 44.19226890711336 0 0 44.19226890711336 54.57105569155626 -10.3787867844429
338.4026313926393 44.19226890711336 0 0 44.19226890711336 54.57105569155626 -10.3787867844429
338.8727005301209 44.22003028277796 0 0 44.22003028277796 54.59881706722085 -10.3787867844429
338.8727005301209 44.22003028277796 0 0 44.22003028277796 54.59881706722085 -10.3787867844429
338.8727005301209 44.22003028277796 0 0 44.22003028277796 54.59881706722085 -10.3787867844429
338.419056320975 44.19428441400882 0 0 44.19428441400882 54.57307119845171 -10.3787867844429
338.419056320975 44.19428441400882 0 0 44.19428441400882 54.57307119845171 -10.3787867844429
338.4739507537798 44.02296353828656 0 0 44.02296353828656 54.40175032272946 -10.3787867844429
338.4739507537798 44.02296353828656 0 0 44.02296353828656 54.40175032272946 -10.3787867844429
338.4739507537798 44.02296353828656 0 0 44.02296353828656 54.40175032272946 -10.3787867844429
338.3272500825369 43.97045297187718 0 0 43.97045297187718 54.34923975632007 -10.3787867844429
338.3272500825369 43.97045297187718 0 0 43.97045297187718 54.34923975632007 -10.3787867844429
338.3272500825369 43.97045297187718 0 0 43.97045297187718 54.34923975632007 -10.3787867844429
338.3272500825369 43.97045297187718 0 0 43.97045297187718 54.34923975632007 -10.3787867844429
338.3272500825369 43.97045297187718 0 0 43.97045297187718 54.34923975632007 -10.3787867844429
338.3272500825369 43.97045297187718 0 0 43.97045297187718 54.34923975632007 -10.3787867844429
338.3272500825369 43.97045297187718 0 0 43.97045297187718 54.34923975632007 -10.3787867844429
338.3272500825369 43.97045297187718 0 0 43.97045297187718 54.34923975632007 -10.3787867844429
338.3272500825369 43.97045297187718 0 0 43.97045297187718 54.34923975632007 -10.3787867844429
338.3272500825369 43.97045297187718 0 0 43.97045297187718 54.34923975632007 -10.3787867844429
338.3272500825369 43.97045297187718 0 0 43.97045297187718 54.34923975632007 -10.3787867844429
338.3272500825369 43.97045297187718 0 0 43.97045297187718 54.34923975632007 -10.3787867844429
338.3272500825369 43.97045297187718 0 0 43.97045297187718 54.34923975632007 -10.3787867844429
338.3272500825369 43.97045297187718 0 0 43.97045297187718 54.34923975632007 -10.3787867844429
338.3272500825369 43.97045297187718 0 0 43.97045297187718 54.34923975632007 -10.3787867844429
338.3272500825369 43.97045297187718 0 0 43.97045297187718 54.34923975632007 -10.3787867844429
338.3483208608324 43.88238267512043 0 0 43.88238267512043 54.26116945956332 -10.3787867844429
338.3483208608324 43.88238267512043 0 0 43.88238267512043 54.26116945956332 -10.3787867844429
338.3483208608324 43.88238267512043 0 0 43.88238267512043 54.26116945956332 -10.3787867844429
338.0900454686893 43.95733830958947 0 0 43.95733830958947 54.33612509403238 -10.3787867844429
338.0058378490721 43.97020417122025 0 0 43.97020417122025 54.34899095566314 -10.3787867844429
338.4308684709159 43.92349723038282 0 0 43.92349723038282 54.30228401482572 -10.3787867844429
338.4308684709159 43.92349723038282 0 0 43.92349723038282 54.30228401482572 -10.3787867844429
338.4308684709159 43.92349723038282 0 0 43.92349723038282 54.30228401482572 -10.3787867844429
338.3170421899075 43.88726252941966 0 0 43.88726252941966 54.26604931386255 -10.3787867844429
338.264145497115 43.87204816000194 0 0 43.87204816000194 54.25083494444484 -10.3787867844429
338.264145497115 43.87204816000194 0 0 43.87204816000194 54.25083494444484 -10.3787867844429
338.264145497115 43.87204816000194 0 0 43.87204816000194 54.25083494444484 -10.3787867844429
338.264145497115 43.87204816000194 0 0 43.87204816000194 54.25083494444484 -10.3787867844429
338.264145497115 43.87204816000194 0 0 43.87204816000194 54.25083494444484 -10.3787867844429
338.264145497115 43.87204816000194 0 0 43.87204816000194 54.25083494444484 -10.3787867844429
338.264145497115 43.87204816000194 0 0 43.87204816000194 54.25083494444484 -10.3787867844429
338.264145497115 43.87204816000194 0 0 43.87204816000194 54.25083494444484 -10.3787867844429
338.264145497115 43.87204816000194 0 0 43.87204816000194 54.25083494444484 -10.3787867844429
338.264145497115 43.87204816000194 0 0 43.87204816000194 54.25083494444484 -10.3787867844429
338.264145497115 43.87204816000194 0 0 43.87204816000194 54.25083494444484 -10.3787867844429
338.264145497115 43.87204816000194 0 0 43.87204816000194 54.25083494444484 -10.3787867844429
338.264145497115 43.87204816000194 0 0 43.87204816000194 54.25083494444484 -10.3787867844429
338.264145497115 43.87204816000194 0 0 43.87204816000194 54.25083494444484 -10.3787867844429
338.264145497115 43.87204816000194 0 0 43.87204816000194 54.25083494444484 -10.3787867844429
338.264145497115 43.87204816000194 0 0 43.87204816000194 54.25083494444484 -10.3787867844429
338.242160106601 43.97673737149778 0 0 43.97673737149778 54.35552415594067 -10.3787867844429
337.9868916593661 43.99702171656214 0 0 43.99702171656214 54.37580850100505 -10.3787867844429
338.8193680329624 43.99012157507478 0 0 43.99012157507478 54.36890835951768 -10.3787867844429
337.8986777805142 43.94654220324553 0 0 43.94654220324553 54.32532898768842 -10.3787867844429
338.3410716794785 44.02958468512442 0 0 44.02958468512442 54.40837146956732 -10.3787867844429
337.3254023215588 44.1107380410221 0 0 44.1107380410221 54.489524825465 -10.3787867844429
337.7019378327528 44.07634946464056 0 0 44.07634946464056 54.45513624908346 -10.3787867844429
338.7082070905564 44.07188459137214 0 0 44.07188459137214 54.45067137581503 -10.3787867844429
338.7082070905564 44.07188459137214 0 0 44.07188459137214 54.45067137581503 -10.3787867844429
338.7082070905564 44.07188459137214 0 0 44.07188459137214 54.45067137581503 -10.3787867844429
338.7082070905564 44.07188459137214 0 0 44.07188459137214 54.45067137581503 -10.3787867844429
338.7082070905564 44.07188459137214 0 0 44.07188459137214 54.45067137581503 -10.3787867844429
338.7082070905564 44.07188459137214 0 0 44.07188459137214 54.45067137581503 -10.3787867844429
338.7082070905564 44.07188459137214 0 0 44.07188459137214 54.45067137581503 -10.3787867844429
338.7082070905564 44.07188459137214 0 0 44.07188459137214 54.45067137581503 -10.3787867844429
338.7082070905564 44.07188459137214 0 0 44.07188459137214 54.45067137581503 -10.3787867844429
338.7082070905564 44.07188459137214 0 0 44.07188459137214 54.45067137581503 -10.3787867844429
338.7082070905564 44.07188459137214 0 0 44.07188459137214 54.45067137581503 -10.3787867844429
338.7082070905564 44.07188459137214 0 0 44.07188459137214 54.45067137581503 -10.3787867844429
338.7082070905564 44.07188459137214 0 0 44.07188459137214 54.45067137581503 -10.3787867844429
338.7082070905564 44.07188459137214 0 0 44.07188459137214 54.45067137581503 -10.3787867844429
338.7082070905564 44.07188459137214 0 0 44.07188459137214 54.45067137581503 -10.3787867844429
338.7082070905564 44.07188459137214 0 0 44.07188459137214 54.45067137581503 -10.3787867844429
338.7082070905564 44.07188459137214 0 0 44.07188459137214 54.45067137581503 -10.3787867844429
338.8033255673848 44.09527216303265 0 0 44.09527216303265 54.47405894747555 -10.3787867844429
338.8033255673848 44.09527216303265 0 0 44.09527216303265 54.47405894747555 -10.3787867844429
338.8033255673848 44.09527216303265 0 0 44.09527216303265 54.47405894747555 -10.3787867844429
338.8033255673848 44.09527216303265 0 0 44.09527216303265 54.47405894747555 -10.3787867844429
338.8033255673848 44.09527216303265 0 0 44.09527216303265 54.47405894747555 -10.3787867844429
338.8033255673848 44.09527216303265 0 0 44.09527216303265 54.47405894747555 -10.3787867844429
338.7948540673768 44.14665684889121 0 0 44.14665684889121 54.52544363333411 -10.3787867844429
338.9868072460152 44.23155193468219 0 0 44.23155193468219 54.61033871912509 -10.3787867844429
339.1108454903293 44.29521990973417 0 0 44.29521990973417 54.67400669417707 -10.3787867844429
339.2504318365503 44.37523159559775 0 0 44.37523159559775 54.75401838004065 -10.3787867844429
339.1970097708854 44.31010217420261 0 0 44.31010217420261 54.68888895864551 -10.3787867844429
339.1143395507914 44.32691120031436 0 0 44.32691120031436 54.70569798475725 -10.3787867844429
339.1143395507914 44.32691120031436 0 0 44.32691120031436 54.70569798475725 -10.3787867844429
339.2204261875382 44.29530248426323 0 0 44.29530248426323 54.67408926870613 -10.3787867844429
339.0322601505038 44.27933065767198 0 0 44.27933065767198 54.65811744211488 -10.3787867844429
339.0322601505038 44.27933065767198 0 0 44.27933065767198 54.65811744211488 -10.3787867844429
338.91306665861 44.36886379889242 0 0 44.36886379889242 54.74765058333532 -10.3787867844429
338.9576527489954 44.32722658965837 0 0 44.32722658965837 54.70601337410127 -10.3787867844429
338.9576527489954 44.32722658965837 0 0 44.32722658965837 54.70601337410127 -10.3787867844429
338.7881413595012 44.28990442083399 0 0 44.28990442083399 54.66869120527689 -10.3787867844429
338.6905319244262 44.17929051720959 0 0 44.17929051720959 54.5580773016525 -10.3787867844429
338.6905319244262 44.17929051720959 0 0 44.17929051720959 54.5580773016525 -10.3787867844429
338.8988761976254 44.17346434849843 0 0 44.17346434849843 54.55225113294132 -10.3787867844429
338.8988761976254 44.17346434849843 0 0 44.17346434849843 54.55225113294132 -10.3787867844429
338.6530217603411 44.23083412644027 0 0 44.23083412644027 54.60962091088317 -10.3787867844429
338.6530217603411 44.23083412644027 0 0 44.23083412644027 54.60962091088317 -10.3787867844429
338.6530217603411 44.23083412644027 0 0 44.23083412644027 54.60962091088317 -10.3787867844429
338.6530217603411 44.23083412644027 0 0 44.23083412644027 54.60962091088317 -10.3787867844429
338.6530217603411 44.23083412644027 0 0 44.23083412644027 54.60962091088317 -10.3787867844429
338.6530217603411 44.23083412644027 0 0 44.23083412644027 54.60962091088317 -10.3787867844429
338.6530217603411 44.23083412644027 0 0 44.23083412644027 54.60962091088317 -10.3787867844429
338.6530217603411 44.23083412644027 0 0 44.23083412644027 54.60962091088317 -10.3787867844429
338.6530217603411 44.23083412644027 0 0 44.23083412644027 54.60962091088317 -10.3787867844429
338.6530217603411 44.23083412644027 0 0 44.23083412644027 54.60962091088317 -10.3787867844429
338.6530217603411 44.23083412644027 0 0 44.23083412644027 54.60962091088317 -10.3787867844429
338.7698592908081 44.37068246748312 0 0 44.37068246748312 54.74946925192602 -10.3787867844429
338.7698592908081 44.37068246748312 0 0 44.37068246748312 54.74946925192602 -10.3787867844429
338.7698592908081 44.37068246748312 0 0 44.37068246748312 54.74946925192602 -10.3787867844429
338.7698592908081 44.37068246748312 0 0 44.37068246748312 54.74946925192602 -10.3787867844429
338.7698592908081 44.37068246748312 0 0 44.37068246748312 54.74946925192602 -10.3787867844429
338.7698592908081 44.37068246748312 0 0 44.37068246748312 54.74946925192602 -10.3787867844429
338.7698592908081 44.37068246748312 0 0 44.37068246748312 54.74946925192602 -10.3787867844429
338.7698592908081 44.37068246748312 0 0 44.37068246748312 54.74946925192602 -10.3787867844429
338.7698592908081 44.37068246748312 0 0 44.37068246748312 54.74946925192602 -10.3787867844429
338.7698592908081 44.37068246748312 0 0 44.37068246748312 54.74946925192602 -10.3787867844429
338.7698592908081 44.37068246748312 0 0 44.37068246748312 54.74946925192602 -10.3787867844429
338.8445327183714 44.34597884631816 0 0 44.34597884631816 54.72476563076106 -10.3787867844429
338.8445327183714 44.34597884631816 0 0 44.34597884631816 54.72476563076106 -10.3787867844429
338.8600257231299 44.36853336684027 0 0 44.36853336684027 54.74732015128317 -10.3787867844429
338.8600257231299 44.36853336684027 0 0 44.36853336684027 54.74732015128317 -10.3787867844429
338.8600257231299 44.36853336684027 0 0 44.36853336684027 54.74732015128317 -10.3787867844429
338.8600257231299 44.36853336684027 0 0 44.36853336684027 54.74732015128317 -10.3787867844429
338.8600257231299 44.36853336684027 0 0 44.36853336684027 54.74732015128317 -10.3787867844429
338.8600257231299 44.36853336684027 0 0 44.36853336684027 54.74732015128317 -10.3787867844429
338.8600257231299 44.36853336684027 0 0 44.36853336684027 54.74732015128317 -10.3787867844429
338.8600257231299 44.36853336684027 0 0 44.36853336684027 54.74732015128317 -10.3787867844429
338.8600257231299 44.36853336684027 0 0 44.36853336684027 54.74732015128317 -10.3787867844429
338.8600257231299 44.36853336684027 0 0 44.36853336684027 54.74732015128317 -10.3787867844429
338.8600257231299 44.36853336684027 0 0 44.36853336684027 54.74732015128317 -10.3787867844429
338.8600257231299 44.36853336684027 0 0 44.36853336684027 54.74732015128317 -10.3787867844429
338.8975061654655 44.35796692290312 0 0 44.35796692290312 54.73675370734602 -10.3787867844429
338.8975061654655 44.35796692290312 0 0 44.35796692290312 54.73675370734602 -10.3787867844429
338.8975061654655 44.35796692290312 0 0 44.35796692290312 54.73675370734602 -10.3787867844429
338.8975061654655 44.35796692290312 0 0 44.35796692290312 54.73675370734602 -10.3787867844429
338.8975061654655 44.35796692290312 0 0 44.35796692290312 54.73675370734602 -10.3787867844429
338.8975061654655 44.35796692290312 0 0 44.35796692290312 54.73675370734602 -10.3787867844429
338.8975061654655 44.35796692290312 0 0 44.35796692290312 54.73675370734602 -10.3787867844429
338.8975061654655 44.35796692290312 0 0 44.35796692290312 54.73675370734602 -10.3787867844429
338.8975061654655 44.35796692290312 0 0 44.35796692290312 54.73675370734602 -10.3787867844429
338.8975061654655 44.35796692290312 0 0 44.35796692290312 54.73675370734602 -10.3787867844429
338.8975061654655 44.35796692290312 0 0 44.35796692290312 54.73675370734602 -10.3787867844429
