totalLogLikelihoodDensity totalLogPriorDensity H1NoiseLogPriorDensity L1NoiseLogPriorDensity gwLogPriorDensity gwExtrinsicLogPriorDensityTracker gwCbcLogPriorDensityTracker
225.5374516630189 43.53117344156263 0 0 43.53117344156263 53.90996022600553 -10.3787867844429
318.0240383008922 44.09521409535402 0 0 44.09521409535402 54.47400087979692 -10.3787867844429
319.4741247303139 44.09251861030369 0 0 44.09251861030369 54.47130539474658 -10.3787867844429
319.4741247303139 44.09251861030369 0 0 44.09251861030369 54.47130539474658 -10.3787867844429
319.587729184326 44.08578256143302 0 0 44.08578256143302 54.46456934587592 -10.3787867844429
319.587729184326 44.08578256143302 0 0 44.08578256143302 54.46456934587592 -10.3787867844429
319.587729184326 44.08578256143302 0 0 44.08578256143302 54.46456934587592 -10.3787867844429
319.587729184326 44.08578256143302 0 0 44.08578256143302 54.46456934587592 -10.3787867844429
319.587729184326 44.08578256143302 0 0 44.08578256143302 54.46456934587592 -10.3787867844429
319.587729184326 44.08578256143302 0 0 44.08578256143302 54.46456934587592 -10.3787867844429
319.587729184326 44.08578256143302 0 0 44.08578256143302 54.46456934587592 -10.3787867844429
319.587729184326 44.08578256143302 0 0 44.08578256143302 54.46456934587592 -10.3787867844429
319.587729184326 44.08578256143302 0 0 44.08578256143302 54.46456934587592 -10.3787867844429
319.587729184326 44.08578256143302 0 0 44.08578256143302 54.46456934587592 -10.3787867844429
319.587729184326 44.08578256143302 0 0 44.08578256143302 54.46456934587592 -10.3787867844429
319.587729184326 44.08578256143302 0 0 44.08578256143302 54.46456934587592 -10.3787867844429
319.587729184326 44.08578256143302 0 0 44.08578256143302 54.46456934587592 -10.3787867844429
319.587729184326 44.08578256143302 0 0 44.08578256143302 54.46456934587592 -10.3787867844429
319.587729184326 44.08578256143302 0 0 44.08578256143302 54.46456934587592 -10.3787867844429
319.587729184326 44.08578256143302 0 0 44.08578256143302 54.46456934587592 -10.3787867844429
319.587729184326 44.08578256143302 0 0 44.08578256143302 54.46456934587592 -10.3787867844429
319.587729184326 44.08578256143302 0 0 44.08578256143302 54.46456934587592 -10.3787867844429
319.587729184326 44.08578256143302 0 0 44.08578256143302 54.46456934587592 -10.3787867844429
319.587729184326 44.08578256143302 0 0 44.08578256143302 54.46456934587592 -10.3787867844429
319.587729184326 44.08578256143302 0 0 44.08578256143302 54.46456934587592 -10.3787867844429
319.587729184326 44.08578256143302 0 0 44.08578256143302 54.46456934587592 -10.3787867844429
319.587729184326 44.08578256143302 0 0 44.08578256143302 54.46456934587592 -10.3787867844429
319.587729184326 44.08578256143302 0 0 44.08578256143302 54.46456934587592 -10.3787867844429
319.587729184326 44.08578256143302 0 0 44.08578256143302 54.46456934587592 -10.3787867844429
319.587729184326 44.08578256143302 0 0 44.08578256143302 54.46456934587592 -10.3787867844429
319.587729184326 44.08578256143302 0 0 44.08578256143302 54.46456934587592 -10.3787867844429
319.587729184326 44.08578256143302 0 0 44.08578256143302 54.46456934587592 -10.3787867844429
319.587729184326 44.08578256143302 0 0 44.08578256143302 54.46456934587592 -10.3787867844429
319.587729184326 44.08578256143302 0 0 44.08578256143302 54.46456934587592 -10.3787867844429
319.587729184326 44.08578256143302 0 0 44.08578256143302 54.46456934587592 -10.3787867844429
319.587729184326 44.08578256143302 0 0 44.08578256143302 54.46456934587592 -10.3787867844429
320.8892604384192 43.90347905984045 0 0 43.90347905984045 54.28226584428334 -10.3787867844429
320.8892604384192 43.90347905984045 0 0 43.90347905984045 54.28226584428334 -10.3787867844429
320.8892604384192 43.90347905984045 0 0 43.90347905984045 54.28226584428334 -10.3787867844429
320.8892604384192 43.90347905984045 0 0 43.90347905984045 54.28226584428334 -10.3787867844429
320.8892604384192 43.90347905984045 0 0 43.90347905984045 54.28226584428334 -10.3787867844429
320.8892604384192 43.90347905984045 0 0 43.90347905984045 54.28226584428334 -10.3787867844429
320.8892604384192 43.90347905984045 0 0 43.90347905984045 54.28226584428334 -10.3787867844429
320.8892604384192 43.90347905984045 0 0 43.90347905984045 54.28226584428334 -10.3787867844429
320.8892604384192 43.90347905984045 0 0 43.90347905984045 54.28226584428334 -10.3787867844429
320.8892604384192 43.90347905984045 0 0 43.90347905984045 54.28226584428334 -10.3787867844429
320.8892604384192 43.90347905984045 0 0 43.90347905984045 54.28226584428334 -10.3787867844429
320.8892604384192 43.90347905984045 0 0 43.90347905984045 54.28226584428334 -10.3787867844429
320.8892604384192 43.90347905984045 0 0 43.90347905984045 54.28226584428334 -10.3787867844429
320.8892604384192 43.90347905984045 0 0 43.90347905984045 54.28226584428334 -10.3787867844429
331.0347355520595 43.87254687785573 0 0 43.87254687785573 54.25133366229862 -10.3787867844429
331.0347355520595 43.87254687785573 0 0 43.87254687785573 54.25133366229862 -10.3787867844429
331.0347355520595 43.87254687785573 0 0 43.87254687785573 54.25133366229862 -10.3787867844429
331.0347355520595 43.87254687785573 0 0 43.87254687785573 54.25133366229862 -10.3787867844429
331.0347355520595 43.87254687785573 0 0 43.87254687785573 54.25133366229862 -10.3787867844429
331.0347355520595 43.87254687785573 0 0 43.87254687785573 54.25133366229862 -10.3787867844429
331.0347355520595 43.87254687785573 0 0 43.87254687785573 54.25133366229862 -10.3787867844429
331.0347355520595 43.87254687785573 0 0 43.87254687785573 54.25133366229862 -10.3787867844429
331.0347355520595 43.87254687785573 0 0 43.87254687785573 54.25133366229862 -10.3787867844429
331.0347355520595 43.87254687785573 0 0 43.87254687785573 54.25133366229862 -10.3787867844429
331.0347355520595 43.87254687785573 0 0 43.87254687785573 54.25133366229862 -10.3787867844429
331.0347355520595 43.87254687785573 0 0 43.87254687785573 54.25133366229862 -10.3787867844429
331.0347355520595 43.87254687785573 0 0 43.87254687785573 54.25133366229862 -10.3787867844429
331.0347355520595 43.87254687785573 0 0 43.87254687785573 54.25133366229862 -10.3787867844429
331.0347355520595 43.87254687785573 0 0 43.87254687785573 54.25133366229862 -10.3787867844429
331.0347355520595 43.87254687785573 0 0 43.87254687785573 54.25133366229862 -10.3787867844429
331.0347355520595 43.87254687785573 0 0 43.87254687785573 54.25133366229862 -10.3787867844429
331.0347355520595 43.87254687785573 0 0 43.87254687785573 54.25133366229862 -10.3787867844429
331.0347355520595 43.87254687785573 0 0 43.87254687785573 54.25133366229862 -10.3787867844429
331.0347355520595 43.87254687785573 0 0 43.87254687785573 54.25133366229862 -10.3787867844429
331.0347355520595 43.87254687785573 0 0 43.87254687785573 54.25133366229862 -10.3787867844429
331.0347355520595 43.87254687785573 0 0 43.87254687785573 54.25133366229862 -10.3787867844429
332.9537392690904 43.88126681155487 0 0 43.88126681155487 54.26005359599777 -10.3787867844429
332.9537392690904 43.88126681155487 0 0 43.88126681155487 54.26005359599777 -10.3787867844429
332.9537392690904 43.88126681155487 0 0 43.88126681155487 54.26005359599777 -10.3787867844429
332.9537392690904 43.88126681155487 0 0 43.88126681155487 54.26005359599777 -10.3787867844429
332.9537392690904 43.88126681155487 0 0 43.88126681155487 54.26005359599777 -10.3787867844429
332.9537392690904 43.88126681155487 0 0 43.88126681155487 54.26005359599777 -10.3787867844429
332.9537392690904 43.88126681155487 0 0 43.88126681155487 54.26005359599777 -10.3787867844429
332.9537392690904 43.88126681155487 0 0 43.88126681155487 54.26005359599777 -10.3787867844429
332.9537392690904 43.88126681155487 0 0 43.88126681155487 54.26005359599777 -10.3787867844429
333.2108543854816 43.90309022195559 0 0 43.90309022195559 54.28187700639849 -10.3787867844429
333.2108543854816 43.90309022195559 0 0 43.90309022195559 54.28187700639849 -10.3787867844429
333.2108543854816 43.90309022195559 0 0 43.90309022195559 54.28187700639849 -10.3787867844429
333.2108543854816 43.90309022195559 0 0 43.90309022195559 54.28187700639849 -10.3787867844429
333.2108543854816 43.90309022195559 0 0 43.90309022195559 54.28187700639849 -10.3787867844429
333.2108543854816 43.90309022195559 0 0 43.90309022195559 54.28187700639849 -10.3787867844429
333.2108543854816 43.90309022195559 0 0 43.90309022195559 54.28187700639849 -10.3787867844429
333.2108543854816 43.90309022195559 0 0 43.90309022195559 54.28187700639849 -10.3787867844429
333.2108543854816 43.90309022195559 0 0 43.90309022195559 54.28187700639849 -10.3787867844429
333.2108543854816 43.90309022195559 0 0 43.90309022195559 54.28187700639849 -10.3787867844429
333.2108543854816 43.90309022195559 0 0 43.90309022195559 54.28187700639849 -10.3787867844429
333.2108543854816 43.90309022195559 0 0 43.90309022195559 54.28187700639849 -10.3787867844429
333.2108543854816 43.90309022195559 0 0 43.90309022195559 54.28187700639849 -10.3787867844429
333.2108543854816 43.90309022195559 0 0 43.90309022195559 54.28187700639849 -10.3787867844429
333.2108543854816 43.90309022195559 0 0 43.90309022195559 54.28187700639849 -10.3787867844429
333.2108543854816 43.90309022195559 0 0 43.90309022195559 54.28187700639849 -10.3787867844429
333.2108543854816 43.90309022195559 0 0 43.90309022195559 54.28187700639849 -10.3787867844429
333.2108543854816 43.90309022195559 0 0 43.90309022195559 54.28187700639849 -10.3787867844429
333.2108543854816 43.90309022195559 0 0 43.90309022195559 54.28187700639849 -10.3787867844429
333.2108543854816 43.90309022195559 0 0 43.90309022195559 54.28187700639849 -10.3787867844429
333.2108543854816 43.90309022195559 0 0 43.90309022195559 54.28187700639849 -10.3787867844429
333.2108543854816 43.90309022195559 0 0 43.90309022195559 54.28187700639849 -10.3787867844429
333.2108543854816 43.90309022195559 0 0 43.90309022195559 54.28187700639849 -10.3787867844429
333.2108543854816 43.90309022195559 0 0 43.90309022195559 54.28187700639849 -10.3787867844429
333.2108543854816 43.90309022195559 0 0 43.90309022195559 54.28187700639849 -10.3787867844429
333.2108543854816 43.90309022195559 0 0 43.90309022195559 54.28187700639849 -10.3787867844429
333.2108543854816 43.90309022195559 0 0 43.90309022195559 54.28187700639849 -10.3787867844429
333.2108543854816 43.90309022195559 0 0 43.90309022195559 54.28187700639849 -10.3787867844429
333.2108543854816 43.90309022195559 0 0 43.90309022195559 54.28187700639849 -10.3787867844429
333.2108543854816 43.90309022195559 0 0 43.90309022195559 54.28187700639849 -10.3787867844429
333.2108543854816 43.90309022195559 0 0 43.90309022195559 54.28187700639849 -10.3787867844429
333.2717210314963 43.90045186068592 0 0 43.90045186068592 54.27923864512881 -10.3787867844429
333.2717210314963 43.90045186068592 0 0 43.90045186068592 54.27923864512881 -10.3787867844429
333.2717210314963 43.90045186068592 0 0 43.90045186068592 54.27923864512881 -10.3787867844429
333.2717210314963 43.90045186068592 0 0 43.90045186068592 54.27923864512881 -10.3787867844429
333.2717210314963 43.90045186068592 0 0 43.90045186068592 54.27923864512881 -10.3787867844429
333.2717210314963 43.90045186068592 0 0 43.90045186068592 54.27923864512881 -10.3787867844429
333.2717210314963 43.90045186068592 0 0 43.90045186068592 54.27923864512881 -10.3787867844429
333.2717210314963 43.90045186068592 0 0 43.90045186068592 54.27923864512881 -10.3787867844429
333.2717210314963 43.90045186068592 0 0 43.90045186068592 54.27923864512881 -10.3787867844429
333.2717210314963 43.90045186068592 0 0 43.90045186068592 54.27923864512881 -10.3787867844429
333.2717210314963 43.90045186068592 0 0 43.90045186068592 54.27923864512881 -10.3787867844429
333.2717210314963 43.90045186068592 0 0 43.90045186068592 54.27923864512881 -10.3787867844429
333.2717210314963 43.90045186068592 0 0 43.90045186068592 54.27923864512881 -10.3787867844429
333.2717210314963 43.90045186068592 0 0 43.90045186068592 54.27923864512881 -10.3787867844429
333.2717210314963 43.90045186068592 0 0 43.90045186068592 54.27923864512881 -10.3787867844429
333.2717210314963 43.90045186068592 0 0 43.90045186068592 54.27923864512881 -10.3787867844429
333.1652397551854 43.90010569605937 0 0 43.90010569605937 54.27889248050227 -10.3787867844429
333.1652397551854 43.90010569605937 0 0 43.90010569605937 54.27889248050227 -10.3787867844429
333.1289460957947 43.8983203643006 0 0 43.8983203643006 54.2771071487435 -10.3787867844429
333.1289460957947 43.8983203643006 0 0 43.8983203643006 54.2771071487435 -10.3787867844429
333.1289460957947 43.8983203643006 0 0 43.8983203643006 54.2771071487435 -10.3787867844429
333.1289460957947 43.8983203643006 0 0 43.8983203643006 54.2771071487435 -10.3787867844429
333.1289460957947 43.8983203643006 0 0 43.8983203643006 54.2771071487435 -10.3787867844429
333.1289460957947 43.8983203643006 0 0 43.8983203643006 54.2771071487435 -10.3787867844429
333.1289460957947 43.8983203643006 0 0 43.8983203643006 54.2771071487435 -10.3787867844429
333.1289460957947 43.8983203643006 0 0 43.8983203643006 54.2771071487435 -10.3787867844429
333.1289460957947 43.8983203643006 0 0 43.8983203643006 54.2771071487435 -10.3787867844429
333.1289460957947 43.8983203643006 0 0 43.8983203643006 54.2771071487435 -10.3787867844429
333.1289460957947 43.8983203643006 0 0 43.8983203643006 54.2771071487435 -10.3787867844429
333.1289460957947 43.8983203643006 0 0 43.8983203643006 54.2771071487435 -10.3787867844429
333.1289460957947 43.8983203643006 0 0 43.8983203643006 54.2771071487435 -10.3787867844429
333.1289460957947 43.8983203643006 0 0 43.8983203643006 54.2771071487435 -10.3787867844429
333.1289460957947 43.8983203643006 0 0 43.8983203643006 54.2771071487435 -10.3787867844429
333.1289460957947 43.8983203643006 0 0 43.8983203643006 54.2771071487435 -10.3787867844429
333.1289460957947 43.8983203643006 0 0 43.8983203643006 54.2771071487435 -10.3787867844429
333.1289460957947 43.8983203643006 0 0 43.8983203643006 54.2771071487435 -10.3787867844429
333.1289460957947 43.8983203643006 0 0 43.8983203643006 54.2771071487435 -10.3787867844429
333.1289460957947 43.8983203643006 0 0 43.8983203643006 54.2771071487435 -10.3787867844429
333.1289460957947 43.8983203643006 0 0 43.8983203643006 54.2771071487435 -10.3787867844429
333.1289460957947 43.8983203643006 0 0 43.8983203643006 54.2771071487435 -10.3787867844429
333.1289460957947 43.8983203643006 0 0 43.8983203643006 54.2771071487435 -10.3787867844429
332.2831447445604 43.88591357564725 0 0 43.88591357564725 54.26470036009015 -10.3787867844429
332.2831447445604 43.88591357564725 0 0 43.88591357564725 54.26470036009015 -10.3787867844429
332.2831447445604 43.88591357564725 0 0 43.88591357564725 54.26470036009015 -10.3787867844429
332.2041664951879 43.88563731569184 0 0 43.88563731569184 54.26442410013474 -10.3787867844429
332.2041664951879 43.88563731569184 0 0 43.88563731569184 54.26442410013474 -10.3787867844429
332.2041664951879 43.88563731569184 0 0 43.88563731569184 54.26442410013474 -10.3787867844429
332.2041664951879 43.88563731569184 0 0 43.88563731569184 54.26442410013474 -10.3787867844429
332.2041664951879 43.88563731569184 0 0 43.88563731569184 54.26442410013474 -10.3787867844429
332.2041664951879 43.88563731569184 0 0 43.88563731569184 54.26442410013474 -10.3787867844429
332.2041664951879 43.88563731569184 0 0 43.88563731569184 54.26442410013474 -10.3787867844429
332.2041664951879 43.88563731569184 0 0 43.88563731569184 54.26442410013474 -10.3787867844429
332.2041664951879 43.88563731569184 0 0 43.88563731569184 54.26442410013474 -10.3787867844429
332.2041664951879 43.88563731569184 0 0 43.88563731569184 54.26442410013474 -10.3787867844429
332.2041664951879 43.88563731569184 0 0 43.88563731569184 54.26442410013474 -10.3787867844429
332.2041664951879 43.88563731569184 0 0 43.88563731569184 54.26442410013474 -10.3787867844429
332.2041664951879 43.88563731569184 0 0 43.88563731569184 54.26442410013474 -10.3787867844429
332.2041664951879 43.88563731569184 0 0 43.88563731569184 54.26442410013474 -10.3787867844429
332.2041664951879 43.88563731569184 0 0 43.88563731569184 54.26442410013474 -10.3787867844429
332.2041664951879 43.88563731569184 0 0 43.88563731569184 54.26442410013474 -10.3787867844429
332.2041664951879 43.88563731569184 0 0 43.88563731569184 54.26442410013474 -10.3787867844429
332.2041664951879 43.88563731569184 0 0 43.88563731569184 54.26442410013474 -10.3787867844429
332.2041664951879 43.88563731569184 0 0 43.88563731569184 54.26442410013474 -10.3787867844429
332.2041664951879 43.88563731569184 0 0 43.88563731569184 54.26442410013474 -10.3787867844429
332.2041664951879 43.88563731569184 0 0 43.88563731569184 54.26442410013474 -10.3787867844429
332.3056468565302 43.88599383041945 0 0 43.88599383041945 54.26478061486235 -10.3787867844429
332.3056468565302 43.88599383041945 0 0 43.88599383041945 54.26478061486235 -10.3787867844429
332.3056468565302 43.88599383041945 0 0 43.88599383041945 54.26478061486235 -10.3787867844429
332.3103497374102 43.88625868765547 0 0 43.88625868765547 54.26504547209837 -10.3787867844429
332.3103497374102 43.88625868765547 0 0 43.88625868765547 54.26504547209837 -10.3787867844429
332.3103497374102 43.88625868765547 0 0 43.88625868765547 54.26504547209837 -10.3787867844429
332.3103497374102 43.88625868765547 0 0 43.88625868765547 54.26504547209837 -10.3787867844429
332.3103497374102 43.88625868765547 0 0 43.88625868765547 54.26504547209837 -10.3787867844429
332.3103497374102 43.88625868765547 0 0 43.88625868765547 54.26504547209837 -10.3787867844429
332.3103497374102 43.88625868765547 0 0 43.88625868765547 54.26504547209837 -10.3787867844429
332.3103497374102 43.88625868765547 0 0 43.88625868765547 54.26504547209837 -10.3787867844429
332.3103497374102 43.88625868765547 0 0 43.88625868765547 54.26504547209837 -10.3787867844429
332.3103497374102 43.88625868765547 0 0 43.88625868765547 54.26504547209837 -10.3787867844429
332.3103497374102 43.88625868765547 0 0 43.88625868765547 54.26504547209837 -10.3787867844429
332.3103497374102 43.88625868765547 0 0 43.88625868765547 54.26504547209837 -10.3787867844429
332.3103497374102 43.88625868765547 0 0 43.88625868765547 54.26504547209837 -10.3787867844429
332.3103497374102 43.88625868765547 0 0 43.88625868765547 54.26504547209837 -10.3787867844429
332.3103497374102 43.88625868765547 0 0 43.88625868765547 54.26504547209837 -10.3787867844429
332.3103497374102 43.88625868765547 0 0 43.88625868765547 54.26504547209837 -10.3787867844429
332.3103497374102 43.88625868765547 0 0 43.88625868765547 54.26504547209837 -10.3787867844429
332.3103497374102 43.88625868765547 0 0 43.88625868765547 54.26504547209837 -10.3787867844429
332.3103497374102 43.88625868765547 0 0 43.88625868765547 54.26504547209837 -10.3787867844429
332.3103497374102 43.88625868765547 0 0 43.88625868765547 54.26504547209837 -10.3787867844429
332.3103497374102 43.88625868765547 0 0 43.88625868765547 54.26504547209837 -10.3787867844429
332.3103497374102 43.88625868765547 0 0 43.88625868765547 54.26504547209837 -10.3787867844429
332.3103497374102 43.88625868765547 0 0 43.88625868765547 54.26504547209837 -10.3787867844429
332.3103497374102 43.88625868765547 0 0 43.88625868765547 54.26504547209837 -10.3787867844429
333.472500131463 43.90489000320571 0 0 43.90489000320571 54.2836767876486 -10.3787867844429
333.472500131463 43.90489000320571 0 0 43.90489000320571 54.2836767876486 -10.3787867844429
333.472500131463 43.90489000320571 0 0 43.90489000320571 54.2836767876486 -10.3787867844429
333.472500131463 43.90489000320571 0 0 43.90489000320571 54.2836767876486 -10.3787867844429
333.472500131463 43.90489000320571 0 0 43.90489000320571 54.2836767876486 -10.3787867844429
333.472500131463 43.90489000320571 0 0 43.90489000320571 54.2836767876486 -10.3787867844429
333.472500131463 43.90489000320571 0 0 43.90489000320571 54.2836767876486 -10.3787867844429
333.472500131463 43.90489000320571 0 0 43.90489000320571 54.2836767876486 -10.3787867844429
333.472500131463 43.90489000320571 0 0 43.90489000320571 54.2836767876486 -10.3787867844429
333.472500131463 43.90489000320571 0 0 43.90489000320571 54.2836767876486 -10.3787867844429
333.472500131463 43.90489000320571 0 0 43.90489000320571 54.2836767876486 -10.3787867844429
333.472500131463 43.90489000320571 0 0 43.90489000320571 54.2836767876486 -10.3787867844429
333.472500131463 43.90489000320571 0 0 43.90489000320571 54.2836767876486 -10.3787867844429
333.472500131463 43.90489000320571 0 0 43.90489000320571 54.2836767876486 -10.3787867844429
333.472500131463 43.90489000320571 0 0 43.90489000320571 54.2836767876486 -10.3787867844429
333.472500131463 43.90489000320571 0 0 43.90489000320571 54.2836767876486 -10.3787867844429
333.472500131463 43.90489000320571 0 0 43.90489000320571 54.2836767876486 -10.3787867844429
333.472500131463 43.90489000320571 0 0 43.90489000320571 54.2836767876486 -10.3787867844429
333.472500131463 43.90489000320571 0 0 43.90489000320571 54.2836767876486 -10.3787867844429
333.472500131463 43.90489000320571 0 0 43.90489000320571 54.2836767876486 -10.3787867844429
333.472500131463 43.90489000320571 0 0 43.90489000320571 54.2836767876486 -10.3787867844429
333.472500131463 43.90489000320571 0 0 43.90489000320571 54.2836767876486 -10.3787867844429
333.472500131463 43.90489000320571 0 0 43.90489000320571 54.2836767876486 -10.3787867844429
333.472500131463 43.90489000320571 0 0 43.90489000320571 54.2836767876486 -10.3787867844429
333.472500131463 43.90489000320571 0 0 43.90489000320571 54.2836767876486 -10.3787867844429
333.472500131463 43.90489000320571 0 0 43.90489000320571 54.2836767876486 -10.3787867844429
333.472500131463 43.90489000320571 0 0 43.90489000320571 54.2836767876486 -10.3787867844429
333.472500131463 43.90489000320571 0 0 43.90489000320571 54.2836767876486 -10.3787867844429
333.472500131463 43.90489000320571 0 0 43.90489000320571 54.2836767876486 -10.3787867844429
333.472500131463 43.90489000320571 0 0 43.90489000320571 54.2836767876486 -10.3787867844429
333.472500131463 43.90489000320571 0 0 43.90489000320571 54.2836767876486 -10.3787867844429
333.472500131463 43.90489000320571 0 0 43.90489000320571 54.2836767876486 -10.3787867844429
333.472500131463 43.90489000320571 0 0 43.90489000320571 54.2836767876486 -10.3787867844429
333.472500131463 43.90489000320571 0 0 43.90489000320571 54.2836767876486 -10.3787867844429
333.472500131463 43.90489000320571 0 0 43.90489000320571 54.2836767876486 -10.3787867844429
333.4522511555526 43.90173394578166 0 0 43.90173394578166 54.28052073022455 -10.3787867844429
333.4522511555526 43.90173394578166 0 0 43.90173394578166 54.28052073022455 -10.3787867844429
333.4522511555526 43.90173394578166 0 0 43.90173394578166 54.28052073022455 -10.3787867844429
333.4522511555526 43.90173394578166 0 0 43.90173394578166 54.28052073022455 -10.3787867844429
333.4522511555526 43.90173394578166 0 0 43.90173394578166 54.28052073022455 -10.3787867844429
333.4522511555526 43.90173394578166 0 0 43.90173394578166 54.28052073022455 -10.3787867844429
333.4522511555526 43.90173394578166 0 0 43.90173394578166 54.28052073022455 -10.3787867844429
333.4522511555526 43.90173394578166 0 0 43.90173394578166 54.28052073022455 -10.3787867844429
333.3170605258742 43.8945120906034 0 0 43.8945120906034 54.27329887504629 -10.3787867844429
333.3170605258742 43.8945120906034 0 0 43.8945120906034 54.27329887504629 -10.3787867844429
333.3170605258742 43.8945120906034 0 0 43.8945120906034 54.27329887504629 -10.3787867844429
333.3170605258742 43.8945120906034 0 0 43.8945120906034 54.27329887504629 -10.3787867844429
333.3170605258742 43.8945120906034 0 0 43.8945120906034 54.27329887504629 -10.3787867844429
333.3170605258742 43.8945120906034 0 0 43.8945120906034 54.27329887504629 -10.3787867844429
333.3170605258742 43.8945120906034 0 0 43.8945120906034 54.27329887504629 -10.3787867844429
333.3170605258742 43.8945120906034 0 0 43.8945120906034 54.27329887504629 -10.3787867844429
333.3170605258742 43.8945120906034 0 0 43.8945120906034 54.27329887504629 -10.3787867844429
333.3170605258742 43.8945120906034 0 0 43.8945120906034 54.27329887504629 -10.3787867844429
333.3170605258742 43.8945120906034 0 0 43.8945120906034 54.27329887504629 -10.3787867844429
333.3170605258742 43.8945120906034 0 0 43.8945120906034 54.27329887504629 -10.3787867844429
333.3170605258742 43.8945120906034 0 0 43.8945120906034 54.27329887504629 -10.3787867844429
333.3170605258742 43.8945120906034 0 0 43.8945120906034 54.27329887504629 -10.3787867844429
333.3170605258742 43.8945120906034 0 0 43.8945120906034 54.27329887504629 -10.3787867844429
333.3170605258742 43.8945120906034 0 0 43.8945120906034 54.27329887504629 -10.3787867844429
333.3170605258742 43.8945120906034 0 0 43.8945120906034 54.27329887504629 -10.3787867844429
333.3170605258742 43.8945120906034 0 0 43.8945120906034 54.27329887504629 -10.3787867844429
333.3170605258742 43.8945120906034 0 0 43.8945120906034 54.27329887504629 -10.3787867844429
333.3170605258742 43.8945120906034 0 0 43.8945120906034 54.27329887504629 -10.3787867844429
333.3170605258742 43.8945120906034 0 0 43.8945120906034 54.27329887504629 -10.3787867844429
333.3170605258742 43.8945120906034 0 0 43.8945120906034 54.27329887504629 -10.3787867844429
333.3170605258742 43.8945120906034 0 0 43.8945120906034 54.27329887504629 -10.3787867844429
333.3170605258742 43.8945120906034 0 0 43.8945120906034 54.27329887504629 -10.3787867844429
333.3170605258742 43.8945120906034 0 0 43.8945120906034 54.27329887504629 -10.3787867844429
333.3170605258742 43.8945120906034 0 0 43.8945120906034 54.27329887504629 -10.3787867844429
333.3170605258742 43.8945120906034 0 0 43.8945120906034 54.27329887504629 -10.3787867844429
333.3170605258742 43.8945120906034 0 0 43.8945120906034 54.27329887504629 -10.3787867844429
333.3170605258742 43.8945120906034 0 0 43.8945120906034 54.27329887504629 -10.3787867844429
333.3170605258742 43.8945120906034 0 0 43.8945120906034 54.27329887504629 -10.3787867844429
333.3170605258742 43.8945120906034 0 0 43.8945120906034 54.27329887504629 -10.3787867844429
333.3170605258742 43.8945120906034 0 0 43.8945120906034 54.27329887504629 -10.3787867844429
333.3170605258742 43.8945120906034 0 0 43.8945120906034 54.27329887504629 -10.3787867844429
333.3170605258742 43.8945120906034 0 0 43.8945120906034 54.27329887504629 -10.3787867844429
333.3170605258742 43.8945120906034 0 0 43.8945120906034 54.27329887504629 -10.3787867844429
333.3170605258742 43.8945120906034 0 0 43.8945120906034 54.27329887504629 -10.3787867844429
333.3170605258742 43.8945120906034 0 0 43.8945120906034 54.27329887504629 -10.3787867844429
333.3170605258742 43.8945120906034 0 0 43.8945120906034 54.27329887504629 -10.3787867844429
333.3170605258742 43.8945120906034 0 0 43.8945120906034 54.27329887504629 -10.3787867844429
333.3170605258742 43.8945120906034 0 0 43.8945120906034 54.27329887504629 -10.3787867844429
333.3170605258742 43.8945120906034 0 0 43.8945120906034 54.27329887504629 -10.3787867844429
333.3170605258742 43.8945120906034 0 0 43.8945120906034 54.27329887504629 -10.3787867844429
333.3170605258742 43.8945120906034 0 0 43.8945120906034 54.27329887504629 -10.3787867844429
333.3170605258742 43.8945120906034 0 0 43.8945120906034 54.27329887504629 -10.3787867844429
333.3170605258742 43.8945120906034 0 0 43.8945120906034 54.27329887504629 -10.3787867844429
333.3170605258742 43.8945120906034 0 0 43.8945120906034 54.27329887504629 -10.3787867844429
333.3170605258742 43.8945120906034 0 0 43.8945120906034 54.27329887504629 -10.3787867844429
333.3170605258742 43.8945120906034 0 0 43.8945120906034 54.27329887504629 -10.3787867844429
333.3170605258742 43.8945120906034 0 0 43.8945120906034 54.27329887504629 -10.3787867844429
333.3170605258742 43.8945120906034 0 0 43.8945120906034 54.27329887504629 -10.3787867844429
333.3170605258742 43.8945120906034 0 0 43.8945120906034 54.27329887504629 -10.3787867844429
333.3170605258742 43.8945120906034 0 0 43.8945120906034 54.27329887504629 -10.3787867844429
333.3170605258742 43.8945120906034 0 0 43.8945120906034 54.27329887504629 -10.3787867844429
333.3170605258742 43.8945120906034 0 0 43.8945120906034 54.27329887504629 -10.3787867844429
333.3170605258742 43.8945120906034 0 0 43.8945120906034 54.27329887504629 -10.3787867844429
333.3182455082444 43.89375864123464 0 0 43.89375864123464 54.27254542567754 -10.3787867844429
333.3182455082444 43.89375864123464 0 0 43.89375864123464 54.27254542567754 -10.3787867844429
333.3182455082444 43.89375864123464 0 0 43.89375864123464 54.27254542567754 -10.3787867844429
333.3182455082444 43.89375864123464 0 0 43.89375864123464 54.27254542567754 -10.3787867844429
333.3182455082444 43.89375864123464 0 0 43.89375864123464 54.27254542567754 -10.3787867844429
333.3182455082444 43.89375864123464 0 0 43.89375864123464 54.27254542567754 -10.3787867844429
333.3182455082444 43.89375864123464 0 0 43.89375864123464 54.27254542567754 -10.3787867844429
333.3182455082444 43.89375864123464 0 0 43.89375864123464 54.27254542567754 -10.3787867844429
333.3182455082444 43.89375864123464 0 0 43.89375864123464 54.27254542567754 -10.3787867844429
333.3182455082444 43.89375864123464 0 0 43.89375864123464 54.27254542567754 -10.3787867844429
333.3182455082444 43.89375864123464 0 0 43.89375864123464 54.27254542567754 -10.3787867844429
333.3110259866778 43.89335086978699 0 0 43.89335086978699 54.27213765422988 -10.3787867844429
333.3110259866778 43.89335086978699 0 0 43.89335086978699 54.27213765422988 -10.3787867844429
333.3110259866778 43.89335086978699 0 0 43.89335086978699 54.27213765422988 -10.3787867844429
333.3110259866778 43.89335086978699 0 0 43.89335086978699 54.27213765422988 -10.3787867844429
333.3110259866778 43.89335086978699 0 0 43.89335086978699 54.27213765422988 -10.3787867844429
333.3110259866778 43.89335086978699 0 0 43.89335086978699 54.27213765422988 -10.3787867844429
333.3110259866778 43.89335086978699 0 0 43.89335086978699 54.27213765422988 -10.3787867844429
333.3110259866778 43.89335086978699 0 0 43.89335086978699 54.27213765422988 -10.3787867844429
333.3110259866778 43.89335086978699 0 0 43.89335086978699 54.27213765422988 -10.3787867844429
333.3110259866778 43.89335086978699 0 0 43.89335086978699 54.27213765422988 -10.3787867844429
333.3110259866778 43.89335086978699 0 0 43.89335086978699 54.27213765422988 -10.3787867844429
333.3110259866778 43.89335086978699 0 0 43.89335086978699 54.27213765422988 -10.3787867844429
333.3110259866778 43.89335086978699 0 0 43.89335086978699 54.27213765422988 -10.3787867844429
333.3110259866778 43.89335086978699 0 0 43.89335086978699 54.27213765422988 -10.3787867844429
333.3110259866778 43.89335086978699 0 0 43.89335086978699 54.27213765422988 -10.3787867844429
333.3110259866778 43.89335086978699 0 0 43.89335086978699 54.27213765422988 -10.3787867844429
333.3110259866778 43.89335086978699 0 0 43.89335086978699 54.27213765422988 -10.3787867844429
333.3110259866778 43.89335086978699 0 0 43.89335086978699 54.27213765422988 -10.3787867844429
333.3110259866778 43.89335086978699 0 0 43.89335086978699 54.27213765422988 -10.3787867844429
333.3110259866778 43.89335086978699 0 0 43.89335086978699 54.27213765422988 -10.3787867844429
333.3110259866778 43.89335086978699 0 0 43.89335086978699 54.27213765422988 -10.3787867844429
333.3110259866778 43.89335086978699 0 0 43.89335086978699 54.27213765422988 -10.3787867844429
333.3110259866778 43.89335086978699 0 0 43.89335086978699 54.27213765422988 -10.3787867844429
333.3110259866778 43.89335086978699 0 0 43.89335086978699 54.27213765422988 -10.3787867844429
333.3110259866778 43.89335086978699 0 0 43.89335086978699 54.27213765422988 -10.3787867844429
333.3110259866778 43.89335086978699 0 0 43.89335086978699 54.27213765422988 -10.3787867844429
333.3110259866778 43.89335086978699 0 0 43.89335086978699 54.27213765422988 -10.3787867844429
333.3110259866778 43.89335086978699 0 0 43.89335086978699 54.27213765422988 -10.3787867844429
333.3110259866778 43.89335086978699 0 0 43.89335086978699 54.27213765422988 -10.3787867844429
333.3110259866778 43.89335086978699 0 0 43.89335086978699 54.27213765422988 -10.3787867844429
333.3110259866778 43.89335086978699 0 0 43.89335086978699 54.27213765422988 -10.3787867844429
333.3110259866778 43.89335086978699 0 0 43.89335086978699 54.27213765422988 -10.3787867844429
333.3110259866778 43.89335086978699 0 0 43.89335086978699 54.27213765422988 -10.3787867844429
333.3110259866778 43.89335086978699 0 0 43.89335086978699 54.27213765422988 -10.3787867844429
333.3110259866778 43.89335086978699 0 0 43.89335086978699 54.27213765422988 -10.3787867844429
333.3110259866778 43.89335086978699 0 0 43.89335086978699 54.27213765422988 -10.3787867844429
333.4036824293129 43.89650692721104 0 0 43.89650692721104 54.27529371165393 -10.3787867844429
333.4036824293129 43.89650692721104 0 0 43.89650692721104 54.27529371165393 -10.3787867844429
333.4036824293129 43.89650692721104 0 0 43.89650692721104 54.27529371165393 -10.3787867844429
333.4036824293129 43.89650692721104 0 0 43.89650692721104 54.27529371165393 -10.3787867844429
333.4036824293129 43.89650692721104 0 0 43.89650692721104 54.27529371165393 -10.3787867844429
333.4036824293129 43.89650692721104 0 0 43.89650692721104 54.27529371165393 -10.3787867844429
333.4036824293129 43.89650692721104 0 0 43.89650692721104 54.27529371165393 -10.3787867844429
333.4036824293129 43.89650692721104 0 0 43.89650692721104 54.27529371165393 -10.3787867844429
333.4036824293129 43.89650692721104 0 0 43.89650692721104 54.27529371165393 -10.3787867844429
333.4036824293129 43.89650692721104 0 0 43.89650692721104 54.27529371165393 -10.3787867844429
333.4036824293129 43.89650692721104 0 0 43.89650692721104 54.27529371165393 -10.3787867844429
333.4036824293129 43.89650692721104 0 0 43.89650692721104 54.27529371165393 -10.3787867844429
333.4036824293129 43.89650692721104 0 0 43.89650692721104 54.27529371165393 -10.3787867844429
333.4036824293129 43.89650692721104 0 0 43.89650692721104 54.27529371165393 -10.3787867844429
333.4036824293129 43.89650692721104 0 0 43.89650692721104 54.27529371165393 -10.3787867844429
333.4036824293129 43.89650692721104 0 0 43.89650692721104 54.27529371165393 -10.3787867844429
333.4036824293129 43.89650692721104 0 0 43.89650692721104 54.27529371165393 -10.3787867844429
333.4036824293129 43.89650692721104 0 0 43.89650692721104 54.27529371165393 -10.3787867844429
333.4036824293129 43.89650692721104 0 0 43.89650692721104 54.27529371165393 -10.3787867844429
333.4036824293129 43.89650692721104 0 0 43.89650692721104 54.27529371165393 -10.3787867844429
333.4036824293129 43.89650692721104 0 0 43.89650692721104 54.27529371165393 -10.3787867844429
333.4036824293129 43.89650692721104 0 0 43.89650692721104 54.27529371165393 -10.3787867844429
333.4036824293129 43.89650692721104 0 0 43.89650692721104 54.27529371165393 -10.3787867844429
333.4036824293129 43.89650692721104 0 0 43.89650692721104 54.27529371165393 -10.3787867844429
333.4036824293129 43.89650692721104 0 0 43.89650692721104 54.27529371165393 -10.3787867844429
333.4036824293129 43.89650692721104 0 0 43.89650692721104 54.27529371165393 -10.3787867844429
333.4036824293129 43.89650692721104 0 0 43.89650692721104 54.27529371165393 -10.3787867844429
333.4036824293129 43.89650692721104 0 0 43.89650692721104 54.27529371165393 -10.3787867844429
333.4036824293129 43.89650692721104 0 0 43.89650692721104 54.27529371165393 -10.3787867844429
333.281134652811 43.89016843082442 0 0 43.89016843082442 54.26895521526731 -10.3787867844429
333.281134652811 43.89016843082442 0 0 43.89016843082442 54.26895521526731 -10.3787867844429
333.281134652811 43.89016843082442 0 0 43.89016843082442 54.26895521526731 -10.3787867844429
333.281134652811 43.89016843082442 0 0 43.89016843082442 54.26895521526731 -10.3787867844429
333.281134652811 43.89016843082442 0 0 43.89016843082442 54.26895521526731 -10.3787867844429
333.281134652811 43.89016843082442 0 0 43.89016843082442 54.26895521526731 -10.3787867844429
333.281134652811 43.89016843082442 0 0 43.89016843082442 54.26895521526731 -10.3787867844429
333.281134652811 43.89016843082442 0 0 43.89016843082442 54.26895521526731 -10.3787867844429
333.281134652811 43.89016843082442 0 0 43.89016843082442 54.26895521526731 -10.3787867844429
333.281134652811 43.89016843082442 0 0 43.89016843082442 54.26895521526731 -10.3787867844429
333.281134652811 43.89016843082442 0 0 43.89016843082442 54.26895521526731 -10.3787867844429
333.281134652811 43.89016843082442 0 0 43.89016843082442 54.26895521526731 -10.3787867844429
333.281134652811 43.89016843082442 0 0 43.89016843082442 54.26895521526731 -10.3787867844429
333.281134652811 43.89016843082442 0 0 43.89016843082442 54.26895521526731 -10.3787867844429
333.4113318978904 43.89240823709061 0 0 43.89240823709061 54.2711950215335 -10.3787867844429
333.4113318978904 43.89240823709061 0 0 43.89240823709061 54.2711950215335 -10.3787867844429
333.4113318978904 43.89240823709061 0 0 43.89240823709061 54.2711950215335 -10.3787867844429
333.4113318978904 43.89240823709061 0 0 43.89240823709061 54.2711950215335 -10.3787867844429
333.4113318978904 43.89240823709061 0 0 43.89240823709061 54.2711950215335 -10.3787867844429
333.4113318978904 43.89240823709061 0 0 43.89240823709061 54.2711950215335 -10.3787867844429
333.4113318978904 43.89240823709061 0 0 43.89240823709061 54.2711950215335 -10.3787867844429
333.4113318978904 43.89240823709061 0 0 43.89240823709061 54.2711950215335 -10.3787867844429
333.4113318978904 43.89240823709061 0 0 43.89240823709061 54.2711950215335 -10.3787867844429
333.4113318978904 43.89240823709061 0 0 43.89240823709061 54.2711950215335 -10.3787867844429
333.6607276378878 43.96765285208936 0 0 43.96765285208936 54.34643963653226 -10.3787867844429
333.6607276378878 43.96765285208936 0 0 43.96765285208936 54.34643963653226 -10.3787867844429
333.6607276378878 43.96765285208936 0 0 43.96765285208936 54.34643963653226 -10.3787867844429
333.6607276378878 43.96765285208936 0 0 43.96765285208936 54.34643963653226 -10.3787867844429
333.6607276378878 43.96765285208936 0 0 43.96765285208936 54.34643963653226 -10.3787867844429
333.6607276378878 43.96765285208936 0 0 43.96765285208936 54.34643963653226 -10.3787867844429
333.6607276378878 43.96765285208936 0 0 43.96765285208936 54.34643963653226 -10.3787867844429
333.6607276378878 43.96765285208936 0 0 43.96765285208936 54.34643963653226 -10.3787867844429
333.6607276378878 43.96765285208936 0 0 43.96765285208936 54.34643963653226 -10.3787867844429
333.6607276378878 43.96765285208936 0 0 43.96765285208936 54.34643963653226 -10.3787867844429
333.6607276378878 43.96765285208936 0 0 43.96765285208936 54.34643963653226 -10.3787867844429
333.6607276378878 43.96765285208936 0 0 43.96765285208936 54.34643963653226 -10.3787867844429
333.6607276378878 43.96765285208936 0 0 43.96765285208936 54.34643963653226 -10.3787867844429
333.6607276378878 43.96765285208936 0 0 43.96765285208936 54.34643963653226 -10.3787867844429
333.6607276378878 43.96765285208936 0 0 43.96765285208936 54.34643963653226 -10.3787867844429
333.6607276378878 43.96765285208936 0 0 43.96765285208936 54.34643963653226 -10.3787867844429
333.6607276378878 43.96765285208936 0 0 43.96765285208936 54.34643963653226 -10.3787867844429
333.6607276378878 43.96765285208936 0 0 43.96765285208936 54.34643963653226 -10.3787867844429
333.6607276378878 43.96765285208936 0 0 43.96765285208936 54.34643963653226 -10.3787867844429
333.6545614692537 43.96694924812209 0 0 43.96694924812209 54.34573603256499 -10.3787867844429
333.6545614692537 43.96694924812209 0 0 43.96694924812209 54.34573603256499 -10.3787867844429
333.6545614692537 43.96694924812209 0 0 43.96694924812209 54.34573603256499 -10.3787867844429
333.6545614692537 43.96694924812209 0 0 43.96694924812209 54.34573603256499 -10.3787867844429
333.6545614692537 43.96694924812209 0 0 43.96694924812209 54.34573603256499 -10.3787867844429
333.6545614692537 43.96694924812209 0 0 43.96694924812209 54.34573603256499 -10.3787867844429
333.6545614692537 43.96694924812209 0 0 43.96694924812209 54.34573603256499 -10.3787867844429
333.6545614692537 43.96694924812209 0 0 43.96694924812209 54.34573603256499 -10.3787867844429
333.6545614692537 43.96694924812209 0 0 43.96694924812209 54.34573603256499 -10.3787867844429
333.6545614692537 43.96694924812209 0 0 43.96694924812209 54.34573603256499 -10.3787867844429
333.6545614692537 43.96694924812209 0 0 43.96694924812209 54.34573603256499 -10.3787867844429
333.6545614692537 43.96694924812209 0 0 43.96694924812209 54.34573603256499 -10.3787867844429
333.6545614692537 43.96694924812209 0 0 43.96694924812209 54.34573603256499 -10.3787867844429
333.6545614692537 43.96694924812209 0 0 43.96694924812209 54.34573603256499 -10.3787867844429
333.6545614692537 43.96694924812209 0 0 43.96694924812209 54.34573603256499 -10.3787867844429
333.6545614692537 43.96694924812209 0 0 43.96694924812209 54.34573603256499 -10.3787867844429
333.6545614692537 43.96694924812209 0 0 43.96694924812209 54.34573603256499 -10.3787867844429
333.6545614692537 43.96694924812209 0 0 43.96694924812209 54.34573603256499 -10.3787867844429
333.6545614692537 43.96694924812209 0 0 43.96694924812209 54.34573603256499 -10.3787867844429
333.6545614692537 43.96694924812209 0 0 43.96694924812209 54.34573603256499 -10.3787867844429
333.6545614692537 43.96694924812209 0 0 43.96694924812209 54.34573603256499 -10.3787867844429
333.5950415345775 43.96838075974473 0 0 43.96838075974473 54.34716754418763 -10.3787867844429
333.5950415345775 43.96838075974473 0 0 43.96838075974473 54.34716754418763 -10.3787867844429
333.5950415345775 43.96838075974473 0 0 43.96838075974473 54.34716754418763 -10.3787867844429
333.5950415345775 43.96838075974473 0 0 43.96838075974473 54.34716754418763 -10.3787867844429
333.5950415345775 43.96838075974473 0 0 43.96838075974473 54.34716754418763 -10.3787867844429
333.5950415345775 43.96838075974473 0 0 43.96838075974473 54.34716754418763 -10.3787867844429
333.5227943811898 43.96436141749572 0 0 43.96436141749572 54.34314820193863 -10.3787867844429
333.5227943811898 43.96436141749572 0 0 43.96436141749572 54.34314820193863 -10.3787867844429
333.5227943811898 43.96436141749572 0 0 43.96436141749572 54.34314820193863 -10.3787867844429
333.5227943811898 43.96436141749572 0 0 43.96436141749572 54.34314820193863 -10.3787867844429
333.5227943811898 43.96436141749572 0 0 43.96436141749572 54.34314820193863 -10.3787867844429
333.5227943811898 43.96436141749572 0 0 43.96436141749572 54.34314820193863 -10.3787867844429
333.5227943811898 43.96436141749572 0 0 43.96436141749572 54.34314820193863 -10.3787867844429
333.5227943811898 43.96436141749572 0 0 43.96436141749572 54.34314820193863 -10.3787867844429
333.5227943811898 43.96436141749572 0 0 43.96436141749572 54.34314820193863 -10.3787867844429
333.5227943811898 43.96436141749572 0 0 43.96436141749572 54.34314820193863 -10.3787867844429
333.5227943811898 43.96436141749572 0 0 43.96436141749572 54.34314820193863 -10.3787867844429
333.5227943811898 43.96436141749572 0 0 43.96436141749572 54.34314820193863 -10.3787867844429
333.5227943811898 43.96436141749572 0 0 43.96436141749572 54.34314820193863 -10.3787867844429
333.5227943811898 43.96436141749572 0 0 43.96436141749572 54.34314820193863 -10.3787867844429
333.5227943811898 43.96436141749572 0 0 43.96436141749572 54.34314820193863 -10.3787867844429
333.5227943811898 43.96436141749572 0 0 43.96436141749572 54.34314820193863 -10.3787867844429
333.5847803630245 43.96462234834155 0 0 43.96462234834155 54.34340913278445 -10.3787867844429
333.5847803630245 43.96462234834155 0 0 43.96462234834155 54.34340913278445 -10.3787867844429
333.5847803630245 43.96462234834155 0 0 43.96462234834155 54.34340913278445 -10.3787867844429
333.5847803630245 43.96462234834155 0 0 43.96462234834155 54.34340913278445 -10.3787867844429
333.5847803630245 43.96462234834155 0 0 43.96462234834155 54.34340913278445 -10.3787867844429
333.5847803630245 43.96462234834155 0 0 43.96462234834155 54.34340913278445 -10.3787867844429
333.5847803630245 43.96462234834155 0 0 43.96462234834155 54.34340913278445 -10.3787867844429
333.5847803630245 43.96462234834155 0 0 43.96462234834155 54.34340913278445 -10.3787867844429
333.5847803630245 43.96462234834155 0 0 43.96462234834155 54.34340913278445 -10.3787867844429
333.5847803630245 43.96462234834155 0 0 43.96462234834155 54.34340913278445 -10.3787867844429
333.5847803630245 43.96462234834155 0 0 43.96462234834155 54.34340913278445 -10.3787867844429
333.5847803630245 43.96462234834155 0 0 43.96462234834155 54.34340913278445 -10.3787867844429
333.5847803630245 43.96462234834155 0 0 43.96462234834155 54.34340913278445 -10.3787867844429
333.5847803630245 43.96462234834155 0 0 43.96462234834155 54.34340913278445 -10.3787867844429
333.5847803630245 43.96462234834155 0 0 43.96462234834155 54.34340913278445 -10.3787867844429
333.5847803630245 43.96462234834155 0 0 43.96462234834155 54.34340913278445 -10.3787867844429
333.5847803630245 43.96462234834155 0 0 43.96462234834155 54.34340913278445 -10.3787867844429
333.5847803630245 43.96462234834155 0 0 43.96462234834155 54.34340913278445 -10.3787867844429
333.5847803630245 43.96462234834155 0 0 43.96462234834155 54.34340913278445 -10.3787867844429
333.5847803630245 43.96462234834155 0 0 43.96462234834155 54.34340913278445 -10.3787867844429
333.5847803630245 43.96462234834155 0 0 43.96462234834155 54.34340913278445 -10.3787867844429
333.5847803630245 43.96462234834155 0 0 43.96462234834155 54.34340913278445 -10.3787867844429
333.5847803630245 43.96462234834155 0 0 43.96462234834155 54.34340913278445 -10.3787867844429
333.5847803630245 43.96462234834155 0 0 43.96462234834155 54.34340913278445 -10.3787867844429
333.5847803630245 43.96462234834155 0 0 43.96462234834155 54.34340913278445 -10.3787867844429
333.5847803630245 43.96462234834155 0 0 43.96462234834155 54.34340913278445 -10.3787867844429
333.5847803630245 43.96462234834155 0 0 43.96462234834155 54.34340913278445 -10.3787867844429
333.5847803630245 43.96462234834155 0 0 43.96462234834155 54.34340913278445 -10.3787867844429
333.5847803630245 43.96462234834155 0 0 43.96462234834155 54.34340913278445 -10.3787867844429
333.5847803630245 43.96462234834155 0 0 43.96462234834155 54.34340913278445 -10.3787867844429
333.5847803630245 43.96462234834155 0 0 43.96462234834155 54.34340913278445 -10.3787867844429
333.5847803630245 43.96462234834155 0 0 43.96462234834155 54.34340913278445 -10.3787867844429
333.5847803630245 43.96462234834155 0 0 43.96462234834155 54.34340913278445 -10.3787867844429
333.5847894053168 43.96462096457873 0 0 43.96462096457873 54.34340774902162 -10.3787867844429
333.5847894053168 43.96462096457873 0 0 43.96462096457873 54.34340774902162 -10.3787867844429
333.5847894053168 43.96462096457873 0 0 43.96462096457873 54.34340774902162 -10.3787867844429
333.5847894053168 43.96462096457873 0 0 43.96462096457873 54.34340774902162 -10.3787867844429
