totalLogLikelihoodDensity totalLogPriorDensity H1NoiseLogPriorDensity L1NoiseLogPriorDensity gwLogPriorDensity gwExtrinsicLogPriorDensityTracker gwCbcLogPriorDensityTracker
194.1934190418146 44.20218721888833 0 0 44.20218721888833 54.58097400333123 -10.3787867844429
318.0240383008922 44.09521409535402 0 0 44.09521409535402 54.47400087979692 -10.3787867844429
318.0240383008922 44.09521409535402 0 0 44.09521409535402 54.47400087979692 -10.3787867844429
318.0240383008922 44.09521409535402 0 0 44.09521409535402 54.47400087979692 -10.3787867844429
318.0240383008922 44.09521409535402 0 0 44.09521409535402 54.47400087979692 -10.3787867844429
318.0240383008922 44.09521409535402 0 0 44.09521409535402 54.47400087979692 -10.3787867844429
318.0240383008922 44.09521409535402 0 0 44.09521409535402 54.47400087979692 -10.3787867844429
318.0240383008922 44.09521409535402 0 0 44.09521409535402 54.47400087979692 -10.3787867844429
318.0240383008922 44.09521409535402 0 0 44.09521409535402 54.47400087979692 -10.3787867844429
318.0240383008922 44.09521409535402 0 0 44.09521409535402 54.47400087979692 -10.3787867844429
318.0240383008922 44.09521409535402 0 0 44.09521409535402 54.47400087979692 -10.3787867844429
318.0240383008922 44.09521409535402 0 0 44.09521409535402 54.47400087979692 -10.3787867844429
318.0240383008922 44.09521409535402 0 0 44.09521409535402 54.47400087979692 -10.3787867844429
318.0240383008922 44.09521409535402 0 0 44.09521409535402 54.47400087979692 -10.3787867844429
318.0240383008922 44.09521409535402 0 0 44.09521409535402 54.47400087979692 -10.3787867844429
326.1130774576029 44.13976371369164 0 0 44.13976371369164 54.51855049813454 -10.3787867844429
327.6906650698885 44.20702596385667 0 0 44.20702596385667 54.58581274829957 -10.3787867844429
327.6906650698885 44.20702596385667 0 0 44.20702596385667 54.58581274829957 -10.3787867844429
327.6906650698885 44.20702596385667 0 0 44.20702596385667 54.58581274829957 -10.3787867844429
327.6906650698885 44.20702596385667 0 0 44.20702596385667 54.58581274829957 -10.3787867844429
327.6906650698885 44.20702596385667 0 0 44.20702596385667 54.58581274829957 -10.3787867844429
327.6906650698885 44.20702596385667 0 0 44.20702596385667 54.58581274829957 -10.3787867844429
327.6906650698885 44.20702596385667 0 0 44.20702596385667 54.58581274829957 -10.3787867844429
327.6906650698885 44.20702596385667 0 0 44.20702596385667 54.58581274829957 -10.3787867844429
327.6906650698885 44.20702596385667 0 0 44.20702596385667 54.58581274829957 -10.3787867844429
327.6906650698885 44.20702596385667 0 0 44.20702596385667 54.58581274829957 -10.3787867844429
327.6906650698885 44.20702596385667 0 0 44.20702596385667 54.58581274829957 -10.3787867844429
327.6906650698885 44.20702596385667 0 0 44.20702596385667 54.58581274829957 -10.3787867844429
327.6906650698885 44.20702596385667 0 0 44.20702596385667 54.58581274829957 -10.3787867844429
327.6906650698885 44.20702596385667 0 0 44.20702596385667 54.58581274829957 -10.3787867844429
327.6906650698885 44.20702596385667 0 0 44.20702596385667 54.58581274829957 -10.3787867844429
327.6906650698885 44.20702596385667 0 0 44.20702596385667 54.58581274829957 -10.3787867844429
327.6906650698885 44.20702596385667 0 0 44.20702596385667 54.58581274829957 -10.3787867844429
327.6906650698885 44.20702596385667 0 0 44.20702596385667 54.58581274829957 -10.3787867844429
327.6906650698885 44.20702596385667 0 0 44.20702596385667 54.58581274829957 -10.3787867844429
327.6906650698885 44.20702596385667 0 0 44.20702596385667 54.58581274829957 -10.3787867844429
327.6906650698885 44.20702596385667 0 0 44.20702596385667 54.58581274829957 -10.3787867844429
327.6906650698885 44.20702596385667 0 0 44.20702596385667 54.58581274829957 -10.3787867844429
327.6906650698885 44.20702596385667 0 0 44.20702596385667 54.58581274829957 -10.3787867844429
327.6906650698885 44.20702596385667 0 0 44.20702596385667 54.58581274829957 -10.3787867844429
327.6906650698885 44.20702596385667 0 0 44.20702596385667 54.58581274829957 -10.3787867844429
327.6906650698885 44.20702596385667 0 0 44.20702596385667 54.58581274829957 -10.3787867844429
327.6906650698885 44.20702596385667 0 0 44.20702596385667 54.58581274829957 -10.3787867844429
327.6906650698885 44.20702596385667 0 0 44.20702596385667 54.58581274829957 -10.3787867844429
327.6906650698885 44.20702596385667 0 0 44.20702596385667 54.58581274829957 -10.3787867844429
327.6906650698885 44.20702596385667 0 0 44.20702596385667 54.58581274829957 -10.3787867844429
329.5232237874017 44.19356044500769 0 0 44.19356044500769 54.57234722945059 -10.3787867844429
329.5232237874017 44.19356044500769 0 0 44.19356044500769 54.57234722945059 -10.3787867844429
329.5232237874017 44.19356044500769 0 0 44.19356044500769 54.57234722945059 -10.3787867844429
329.5232237874017 44.19356044500769 0 0 44.19356044500769 54.57234722945059 -10.3787867844429
329.5232237874017 44.19356044500769 0 0 44.19356044500769 54.57234722945059 -10.3787867844429
329.5232237874017 44.19356044500769 0 0 44.19356044500769 54.57234722945059 -10.3787867844429
329.5232237874017 44.19356044500769 0 0 44.19356044500769 54.57234722945059 -10.3787867844429
329.5232237874017 44.19356044500769 0 0 44.19356044500769 54.57234722945059 -10.3787867844429
329.5232237874017 44.19356044500769 0 0 44.19356044500769 54.57234722945059 -10.3787867844429
329.5232237874017 44.19356044500769 0 0 44.19356044500769 54.57234722945059 -10.3787867844429
329.5232237874017 44.19356044500769 0 0 44.19356044500769 54.57234722945059 -10.3787867844429
329.5232237874017 44.19356044500769 0 0 44.19356044500769 54.57234722945059 -10.3787867844429
329.5232237874017 44.19356044500769 0 0 44.19356044500769 54.57234722945059 -10.3787867844429
329.5232237874017 44.19356044500769 0 0 44.19356044500769 54.57234722945059 -10.3787867844429
329.5232237874017 44.19356044500769 0 0 44.19356044500769 54.57234722945059 -10.3787867844429
329.5232237874017 44.19356044500769 0 0 44.19356044500769 54.57234722945059 -10.3787867844429
329.5232237874017 44.19356044500769 0 0 44.19356044500769 54.57234722945059 -10.3787867844429
329.5232237874017 44.19356044500769 0 0 44.19356044500769 54.57234722945059 -10.3787867844429
329.5232237874017 44.19356044500769 0 0 44.19356044500769 54.57234722945059 -10.3787867844429
329.5232237874017 44.19356044500769 0 0 44.19356044500769 54.57234722945059 -10.3787867844429
329.5232237874017 44.19356044500769 0 0 44.19356044500769 54.57234722945059 -10.3787867844429
331.8833005483642 44.1770288649501 0 0 44.1770288649501 54.555815649393 -10.3787867844429
331.8833005483642 44.1770288649501 0 0 44.1770288649501 54.555815649393 -10.3787867844429
331.8833005483642 44.1770288649501 0 0 44.1770288649501 54.555815649393 -10.3787867844429
331.2448238155252 44.02541595015769 0 0 44.02541595015769 54.4042027346006 -10.3787867844429
331.2448238155252 44.02541595015769 0 0 44.02541595015769 54.4042027346006 -10.3787867844429
331.2448238155252 44.02541595015769 0 0 44.02541595015769 54.4042027346006 -10.3787867844429
331.2448238155252 44.02541595015769 0 0 44.02541595015769 54.4042027346006 -10.3787867844429
331.2448238155252 44.02541595015769 0 0 44.02541595015769 54.4042027346006 -10.3787867844429
331.2448238155252 44.02541595015769 0 0 44.02541595015769 54.4042027346006 -10.3787867844429
331.2448238155252 44.02541595015769 0 0 44.02541595015769 54.4042027346006 -10.3787867844429
331.2448238155252 44.02541595015769 0 0 44.02541595015769 54.4042027346006 -10.3787867844429
331.2448238155252 44.02541595015769 0 0 44.02541595015769 54.4042027346006 -10.3787867844429
331.2448238155252 44.02541595015769 0 0 44.02541595015769 54.4042027346006 -10.3787867844429
331.2448238155252 44.02541595015769 0 0 44.02541595015769 54.4042027346006 -10.3787867844429
331.2448238155252 44.02541595015769 0 0 44.02541595015769 54.4042027346006 -10.3787867844429
331.2448238155252 44.02541595015769 0 0 44.02541595015769 54.4042027346006 -10.3787867844429
331.2448238155252 44.02541595015769 0 0 44.02541595015769 54.4042027346006 -10.3787867844429
331.2448238155252 44.02541595015769 0 0 44.02541595015769 54.4042027346006 -10.3787867844429
331.2448238155252 44.02541595015769 0 0 44.02541595015769 54.4042027346006 -10.3787867844429
331.2448238155252 44.02541595015769 0 0 44.02541595015769 54.4042027346006 -10.3787867844429
331.2448238155252 44.02541595015769 0 0 44.02541595015769 54.4042027346006 -10.3787867844429
331.2448238155252 44.02541595015769 0 0 44.02541595015769 54.4042027346006 -10.3787867844429
331.2448238155252 44.02541595015769 0 0 44.02541595015769 54.4042027346006 -10.3787867844429
331.2448238155252 44.02541595015769 0 0 44.02541595015769 54.4042027346006 -10.3787867844429
332.8783487398533 44.06578468256969 0 0 44.06578468256969 54.44457146701258 -10.3787867844429
332.9265321301282 43.93666422666706 0 0 43.93666422666706 54.31545101110996 -10.3787867844429
332.9265321301282 43.93666422666706 0 0 43.93666422666706 54.31545101110996 -10.3787867844429
332.9265321301282 43.93666422666706 0 0 43.93666422666706 54.31545101110996 -10.3787867844429
332.9265321301282 43.93666422666706 0 0 43.93666422666706 54.31545101110996 -10.3787867844429
332.9265321301282 43.93666422666706 0 0 43.93666422666706 54.31545101110996 -10.3787867844429
332.9265321301282 43.93666422666706 0 0 43.93666422666706 54.31545101110996 -10.3787867844429
332.9265321301282 43.93666422666706 0 0 43.93666422666706 54.31545101110996 -10.3787867844429
332.9265321301282 43.93666422666706 0 0 43.93666422666706 54.31545101110996 -10.3787867844429
332.9265321301282 43.93666422666706 0 0 43.93666422666706 54.31545101110996 -10.3787867844429
332.9265321301282 43.93666422666706 0 0 43.93666422666706 54.31545101110996 -10.3787867844429
332.9265321301282 43.93666422666706 0 0 43.93666422666706 54.31545101110996 -10.3787867844429
332.9265321301282 43.93666422666706 0 0 43.93666422666706 54.31545101110996 -10.3787867844429
333.2687544700679 43.89460469510215 0 0 43.89460469510215 54.27339147954505 -10.3787867844429
333.4945236228691 43.79307266118769 0 0 43.79307266118769 54.17185944563059 -10.3787867844429
333.6315781521032 43.64882444535718 0 0 43.64882444535718 54.02761122980007 -10.3787867844429
334.3511804797971 43.65499298110957 0 0 43.65499298110957 54.03377976555247 -10.3787867844429
334.107171402108 43.67121210474542 0 0 43.67121210474542 54.04999888918832 -10.3787867844429
334.9368625233331 43.65735212960072 0 0 43.65735212960072 54.03613891404362 -10.3787867844429
334.9368625233331 43.65735212960072 0 0 43.65735212960072 54.03613891404362 -10.3787867844429
334.9368625233331 43.65735212960072 0 0 43.65735212960072 54.03613891404362 -10.3787867844429
334.9368625233331 43.65735212960072 0 0 43.65735212960072 54.03613891404362 -10.3787867844429
334.9368625233331 43.65735212960072 0 0 43.65735212960072 54.03613891404362 -10.3787867844429
334.9368625233331 43.65735212960072 0 0 43.65735212960072 54.03613891404362 -10.3787867844429
334.9368625233331 43.65735212960072 0 0 43.65735212960072 54.03613891404362 -10.3787867844429
334.9368625233331 43.65735212960072 0 0 43.65735212960072 54.03613891404362 -10.3787867844429
334.9368625233331 43.65735212960072 0 0 43.65735212960072 54.03613891404362 -10.3787867844429
334.9368625233331 43.65735212960072 0 0 43.65735212960072 54.03613891404362 -10.3787867844429
335.1951261558127 43.6755747257838 0 0 43.6755747257838 54.0543615102267 -10.3787867844429
335.1951261558127 43.6755747257838 0 0 43.6755747257838 54.0543615102267 -10.3787867844429
335.1951261558127 43.6755747257838 0 0 43.6755747257838 54.0543615102267 -10.3787867844429
335.1951261558127 43.6755747257838 0 0 43.6755747257838 54.0543615102267 -10.3787867844429
335.1951261558127 43.6755747257838 0 0 43.6755747257838 54.0543615102267 -10.3787867844429
335.1951261558127 43.6755747257838 0 0 43.6755747257838 54.0543615102267 -10.3787867844429
335.1951261558127 43.6755747257838 0 0 43.6755747257838 54.0543615102267 -10.3787867844429
335.1951261558127 43.6755747257838 0 0 43.6755747257838 54.0543615102267 -10.3787867844429
335.1951261558127 43.6755747257838 0 0 43.6755747257838 54.0543615102267 -10.3787867844429
335.1951261558127 43.6755747257838 0 0 43.6755747257838 54.0543615102267 -10.3787867844429
335.1951261558127 43.6755747257838 0 0 43.6755747257838 54.0543615102267 -10.3787867844429
335.1951261558127 43.6755747257838 0 0 43.6755747257838 54.0543615102267 -10.3787867844429
335.1951261558127 43.6755747257838 0 0 43.6755747257838 54.0543615102267 -10.3787867844429
335.1951261558127 43.6755747257838 0 0 43.6755747257838 54.0543615102267 -10.3787867844429
336.1777853623736 43.41448522490053 0 0 43.41448522490053 53.79327200934343 -10.3787867844429
336.1777853623736 43.41448522490053 0 0 43.41448522490053 53.79327200934343 -10.3787867844429
336.1777853623736 43.41448522490053 0 0 43.41448522490053 53.79327200934343 -10.3787867844429
336.1777853623736 43.41448522490053 0 0 43.41448522490053 53.79327200934343 -10.3787867844429
336.1777853623736 43.41448522490053 0 0 43.41448522490053 53.79327200934343 -10.3787867844429
336.1777853623736 43.41448522490053 0 0 43.41448522490053 53.79327200934343 -10.3787867844429
336.2385226640869 43.29910485664161 0 0 43.29910485664161 53.6778916410845 -10.3787867844429
336.3098518903128 43.30334031423642 0 0 43.30334031423642 53.68212709867932 -10.3787867844429
336.3098518903128 43.30334031423642 0 0 43.30334031423642 53.68212709867932 -10.3787867844429
336.219629351062 43.37569811755768 0 0 43.37569811755768 53.75448490200057 -10.3787867844429
336.1518120876178 43.39413301921914 0 0 43.39413301921914 53.77291980366203 -10.3787867844429
336.1518120876178 43.39413301921914 0 0 43.39413301921914 53.77291980366203 -10.3787867844429
336.1616501528605 43.35542670601887 0 0 43.35542670601887 53.73421349046178 -10.3787867844429
336.1616501528605 43.35542670601887 0 0 43.35542670601887 53.73421349046178 -10.3787867844429
336.1616501528605 43.35542670601887 0 0 43.35542670601887 53.73421349046178 -10.3787867844429
336.1616501528605 43.35542670601887 0 0 43.35542670601887 53.73421349046178 -10.3787867844429
336.1616501528605 43.35542670601887 0 0 43.35542670601887 53.73421349046178 -10.3787867844429
336.0353489052041 43.38873071181517 0 0 43.38873071181517 53.76751749625807 -10.3787867844429
336.0353489052041 43.38873071181517 0 0 43.38873071181517 53.76751749625807 -10.3787867844429
336.0353489052041 43.38873071181517 0 0 43.38873071181517 53.76751749625807 -10.3787867844429
336.0353489052041 43.38873071181517 0 0 43.38873071181517 53.76751749625807 -10.3787867844429
336.0353489052041 43.38873071181517 0 0 43.38873071181517 53.76751749625807 -10.3787867844429
336.0353489052041 43.38873071181517 0 0 43.38873071181517 53.76751749625807 -10.3787867844429
336.0353489052041 43.38873071181517 0 0 43.38873071181517 53.76751749625807 -10.3787867844429
336.0353489052041 43.38873071181517 0 0 43.38873071181517 53.76751749625807 -10.3787867844429
336.0353489052041 43.38873071181517 0 0 43.38873071181517 53.76751749625807 -10.3787867844429
336.107555956091 43.35988484940977 0 0 43.35988484940977 53.73867163385267 -10.3787867844429
336.107555956091 43.35988484940977 0 0 43.35988484940977 53.73867163385267 -10.3787867844429
336.107555956091 43.35988484940977 0 0 43.35988484940977 53.73867163385267 -10.3787867844429
336.0875588949079 43.34228275779981 0 0 43.34228275779981 53.7210695422427 -10.3787867844429
336.0875588949079 43.34228275779981 0 0 43.34228275779981 53.7210695422427 -10.3787867844429
336.0632677435645 43.3355974398081 0 0 43.3355974398081 53.71438422425099 -10.3787867844429
336.0632677435645 43.3355974398081 0 0 43.3355974398081 53.71438422425099 -10.3787867844429
335.7195997439576 43.37165763403723 0 0 43.37165763403723 53.75044441848014 -10.3787867844429
335.7195997439576 43.37165763403723 0 0 43.37165763403723 53.75044441848014 -10.3787867844429
335.7195997439576 43.37165763403723 0 0 43.37165763403723 53.75044441848014 -10.3787867844429
335.7195997439576 43.37165763403723 0 0 43.37165763403723 53.75044441848014 -10.3787867844429
335.7195997439576 43.37165763403723 0 0 43.37165763403723 53.75044441848014 -10.3787867844429
335.7195997439576 43.37165763403723 0 0 43.37165763403723 53.75044441848014 -10.3787867844429
335.6989568883203 43.39560097765006 0 0 43.39560097765006 53.77438776209296 -10.3787867844429
336.0295153051967 43.26644755690079 0 0 43.26644755690079 53.64523434134369 -10.3787867844429
336.0295153051967 43.26644755690079 0 0 43.26644755690079 53.64523434134369 -10.3787867844429
336.2175847118789 43.28403266749137 0 0 43.28403266749137 53.66281945193428 -10.3787867844429
336.3967225427911 43.2859613653354 0 0 43.2859613653354 53.66474814977829 -10.3787867844429
336.3967225427911 43.2859613653354 0 0 43.2859613653354 53.66474814977829 -10.3787867844429
336.3967225427911 43.2859613653354 0 0 43.2859613653354 53.66474814977829 -10.3787867844429
336.3967225427911 43.2859613653354 0 0 43.2859613653354 53.66474814977829 -10.3787867844429
336.3967225427911 43.2859613653354 0 0 43.2859613653354 53.66474814977829 -10.3787867844429
336.3967225427911 43.2859613653354 0 0 43.2859613653354 53.66474814977829 -10.3787867844429
337.060094338217 42.89729669677084 0 0 42.89729669677084 53.27608348121373 -10.3787867844429
337.060094338217 42.89729669677084 0 0 42.89729669677084 53.27608348121373 -10.3787867844429
337.060094338217 42.89729669677084 0 0 42.89729669677084 53.27608348121373 -10.3787867844429
337.060094338217 42.89729669677084 0 0 42.89729669677084 53.27608348121373 -10.3787867844429
337.060094338217 42.89729669677084 0 0 42.89729669677084 53.27608348121373 -10.3787867844429
337.060094338217 42.89729669677084 0 0 42.89729669677084 53.27608348121373 -10.3787867844429
337.060094338217 42.89729669677084 0 0 42.89729669677084 53.27608348121373 -10.3787867844429
337.060094338217 42.89729669677084 0 0 42.89729669677084 53.27608348121373 -10.3787867844429
337.060094338217 42.89729669677084 0 0 42.89729669677084 53.27608348121373 -10.3787867844429
337.060094338217 42.89729669677084 0 0 42.89729669677084 53.27608348121373 -10.3787867844429
337.1615400952082 42.86945195301944 0 0 42.86945195301944 53.24823873746234 -10.3787867844429
337.1615400952082 42.86945195301944 0 0 42.86945195301944 53.24823873746234 -10.3787867844429
337.1781055678896 42.82652294728578 0 0 42.82652294728578 53.20530973172868 -10.3787867844429
337.1624099170066 42.83191112555795 0 0 42.83191112555795 53.21069791000085 -10.3787867844429
337.2272884087049 42.87234592443419 0 0 42.87234592443419 53.25113270887708 -10.3787867844429
337.1835185822913 42.91572324216017 0 0 42.91572324216017 53.29451002660306 -10.3787867844429
337.135239139498 42.89827025050234 0 0 42.89827025050234 53.27705703494524 -10.3787867844429
337.1484689456422 42.86184559834793 0 0 42.86184559834793 53.24063238279083 -10.3787867844429
337.1756480099076 42.82772339839369 0 0 42.82772339839369 53.20651018283658 -10.3787867844429
337.0469369352807 42.85192869623053 0 0 42.85192869623053 53.23071548067342 -10.3787867844429
337.0712486502844 42.92633398886359 0 0 42.92633398886359 53.30512077330649 -10.3787867844429
337.2157805775527 42.88490802027815 0 0 42.88490802027815 53.26369480472104 -10.3787867844429
337.2368811073125 42.85007326517551 0 0 42.85007326517551 53.2288600496184 -10.3787867844429
337.21767822391 42.79591259718286 0 0 42.79591259718286 53.17469938162576 -10.3787867844429
337.2544436346109 42.79038030504999 0 0 42.79038030504999 53.16916708949289 -10.3787867844429
337.2802107247537 42.8332739318007 0 0 42.8332739318007 53.21206071624361 -10.3787867844429
337.1971947396516 42.85182028880757 0 0 42.85182028880757 53.23060707325047 -10.3787867844429
337.2106580369184 42.91555512933408 0 0 42.91555512933408 53.29434191377698 -10.3787867844429
337.2106580369184 42.91555512933408 0 0 42.91555512933408 53.29434191377698 -10.3787867844429
337.2490508694659 42.83699365610069 0 0 42.83699365610069 53.21578044054359 -10.3787867844429
337.2617789334122 42.83275158762238 0 0 42.83275158762238 53.21153837206528 -10.3787867844429
337.3192189709529 42.85371902238786 0 0 42.85371902238786 53.23250580683077 -10.3787867844429
337.4428619678498 42.79543719129499 0 0 42.79543719129499 53.1742239757379 -10.3787867844429
337.4428619678498 42.79543719129499 0 0 42.79543719129499 53.1742239757379 -10.3787867844429
337.4428619678498 42.79543719129499 0 0 42.79543719129499 53.1742239757379 -10.3787867844429
337.3831739707624 42.83930978734985 0 0 42.83930978734985 53.21809657179274 -10.3787867844429
337.3831739707624 42.83930978734985 0 0 42.83930978734985 53.21809657179274 -10.3787867844429
337.3831739707624 42.83930978734985 0 0 42.83930978734985 53.21809657179274 -10.3787867844429
337.3831739707624 42.83930978734985 0 0 42.83930978734985 53.21809657179274 -10.3787867844429
337.3383747304385 42.77617525825731 0 0 42.77617525825731 53.15496204270021 -10.3787867844429
337.3383747304385 42.77617525825731 0 0 42.77617525825731 53.15496204270021 -10.3787867844429
337.3383747304385 42.77617525825731 0 0 42.77617525825731 53.15496204270021 -10.3787867844429
337.3383747304385 42.77617525825731 0 0 42.77617525825731 53.15496204270021 -10.3787867844429
337.3383747304385 42.77617525825731 0 0 42.77617525825731 53.15496204270021 -10.3787867844429
337.3561825949089 42.73667680987441 0 0 42.73667680987441 53.11546359431731 -10.3787867844429
337.3561825949089 42.73667680987441 0 0 42.73667680987441 53.11546359431731 -10.3787867844429
337.4311019997532 42.79983664087381 0 0 42.79983664087381 53.1786234253167 -10.3787867844429
337.2543656263127 42.69567542562081 0 0 42.69567542562081 53.07446221006371 -10.3787867844429
336.7858584533301 42.71145731577019 0 0 42.71145731577019 53.09024410021309 -10.3787867844429
337.2080234461407 42.76218619721516 0 0 42.76218619721516 53.14097298165805 -10.3787867844429
337.2080234461407 42.76218619721516 0 0 42.76218619721516 53.14097298165805 -10.3787867844429
337.5409154606226 42.80851275090403 0 0 42.80851275090403 53.18729953534693 -10.3787867844429
337.5409154606226 42.80851275090403 0 0 42.80851275090403 53.18729953534693 -10.3787867844429
338.2346986469011 42.81847357816694 0 0 42.81847357816694 53.19726036260985 -10.3787867844429
338.2346986469011 42.81847357816694 0 0 42.81847357816694 53.19726036260985 -10.3787867844429
338.2346986469011 42.81847357816694 0 0 42.81847357816694 53.19726036260985 -10.3787867844429
338.2346986469011 42.81847357816694 0 0 42.81847357816694 53.19726036260985 -10.3787867844429
338.2346986469011 42.81847357816694 0 0 42.81847357816694 53.19726036260985 -10.3787867844429
338.2346986469011 42.81847357816694 0 0 42.81847357816694 53.19726036260985 -10.3787867844429
338.3355293630081 42.72202794717232 0 0 42.72202794717232 53.10081473161522 -10.3787867844429
338.469746662871 42.68240026910372 0 0 42.68240026910372 53.06118705354663 -10.3787867844429
338.3558470371163 42.61659667590661 0 0 42.61659667590661 52.9953834603495 -10.3787867844429
338.3558470371163 42.61659667590661 0 0 42.61659667590661 52.9953834603495 -10.3787867844429
338.3558470371163 42.61659667590661 0 0 42.61659667590661 52.9953834603495 -10.3787867844429
338.3391313780984 42.59159083424159 0 0 42.59159083424159 52.97037761868448 -10.3787867844429
338.3391313780984 42.59159083424159 0 0 42.59159083424159 52.97037761868448 -10.3787867844429
338.3391313780984 42.59159083424159 0 0 42.59159083424159 52.97037761868448 -10.3787867844429
337.8442645179225 42.56150191678819 0 0 42.56150191678819 52.94028870123109 -10.3787867844429
337.7064364990233 42.60322073759735 0 0 42.60322073759735 52.98200752204026 -10.3787867844429
337.7064364990233 42.60322073759735 0 0 42.60322073759735 52.98200752204026 -10.3787867844429
337.7064364990233 42.60322073759735 0 0 42.60322073759735 52.98200752204026 -10.3787867844429
337.7064364990233 42.60322073759735 0 0 42.60322073759735 52.98200752204026 -10.3787867844429
337.7064364990233 42.60322073759735 0 0 42.60322073759735 52.98200752204026 -10.3787867844429
337.7064364990233 42.60322073759735 0 0 42.60322073759735 52.98200752204026 -10.3787867844429
337.7064364990233 42.60322073759735 0 0 42.60322073759735 52.98200752204026 -10.3787867844429
337.7064364990233 42.60322073759735 0 0 42.60322073759735 52.98200752204026 -10.3787867844429
337.7064364990233 42.60322073759735 0 0 42.60322073759735 52.98200752204026 -10.3787867844429
337.5402313278591 42.77305718049693 0 0 42.77305718049693 53.15184396493984 -10.3787867844429
337.5402313278591 42.77305718049693 0 0 42.77305718049693 53.15184396493984 -10.3787867844429
338.1855847437758 42.734012371487 0 0 42.734012371487 53.11279915592989 -10.3787867844429
338.1855847437758 42.734012371487 0 0 42.734012371487 53.11279915592989 -10.3787867844429
338.2098780994988 42.6849545886877 0 0 42.6849545886877 53.0637413731306 -10.3787867844429
338.2098780994988 42.6849545886877 0 0 42.6849545886877 53.0637413731306 -10.3787867844429
338.2098780994988 42.6849545886877 0 0 42.6849545886877 53.0637413731306 -10.3787867844429
338.2098780994988 42.6849545886877 0 0 42.6849545886877 53.0637413731306 -10.3787867844429
338.2098780994988 42.6849545886877 0 0 42.6849545886877 53.0637413731306 -10.3787867844429
338.2098780994988 42.6849545886877 0 0 42.6849545886877 53.0637413731306 -10.3787867844429
338.2098780994988 42.6849545886877 0 0 42.6849545886877 53.0637413731306 -10.3787867844429
338.2098780994988 42.6849545886877 0 0 42.6849545886877 53.0637413731306 -10.3787867844429
338.2054266107993 42.68268310325307 0 0 42.68268310325307 53.06146988769597 -10.3787867844429
338.1957154633044 42.69006857866256 0 0 42.69006857866256 53.06885536310546 -10.3787867844429
338.1957154633044 42.69006857866256 0 0 42.69006857866256 53.06885536310546 -10.3787867844429
338.2914016210341 42.64419029084982 0 0 42.64419029084982 53.02297707529272 -10.3787867844429
338.2775969677898 42.65331059028462 0 0 42.65331059028462 53.03209737472751 -10.3787867844429
338.2775969677898 42.65331059028462 0 0 42.65331059028462 53.03209737472751 -10.3787867844429
338.2961358675899 42.61244867735861 0 0 42.61244867735861 52.99123546180152 -10.3787867844429
338.2713687149477 42.6189363073577 0 0 42.6189363073577 52.99772309180059 -10.3787867844429
338.2995831364719 42.58413654931523 0 0 42.58413654931523 52.96292333375813 -10.3787867844429
338.2995831364719 42.58413654931523 0 0 42.58413654931523 52.96292333375813 -10.3787867844429
338.2896211602799 42.66806352020551 0 0 42.66806352020551 53.04685030464841 -10.3787867844429
338.3419853262968 42.6648570401542 0 0 42.6648570401542 53.0436438245971 -10.3787867844429
338.381297039612 42.74443763240198 0 0 42.74443763240198 53.12322441684488 -10.3787867844429
338.381297039612 42.74443763240198 0 0 42.74443763240198 53.12322441684488 -10.3787867844429
338.5022965720803 42.81743883193592 0 0 42.81743883193592 53.19622561637881 -10.3787867844429
338.5022965720803 42.81743883193592 0 0 42.81743883193592 53.19622561637881 -10.3787867844429
338.5183066596052 42.81639451666734 0 0 42.81639451666734 53.19518130111024 -10.3787867844429
338.5388727141228 42.78519269027841 0 0 42.78519269027841 53.1639794747213 -10.3787867844429
338.5527043237888 42.79560469609071 0 0 42.79560469609071 53.1743914805336 -10.3787867844429
338.546641509181 42.81554389855965 0 0 42.81554389855965 53.19433068300255 -10.3787867844429
338.5558734073583 42.84435823312715 0 0 42.84435823312715 53.22314501757005 -10.3787867844429
338.5087696340872 42.8755012561506 0 0 42.8755012561506 53.25428804059349 -10.3787867844429
338.4227323149685 42.8777146172507 0 0 42.8777146172507 53.2565014016936 -10.3787867844429
338.3727648721973 42.92565458846823 0 0 42.92565458846823 53.30444137291113 -10.3787867844429
338.3383702253485 42.94278895096119 0 0 42.94278895096119 53.32157573540409 -10.3787867844429
338.3383702253485 42.94278895096119 0 0 42.94278895096119 53.32157573540409 -10.3787867844429
338.3383702253485 42.94278895096119 0 0 42.94278895096119 53.32157573540409 -10.3787867844429
338.3383702253485 42.94278895096119 0 0 42.94278895096119 53.32157573540409 -10.3787867844429
338.3383702253485 42.94278895096119 0 0 42.94278895096119 53.32157573540409 -10.3787867844429
338.3383702253485 42.94278895096119 0 0 42.94278895096119 53.32157573540409 -10.3787867844429
338.3535351623883 42.94391211807449 0 0 42.94391211807449 53.32269890251739 -10.3787867844429
338.3120335898657 42.92487040389258 0 0 42.92487040389258 53.30365718833548 -10.3787867844429
338.3120335898657 42.92487040389258 0 0 42.92487040389258 53.30365718833548 -10.3787867844429
338.3549201369065 42.92279280654166 0 0 42.92279280654166 53.30157959098457 -10.3787867844429
338.3665887398608 42.97475579867725 0 0 42.97475579867725 53.35354258312015 -10.3787867844429
338.4141626399843 42.94822248684423 0 0 42.94822248684423 53.32700927128712 -10.3787867844429
338.4134387269457 42.96681016066904 0 0 42.96681016066904 53.34559694511194 -10.3787867844429
338.4341511904508 42.95210175788144 0 0 42.95210175788144 53.33088854232434 -10.3787867844429
338.428853085696 42.93865664693524 0 0 42.93865664693524 53.31744343137814 -10.3787867844429
338.4717996151968 42.92613675138782 0 0 42.92613675138782 53.30492353583071 -10.3787867844429
338.5188903158171 42.96784914711304 0 0 42.96784914711304 53.34663593155594 -10.3787867844429
338.5188903158171 42.96784914711304 0 0 42.96784914711304 53.34663593155594 -10.3787867844429
338.1916941509426 42.9507274939906 0 0 42.9507274939906 53.3295142784335 -10.3787867844429
338.1916941509426 42.9507274939906 0 0 42.9507274939906 53.3295142784335 -10.3787867844429
338.1919813033653 42.93334269742037 0 0 42.93334269742037 53.31212948186327 -10.3787867844429
338.3356555067365 42.90081101886784 0 0 42.90081101886784 53.27959780331074 -10.3787867844429
338.3356555067365 42.90081101886784 0 0 42.90081101886784 53.27959780331074 -10.3787867844429
338.3356555067365 42.90081101886784 0 0 42.90081101886784 53.27959780331074 -10.3787867844429
338.3774061262495 42.91084066642475 0 0 42.91084066642475 53.28962745086764 -10.3787867844429
338.3887142074501 42.9467068752834 0 0 42.9467068752834 53.3254936597263 -10.3787867844429
338.3887142074501 42.9467068752834 0 0 42.9467068752834 53.3254936597263 -10.3787867844429
338.3887142074501 42.9467068752834 0 0 42.9467068752834 53.3254936597263 -10.3787867844429
338.3887142074501 42.9467068752834 0 0 42.9467068752834 53.3254936597263 -10.3787867844429
338.3887142074501 42.9467068752834 0 0 42.9467068752834 53.3254936597263 -10.3787867844429
338.3887142074501 42.9467068752834 0 0 42.9467068752834 53.3254936597263 -10.3787867844429
338.3887142074501 42.9467068752834 0 0 42.9467068752834 53.3254936597263 -10.3787867844429
338.3887142074501 42.9467068752834 0 0 42.9467068752834 53.3254936597263 -10.3787867844429
338.3887142074501 42.9467068752834 0 0 42.9467068752834 53.3254936597263 -10.3787867844429
338.2342571601702 43.00790715332178 0 0 43.00790715332178 53.38669393776468 -10.3787867844429
338.2342571601702 43.00790715332178 0 0 43.00790715332178 53.38669393776468 -10.3787867844429
338.2342571601702 43.00790715332178 0 0 43.00790715332178 53.38669393776468 -10.3787867844429
338.2232928627004 43.06510562937292 0 0 43.06510562937292 53.44389241381582 -10.3787867844429
338.0865848007753 43.03231169529982 0 0 43.03231169529982 53.41109847974273 -10.3787867844429
338.2398159777837 43.05104812932844 0 0 43.05104812932844 53.42983491377134 -10.3787867844429
338.222119408127 42.97228841770574 0 0 42.97228841770574 53.35107520214864 -10.3787867844429
338.2685608190961 43.01026760700681 0 0 43.01026760700681 53.3890543914497 -10.3787867844429
338.2685608190961 43.01026760700681 0 0 43.01026760700681 53.3890543914497 -10.3787867844429
338.1950185781139 43.01267666260723 0 0 43.01267666260723 53.39146344705014 -10.3787867844429
338.1950185781139 43.01267666260723 0 0 43.01267666260723 53.39146344705014 -10.3787867844429
338.2995444417772 43.0259326585747 0 0 43.0259326585747 53.4047194430176 -10.3787867844429
338.2995444417772 43.0259326585747 0 0 43.0259326585747 53.4047194430176 -10.3787867844429
338.593698203694 42.99258252569655 0 0 42.99258252569655 53.37136931013945 -10.3787867844429
338.593698203694 42.99258252569655 0 0 42.99258252569655 53.37136931013945 -10.3787867844429
338.593698203694 42.99258252569655 0 0 42.99258252569655 53.37136931013945 -10.3787867844429
338.593698203694 42.99258252569655 0 0 42.99258252569655 53.37136931013945 -10.3787867844429
338.5610157124888 43.02416373167361 0 0 43.02416373167361 53.40295051611651 -10.3787867844429
338.5610157124888 43.02416373167361 0 0 43.02416373167361 53.40295051611651 -10.3787867844429
338.4963558998596 42.94185880331857 0 0 42.94185880331857 53.32064558776147 -10.3787867844429
338.6453790097416 42.92432690242251 0 0 42.92432690242251 53.30311368686541 -10.3787867844429
338.6227961026802 42.95939742802278 0 0 42.95939742802278 53.33818421246568 -10.3787867844429
338.6227961026802 42.95939742802278 0 0 42.95939742802278 53.33818421246568 -10.3787867844429
338.5978138695682 42.94597856768706 0 0 42.94597856768706 53.32476535212996 -10.3787867844429
338.6008556086678 42.95185901051586 0 0 42.95185901051586 53.33064579495876 -10.3787867844429
338.6177337742461 42.93196242580544 0 0 42.93196242580544 53.31074921024833 -10.3787867844429
338.6054919395048 42.93186893270982 0 0 42.93186893270982 53.31065571715271 -10.3787867844429
338.6054919395048 42.93186893270982 0 0 42.93186893270982 53.31065571715271 -10.3787867844429
338.2711973435141 42.99881400551192 0 0 42.99881400551192 53.37760078995481 -10.3787867844429
338.0672263134607 42.95179748128838 0 0 42.95179748128838 53.33058426573128 -10.3787867844429
337.9998209554393 42.89480860904094 0 0 42.89480860904094 53.27359539348383 -10.3787867844429
337.9998209554393 42.89480860904094 0 0 42.89480860904094 53.27359539348383 -10.3787867844429
338.1086567769548 42.89019927582157 0 0 42.89019927582157 53.26898606026447 -10.3787867844429
338.1086567769548 42.89019927582157 0 0 42.89019927582157 53.26898606026447 -10.3787867844429
338.1086567769548 42.89019927582157 0 0 42.89019927582157 53.26898606026447 -10.3787867844429
338.0908121492215 42.83937089998338 0 0 42.83937089998338 53.21815768442628 -10.3787867844429
338.1186949692471 42.86924455886437 0 0 42.86924455886437 53.24803134330727 -10.3787867844429
338.2225777775099 42.84035614518534 0 0 42.84035614518534 53.21914292962823 -10.3787867844429
338.2927898595578 42.83457228776935 0 0 42.83457228776935 53.21335907221224 -10.3787867844429
338.1944527289875 42.84063013816179 0 0 42.84063013816179 53.21941692260469 -10.3787867844429
338.1910426834409 42.80052009317247 0 0 42.80052009317247 53.17930687761536 -10.3787867844429
338.1577684079934 42.81728496119285 0 0 42.81728496119285 53.19607174563576 -10.3787867844429
338.2007230618813 42.80409085881229 0 0 42.80409085881229 53.18287764325519 -10.3787867844429
338.2007230618813 42.80409085881229 0 0 42.80409085881229 53.18287764325519 -10.3787867844429
338.2007230618813 42.80409085881229 0 0 42.80409085881229 53.18287764325519 -10.3787867844429
338.2128231181258 42.80670149585148 0 0 42.80670149585148 53.18548828029439 -10.3787867844429
338.0507919437829 42.75321503186211 0 0 42.75321503186211 53.13200181630501 -10.3787867844429
338.0507919437829 42.75321503186211 0 0 42.75321503186211 53.13200181630501 -10.3787867844429
338.0507919437829 42.75321503186211 0 0 42.75321503186211 53.13200181630501 -10.3787867844429
338.0507919437829 42.75321503186211 0 0 42.75321503186211 53.13200181630501 -10.3787867844429
338.0507919437829 42.75321503186211 0 0 42.75321503186211 53.13200181630501 -10.3787867844429
338.0507919437829 42.75321503186211 0 0 42.75321503186211 53.13200181630501 -10.3787867844429
337.8788021059355 42.78329814154031 0 0 42.78329814154031 53.16208492598321 -10.3787867844429
337.9316964360877 42.79384180533035 0 0 42.79384180533035 53.17262858977324 -10.3787867844429
337.592370610316 42.79854616606883 0 0 42.79854616606883 53.17733295051173 -10.3787867844429
337.753539703015 42.7970470038929 0 0 42.7970470038929 53.17583378833579 -10.3787867844429
337.753539703015 42.7970470038929 0 0 42.7970470038929 53.17583378833579 -10.3787867844429
337.9512490397002 42.79706685812414 0 0 42.79706685812414 53.17585364256704 -10.3787867844429
338.0027173713014 42.78266156034825 0 0 42.78266156034825 53.16144834479114 -10.3787867844429
338.0027173713014 42.78266156034825 0 0 42.78266156034825 53.16144834479114 -10.3787867844429
338.0608032651396 42.8047315227245 0 0 42.8047315227245 53.18351830716739 -10.3787867844429
338.2763100935552 42.85126756201255 0 0 42.85126756201255 53.23005434645545 -10.3787867844429
338.2281828155697 42.71770515512088 0 0 42.71770515512088 53.09649193956378 -10.3787867844429
338.2022314645275 42.70710776421065 0 0 42.70710776421065 53.08589454865355 -10.3787867844429
338.4429693845763 42.69974369236573 0 0 42.69974369236573 53.07853047680862 -10.3787867844429
338.2234224816449 42.64804664037575 0 0 42.64804664037575 53.02683342481865 -10.3787867844429
338.2234224816449 42.64804664037575 0 0 42.64804664037575 53.02683342481865 -10.3787867844429
338.2234224816449 42.64804664037575 0 0 42.64804664037575 53.02683342481865 -10.3787867844429
338.2234224816449 42.64804664037575 0 0 42.64804664037575 53.02683342481865 -10.3787867844429
338.2234224816449 42.64804664037575 0 0 42.64804664037575 53.02683342481865 -10.3787867844429
338.2234224816449 42.64804664037575 0 0 42.64804664037575 53.02683342481865 -10.3787867844429
338.3762254912803 42.62646055260556 0 0 42.62646055260556 53.00524733704846 -10.3787867844429
338.2436249774354 42.66376947882021 0 0 42.66376947882021 53.04255626326312 -10.3787867844429
338.4182980524185 42.68486839254689 0 0 42.68486839254689 53.06365517698978 -10.3787867844429
338.2815921451316 42.6221491867249 0 0 42.6221491867249 53.0009359711678 -10.3787867844429
338.2815921451316 42.6221491867249 0 0 42.6221491867249 53.0009359711678 -10.3787867844429
338.2815921451316 42.6221491867249 0 0 42.6221491867249 53.0009359711678 -10.3787867844429
338.3919755632534 42.61546543953034 0 0 42.61546543953034 52.99425222397324 -10.3787867844429
338.1641555764816 42.56100841860386 0 0 42.56100841860386 52.93979520304676 -10.3787867844429
338.1641555764816 42.56100841860386 0 0 42.56100841860386 52.93979520304676 -10.3787867844429
338.6284400684328 42.55776483980237 0 0 42.55776483980237 52.93655162424528 -10.3787867844429
338.7362264834934 42.57622450920898 0 0 42.57622450920898 52.95501129365189 -10.3787867844429
338.7362264834934 42.57622450920898 0 0 42.57622450920898 52.95501129365189 -10.3787867844429
338.7360129898391 42.75318053517705 0 0 42.75318053517705 53.13196731961995 -10.3787867844429
338.4604875494119 42.81574676566588 0 0 42.81574676566588 53.19453355010878 -10.3787867844429
338.5439711025649 42.87765997890949 0 0 42.87765997890949 53.25644676335239 -10.3787867844429
338.5439711025649 42.87765997890949 0 0 42.87765997890949 53.25644676335239 -10.3787867844429
338.7467984467622 42.86189514759964 0 0 42.86189514759964 53.24068193204253 -10.3787867844429
338.7660175994488 42.85509111341916 0 0 42.85509111341916 53.23387789786206 -10.3787867844429
338.7660175994488 42.85509111341916 0 0 42.85509111341916 53.23387789786206 -10.3787867844429
338.7915128495868 42.86121267087223 0 0 42.86121267087223 53.23999945531513 -10.3787867844429
338.7851453473012 42.88243105439112 0 0 42.88243105439112 53.26121783883401 -10.3787867844429
338.4954887324067 42.89741701851283 0 0 42.89741701851283 53.27620380295572 -10.3787867844429
338.4954887324067 42.89741701851283 0 0 42.89741701851283 53.27620380295572 -10.3787867844429
338.4954887324067 42.89741701851283 0 0 42.89741701851283 53.27620380295572 -10.3787867844429
338.4602689000983 42.94719600390212 0 0 42.94719600390212 53.32598278834502 -10.3787867844429
338.9312081916706 42.92500292434799 0 0 42.92500292434799 53.30378970879089 -10.3787867844429
338.9312081916706 42.92500292434799 0 0 42.92500292434799 53.30378970879089 -10.3787867844429
338.8133282526347 42.92461962856659 0 0 42.92461962856659 53.30340641300948 -10.3787867844429
338.8718277552973 42.93867850701395 0 0 42.93867850701395 53.31746529145684 -10.3787867844429
338.7812209279409 42.86476058612347 0 0 42.86476058612347 53.24354737056637 -10.3787867844429
338.6814620320512 42.87553241555281 0 0 42.87553241555281 53.25431919999571 -10.3787867844429
338.6814620320512 42.87553241555281 0 0 42.87553241555281 53.25431919999571 -10.3787867844429
338.6814620320512 42.87553241555281 0 0 42.87553241555281 53.25431919999571 -10.3787867844429
338.6814620320512 42.87553241555281 0 0 42.87553241555281 53.25431919999571 -10.3787867844429
338.6814620320512 42.87553241555281 0 0 42.87553241555281 53.25431919999571 -10.3787867844429
338.6814620320512 42.87553241555281 0 0 42.87553241555281 53.25431919999571 -10.3787867844429
338.6438780740963 42.87263331215891 0 0 42.87263331215891 53.25142009660181 -10.3787867844429
338.49006242691 42.87427249001159 0 0 42.87427249001159 53.25305927445449 -10.3787867844429
338.49006242691 42.87427249001159 0 0 42.87427249001159 53.25305927445449 -10.3787867844429
338.49006242691 42.87427249001159 0 0 42.87427249001159 53.25305927445449 -10.3787867844429
338.49006242691 42.87427249001159 0 0 42.87427249001159 53.25305927445449 -10.3787867844429
338.5892179844018 42.89272353478887 0 0 42.89272353478887 53.27151031923177 -10.3787867844429
338.7750937021348 42.89507013527917 0 0 42.89507013527917 53.27385691972207 -10.3787867844429
338.8087473801282 42.88957315873076 0 0 42.88957315873076 53.26835994317366 -10.3787867844429
339.0925046385001 42.48042913643508 0 0 42.48042913643508 52.85921592087797 -10.3787867844429
339.0479466222889 42.49843955318266 0 0 42.49843955318266 52.87722633762556 -10.3787867844429
339.0181104098638 42.48908935515773 0 0 42.48908935515773 52.86787613960063 -10.3787867844429
338.9983030536009 42.51280492006819 0 0 42.51280492006819 52.89159170451109 -10.3787867844429
338.9983030536009 42.51280492006819 0 0 42.51280492006819 52.89159170451109 -10.3787867844429
339.0422302634522 42.50995694192135 0 0 42.50995694192135 52.88874372636424 -10.3787867844429
339.0389300611741 42.51738800124622 0 0 42.51738800124622 52.89617478568911 -10.3787867844429
339.0389300611741 42.51738800124622 0 0 42.51738800124622 52.89617478568911 -10.3787867844429
339.0389300611741 42.51738800124622 0 0 42.51738800124622 52.89617478568911 -10.3787867844429
339.0389300611741 42.51738800124622 0 0 42.51738800124622 52.89617478568911 -10.3787867844429
339.0389300611741 42.51738800124622 0 0 42.51738800124622 52.89617478568911 -10.3787867844429
339.0389300611741 42.51738800124622 0 0 42.51738800124622 52.89617478568911 -10.3787867844429
338.9959927619785 42.57725130732069 0 0 42.57725130732069 52.9560380917636 -10.3787867844429
338.9959927619785 42.57725130732069 0 0 42.57725130732069 52.9560380917636 -10.3787867844429
338.9961563220551 42.61384302045126 0 0 42.61384302045126 52.99262980489416 -10.3787867844429
339.0173259938178 42.56252748100761 0 0 42.56252748100761 52.94131426545051 -10.3787867844429
339.0173259938178 42.56252748100761 0 0 42.56252748100761 52.94131426545051 -10.3787867844429
339.0173259938178 42.56252748100761 0 0 42.56252748100761 52.94131426545051 -10.3787867844429
339.0173259938178 42.56252748100761 0 0 42.56252748100761 52.94131426545051 -10.3787867844429
339.0173259938178 42.56252748100761 0 0 42.56252748100761 52.94131426545051 -10.3787867844429
338.8184998605965 42.64651928273605 0 0 42.64651928273605 53.02530606717895 -10.3787867844429
338.8184998605965 42.64651928273605 0 0 42.64651928273605 53.02530606717895 -10.3787867844429
338.8184998605965 42.64651928273605 0 0 42.64651928273605 53.02530606717895 -10.3787867844429
338.8557701400048 42.66916618479888 0 0 42.66916618479888 53.04795296924178 -10.3787867844429
338.9073318717052 42.68645604224533 0 0 42.68645604224533 53.06524282668823 -10.3787867844429
338.9073318717052 42.68645604224533 0 0 42.68645604224533 53.06524282668823 -10.3787867844429
338.9200769031391 42.58343441057069 0 0 42.58343441057069 52.96222119501359 -10.3787867844429
338.9200769031391 42.58343441057069 0 0 42.58343441057069 52.96222119501359 -10.3787867844429
338.9445288815079 42.53313652296011 0 0 42.53313652296011 52.911923307403 -10.3787867844429
338.9319149103803 42.56325090961194 0 0 42.56325090961194 52.94203769405483 -10.3787867844429
338.9319149103803 42.56325090961194 0 0 42.56325090961194 52.94203769405483 -10.3787867844429
338.9683552778606 42.56773515906502 0 0 42.56773515906502 52.94652194350792 -10.3787867844429
338.953843729097 42.5701074661774 0 0 42.5701074661774 52.9488942506203 -10.3787867844429
338.9221513627095 42.52594688475601 0 0 42.52594688475601 52.90473366919891 -10.3787867844429
338.9221513627095 42.52594688475601 0 0 42.52594688475601 52.90473366919891 -10.3787867844429
338.9278398342047 42.56114056733276 0 0 42.56114056733276 52.93992735177566 -10.3787867844429
338.8887965277867 42.55452486050537 0 0 42.55452486050537 52.93331164494826 -10.3787867844429
338.8125109537774 42.58831576345875 0 0 42.58831576345875 52.96710254790165 -10.3787867844429
338.8594743409947 42.53020735169613 0 0 42.53020735169613 52.90899413613904 -10.3787867844429
338.8594743409947 42.53020735169613 0 0 42.53020735169613 52.90899413613904 -10.3787867844429
338.8626743558665 42.57898572540904 0 0 42.57898572540904 52.95777250985194 -10.3787867844429
338.8623986631429 42.56198843545444 0 0 42.56198843545444 52.94077521989734 -10.3787867844429
338.8623986631429 42.56198843545444 0 0 42.56198843545444 52.94077521989734 -10.3787867844429
338.8623986631429 42.56198843545444 0 0 42.56198843545444 52.94077521989734 -10.3787867844429
338.8623986631429 42.56198843545444 0 0 42.56198843545444 52.94077521989734 -10.3787867844429
338.8623986631429 42.56198843545444 0 0 42.56198843545444 52.94077521989734 -10.3787867844429
338.8623986631429 42.56198843545444 0 0 42.56198843545444 52.94077521989734 -10.3787867844429
338.8623986631429 42.56198843545444 0 0 42.56198843545444 52.94077521989734 -10.3787867844429
338.8694076361272 42.56283578010549 0 0 42.56283578010549 52.94162256454838 -10.3787867844429
337.7707387661725 42.43558302367077 0 0 42.43558302367077 52.81436980811367 -10.3787867844429
337.7707387661725 42.43558302367077 0 0 42.43558302367077 52.81436980811367 -10.3787867844429
337.6563843736872 42.38841532495201 0 0 42.38841532495201 52.7672021093949 -10.3787867844429
338.1726716539068 42.38773928575716 0 0 42.38773928575716 52.76652607020006 -10.3787867844429
338.2273407616548 42.40353705537581 0 0 42.40353705537581 52.78232383981871 -10.3787867844429
338.2273407616548 42.40353705537581 0 0 42.40353705537581 52.78232383981871 -10.3787867844429
338.6436659185347 42.51364142563239 0 0 42.51364142563239 52.89242821007528 -10.3787867844429
338.6593487538462 42.4687040746677 0 0 42.4687040746677 52.84749085911059 -10.3787867844429
