totalLogLikelihoodDensity totalLogPriorDensity H1NoiseLogPriorDensity L1NoiseLogPriorDensity gwLogPriorDensity gwExtrinsicLogPriorDensityTracker gwCbcLogPriorDensityTracker
181.7663577403338 43.33966739931479 0 0 43.33966739931479 53.71845418375769 -10.3787867844429
318.0240383008922 44.09521409535402 0 0 44.09521409535402 54.47400087979692 -10.3787867844429
318.3036006061885 44.10926987495625 0 0 44.10926987495625 54.48805665939915 -10.3787867844429
318.4173642200985 44.10283708077957 0 0 44.10283708077957 54.48162386522247 -10.3787867844429
318.4173642200985 44.10283708077957 0 0 44.10283708077957 54.48162386522247 -10.3787867844429
318.588107584324 44.10351081162234 0 0 44.10351081162234 54.48229759606524 -10.3787867844429
318.588107584324 44.10351081162234 0 0 44.10351081162234 54.48229759606524 -10.3787867844429
318.588107584324 44.10351081162234 0 0 44.10351081162234 54.48229759606524 -10.3787867844429
318.588107584324 44.10351081162234 0 0 44.10351081162234 54.48229759606524 -10.3787867844429
318.588107584324 44.10351081162234 0 0 44.10351081162234 54.48229759606524 -10.3787867844429
318.588107584324 44.10351081162234 0 0 44.10351081162234 54.48229759606524 -10.3787867844429
318.588107584324 44.10351081162234 0 0 44.10351081162234 54.48229759606524 -10.3787867844429
318.588107584324 44.10351081162234 0 0 44.10351081162234 54.48229759606524 -10.3787867844429
318.588107584324 44.10351081162234 0 0 44.10351081162234 54.48229759606524 -10.3787867844429
318.588107584324 44.10351081162234 0 0 44.10351081162234 54.48229759606524 -10.3787867844429
320.392894241403 44.24057294219259 0 0 44.24057294219259 54.61935972663548 -10.3787867844429
320.392894241403 44.24057294219259 0 0 44.24057294219259 54.61935972663548 -10.3787867844429
320.392894241403 44.24057294219259 0 0 44.24057294219259 54.61935972663548 -10.3787867844429
320.392894241403 44.24057294219259 0 0 44.24057294219259 54.61935972663548 -10.3787867844429
320.392894241403 44.24057294219259 0 0 44.24057294219259 54.61935972663548 -10.3787867844429
320.392894241403 44.24057294219259 0 0 44.24057294219259 54.61935972663548 -10.3787867844429
320.392894241403 44.24057294219259 0 0 44.24057294219259 54.61935972663548 -10.3787867844429
320.392894241403 44.24057294219259 0 0 44.24057294219259 54.61935972663548 -10.3787867844429
320.392894241403 44.24057294219259 0 0 44.24057294219259 54.61935972663548 -10.3787867844429
320.392894241403 44.24057294219259 0 0 44.24057294219259 54.61935972663548 -10.3787867844429
320.392894241403 44.24057294219259 0 0 44.24057294219259 54.61935972663548 -10.3787867844429
320.392894241403 44.24057294219259 0 0 44.24057294219259 54.61935972663548 -10.3787867844429
320.392894241403 44.24057294219259 0 0 44.24057294219259 54.61935972663548 -10.3787867844429
320.392894241403 44.24057294219259 0 0 44.24057294219259 54.61935972663548 -10.3787867844429
320.392894241403 44.24057294219259 0 0 44.24057294219259 54.61935972663548 -10.3787867844429
320.392894241403 44.24057294219259 0 0 44.24057294219259 54.61935972663548 -10.3787867844429
320.392894241403 44.24057294219259 0 0 44.24057294219259 54.61935972663548 -10.3787867844429
320.392894241403 44.24057294219259 0 0 44.24057294219259 54.61935972663548 -10.3787867844429
320.392894241403 44.24057294219259 0 0 44.24057294219259 54.61935972663548 -10.3787867844429
320.392894241403 44.24057294219259 0 0 44.24057294219259 54.61935972663548 -10.3787867844429
320.392894241403 44.24057294219259 0 0 44.24057294219259 54.61935972663548 -10.3787867844429
320.392894241403 44.24057294219259 0 0 44.24057294219259 54.61935972663548 -10.3787867844429
320.392894241403 44.24057294219259 0 0 44.24057294219259 54.61935972663548 -10.3787867844429
320.392894241403 44.24057294219259 0 0 44.24057294219259 54.61935972663548 -10.3787867844429
320.392894241403 44.24057294219259 0 0 44.24057294219259 54.61935972663548 -10.3787867844429
320.392894241403 44.24057294219259 0 0 44.24057294219259 54.61935972663548 -10.3787867844429
320.392894241403 44.24057294219259 0 0 44.24057294219259 54.61935972663548 -10.3787867844429
320.392894241403 44.24057294219259 0 0 44.24057294219259 54.61935972663548 -10.3787867844429
320.392894241403 44.24057294219259 0 0 44.24057294219259 54.61935972663548 -10.3787867844429
320.392894241403 44.24057294219259 0 0 44.24057294219259 54.61935972663548 -10.3787867844429
320.392894241403 44.24057294219259 0 0 44.24057294219259 54.61935972663548 -10.3787867844429
320.392894241403 44.24057294219259 0 0 44.24057294219259 54.61935972663548 -10.3787867844429
320.392894241403 44.24057294219259 0 0 44.24057294219259 54.61935972663548 -10.3787867844429
320.392894241403 44.24057294219259 0 0 44.24057294219259 54.61935972663548 -10.3787867844429
320.392894241403 44.24057294219259 0 0 44.24057294219259 54.61935972663548 -10.3787867844429
320.392894241403 44.24057294219259 0 0 44.24057294219259 54.61935972663548 -10.3787867844429
320.392894241403 44.24057294219259 0 0 44.24057294219259 54.61935972663548 -10.3787867844429
320.392894241403 44.24057294219259 0 0 44.24057294219259 54.61935972663548 -10.3787867844429
320.392894241403 44.24057294219259 0 0 44.24057294219259 54.61935972663548 -10.3787867844429
320.392894241403 44.24057294219259 0 0 44.24057294219259 54.61935972663548 -10.3787867844429
320.392894241403 44.24057294219259 0 0 44.24057294219259 54.61935972663548 -10.3787867844429
320.392894241403 44.24057294219259 0 0 44.24057294219259 54.61935972663548 -10.3787867844429
320.392894241403 44.24057294219259 0 0 44.24057294219259 54.61935972663548 -10.3787867844429
320.392894241403 44.24057294219259 0 0 44.24057294219259 54.61935972663548 -10.3787867844429
320.392894241403 44.24057294219259 0 0 44.24057294219259 54.61935972663548 -10.3787867844429
320.392894241403 44.24057294219259 0 0 44.24057294219259 54.61935972663548 -10.3787867844429
320.392894241403 44.24057294219259 0 0 44.24057294219259 54.61935972663548 -10.3787867844429
333.5359129799704 44.06548374124509 0 0 44.06548374124509 54.44427052568799 -10.3787867844429
333.5359129799704 44.06548374124509 0 0 44.06548374124509 54.44427052568799 -10.3787867844429
333.5359129799704 44.06548374124509 0 0 44.06548374124509 54.44427052568799 -10.3787867844429
333.5359129799704 44.06548374124509 0 0 44.06548374124509 54.44427052568799 -10.3787867844429
333.5359129799704 44.06548374124509 0 0 44.06548374124509 54.44427052568799 -10.3787867844429
333.5359129799704 44.06548374124509 0 0 44.06548374124509 54.44427052568799 -10.3787867844429
333.5359129799704 44.06548374124509 0 0 44.06548374124509 54.44427052568799 -10.3787867844429
333.5359129799704 44.06548374124509 0 0 44.06548374124509 54.44427052568799 -10.3787867844429
333.5359129799704 44.06548374124509 0 0 44.06548374124509 54.44427052568799 -10.3787867844429
333.5359129799704 44.06548374124509 0 0 44.06548374124509 54.44427052568799 -10.3787867844429
333.5359129799704 44.06548374124509 0 0 44.06548374124509 54.44427052568799 -10.3787867844429
333.5359129799704 44.06548374124509 0 0 44.06548374124509 54.44427052568799 -10.3787867844429
333.5359129799704 44.06548374124509 0 0 44.06548374124509 54.44427052568799 -10.3787867844429
333.5359129799704 44.06548374124509 0 0 44.06548374124509 54.44427052568799 -10.3787867844429
333.5359129799704 44.06548374124509 0 0 44.06548374124509 54.44427052568799 -10.3787867844429
333.5359129799704 44.06548374124509 0 0 44.06548374124509 54.44427052568799 -10.3787867844429
333.5359129799704 44.06548374124509 0 0 44.06548374124509 54.44427052568799 -10.3787867844429
333.5359129799704 44.06548374124509 0 0 44.06548374124509 54.44427052568799 -10.3787867844429
333.5359129799704 44.06548374124509 0 0 44.06548374124509 54.44427052568799 -10.3787867844429
333.5359129799704 44.06548374124509 0 0 44.06548374124509 54.44427052568799 -10.3787867844429
333.5359129799704 44.06548374124509 0 0 44.06548374124509 54.44427052568799 -10.3787867844429
333.5359129799704 44.06548374124509 0 0 44.06548374124509 54.44427052568799 -10.3787867844429
333.5359129799704 44.06548374124509 0 0 44.06548374124509 54.44427052568799 -10.3787867844429
333.5359129799704 44.06548374124509 0 0 44.06548374124509 54.44427052568799 -10.3787867844429
333.5359129799704 44.06548374124509 0 0 44.06548374124509 54.44427052568799 -10.3787867844429
333.5359129799704 44.06548374124509 0 0 44.06548374124509 54.44427052568799 -10.3787867844429
333.5359129799704 44.06548374124509 0 0 44.06548374124509 54.44427052568799 -10.3787867844429
333.5359129799704 44.06548374124509 0 0 44.06548374124509 54.44427052568799 -10.3787867844429
333.5359129799704 44.06548374124509 0 0 44.06548374124509 54.44427052568799 -10.3787867844429
333.5359129799704 44.06548374124509 0 0 44.06548374124509 54.44427052568799 -10.3787867844429
333.5359129799704 44.06548374124509 0 0 44.06548374124509 54.44427052568799 -10.3787867844429
333.8978912177095 44.10443823709765 0 0 44.10443823709765 54.48322502154056 -10.3787867844429
333.8978912177095 44.10443823709765 0 0 44.10443823709765 54.48322502154056 -10.3787867844429
333.8978912177095 44.10443823709765 0 0 44.10443823709765 54.48322502154056 -10.3787867844429
333.8978912177095 44.10443823709765 0 0 44.10443823709765 54.48322502154056 -10.3787867844429
333.4724992624008 44.06240262813189 0 0 44.06240262813189 54.44118941257479 -10.3787867844429
333.5925494501168 44.11269945736395 0 0 44.11269945736395 54.49148624180685 -10.3787867844429
333.5925494501168 44.11269945736395 0 0 44.11269945736395 54.49148624180685 -10.3787867844429
333.5925494501168 44.11269945736395 0 0 44.11269945736395 54.49148624180685 -10.3787867844429
333.5925494501168 44.11269945736395 0 0 44.11269945736395 54.49148624180685 -10.3787867844429
333.5925494501168 44.11269945736395 0 0 44.11269945736395 54.49148624180685 -10.3787867844429
333.5925494501168 44.11269945736395 0 0 44.11269945736395 54.49148624180685 -10.3787867844429
333.5925494501168 44.11269945736395 0 0 44.11269945736395 54.49148624180685 -10.3787867844429
333.5925494501168 44.11269945736395 0 0 44.11269945736395 54.49148624180685 -10.3787867844429
333.5925494501168 44.11269945736395 0 0 44.11269945736395 54.49148624180685 -10.3787867844429
333.5925494501168 44.11269945736395 0 0 44.11269945736395 54.49148624180685 -10.3787867844429
333.5925494501168 44.11269945736395 0 0 44.11269945736395 54.49148624180685 -10.3787867844429
333.5925494501168 44.11269945736395 0 0 44.11269945736395 54.49148624180685 -10.3787867844429
333.5925494501168 44.11269945736395 0 0 44.11269945736395 54.49148624180685 -10.3787867844429
333.5925494501168 44.11269945736395 0 0 44.11269945736395 54.49148624180685 -10.3787867844429
333.5925494501168 44.11269945736395 0 0 44.11269945736395 54.49148624180685 -10.3787867844429
333.5925494501168 44.11269945736395 0 0 44.11269945736395 54.49148624180685 -10.3787867844429
333.5925494501168 44.11269945736395 0 0 44.11269945736395 54.49148624180685 -10.3787867844429
333.5925494501168 44.11269945736395 0 0 44.11269945736395 54.49148624180685 -10.3787867844429
333.5925494501168 44.11269945736395 0 0 44.11269945736395 54.49148624180685 -10.3787867844429
333.5925494501168 44.11269945736395 0 0 44.11269945736395 54.49148624180685 -10.3787867844429
333.5925494501168 44.11269945736395 0 0 44.11269945736395 54.49148624180685 -10.3787867844429
333.5925494501168 44.11269945736395 0 0 44.11269945736395 54.49148624180685 -10.3787867844429
333.5925494501168 44.11269945736395 0 0 44.11269945736395 54.49148624180685 -10.3787867844429
333.6755266944178 44.10744356486443 0 0 44.10744356486443 54.48623034930733 -10.3787867844429
333.6755266944178 44.10744356486443 0 0 44.10744356486443 54.48623034930733 -10.3787867844429
333.6755266944178 44.10744356486443 0 0 44.10744356486443 54.48623034930733 -10.3787867844429
333.6755266944178 44.10744356486443 0 0 44.10744356486443 54.48623034930733 -10.3787867844429
333.587440132163 44.12513516323138 0 0 44.12513516323138 54.50392194767427 -10.3787867844429
333.8831896115902 44.15157940260707 0 0 44.15157940260707 54.53036618704997 -10.3787867844429
333.8831896115902 44.15157940260707 0 0 44.15157940260707 54.53036618704997 -10.3787867844429
333.8831896115902 44.15157940260707 0 0 44.15157940260707 54.53036618704997 -10.3787867844429
334.125359749118 44.26482389526227 0 0 44.26482389526227 54.64361067970517 -10.3787867844429
334.2439657924656 44.31120101861035 0 0 44.31120101861035 54.68998780305324 -10.3787867844429
334.2439657924656 44.31120101861035 0 0 44.31120101861035 54.68998780305324 -10.3787867844429
334.2439657924656 44.31120101861035 0 0 44.31120101861035 54.68998780305324 -10.3787867844429
334.2439657924656 44.31120101861035 0 0 44.31120101861035 54.68998780305324 -10.3787867844429
334.2439657924656 44.31120101861035 0 0 44.31120101861035 54.68998780305324 -10.3787867844429
334.2439657924656 44.31120101861035 0 0 44.31120101861035 54.68998780305324 -10.3787867844429
334.2994209646183 44.34154651917791 0 0 44.34154651917791 54.72033330362081 -10.3787867844429
334.2994209646183 44.34154651917791 0 0 44.34154651917791 54.72033330362081 -10.3787867844429
334.3309799692178 44.34030856905156 0 0 44.34030856905156 54.71909535349446 -10.3787867844429
334.4552271080105 44.35475546216875 0 0 44.35475546216875 54.73354224661165 -10.3787867844429
335.2673693526507 44.40569784472768 0 0 44.40569784472768 54.78448462917058 -10.3787867844429
335.2673693526507 44.40569784472768 0 0 44.40569784472768 54.78448462917058 -10.3787867844429
335.2673693526507 44.40569784472768 0 0 44.40569784472768 54.78448462917058 -10.3787867844429
335.2673693526507 44.40569784472768 0 0 44.40569784472768 54.78448462917058 -10.3787867844429
335.2673693526507 44.40569784472768 0 0 44.40569784472768 54.78448462917058 -10.3787867844429
335.2673693526507 44.40569784472768 0 0 44.40569784472768 54.78448462917058 -10.3787867844429
335.2673693526507 44.40569784472768 0 0 44.40569784472768 54.78448462917058 -10.3787867844429
335.2673693526507 44.40569784472768 0 0 44.40569784472768 54.78448462917058 -10.3787867844429
335.2673693526507 44.40569784472768 0 0 44.40569784472768 54.78448462917058 -10.3787867844429
335.2673693526507 44.40569784472768 0 0 44.40569784472768 54.78448462917058 -10.3787867844429
335.2673693526507 44.40569784472768 0 0 44.40569784472768 54.78448462917058 -10.3787867844429
335.2673693526507 44.40569784472768 0 0 44.40569784472768 54.78448462917058 -10.3787867844429
335.2673693526507 44.40569784472768 0 0 44.40569784472768 54.78448462917058 -10.3787867844429
335.2673693526507 44.40569784472768 0 0 44.40569784472768 54.78448462917058 -10.3787867844429
335.2673693526507 44.40569784472768 0 0 44.40569784472768 54.78448462917058 -10.3787867844429
335.2673693526507 44.40569784472768 0 0 44.40569784472768 54.78448462917058 -10.3787867844429
335.2673693526507 44.40569784472768 0 0 44.40569784472768 54.78448462917058 -10.3787867844429
335.2673693526507 44.40569784472768 0 0 44.40569784472768 54.78448462917058 -10.3787867844429
335.2673693526507 44.40569784472768 0 0 44.40569784472768 54.78448462917058 -10.3787867844429
335.2673693526507 44.40569784472768 0 0 44.40569784472768 54.78448462917058 -10.3787867844429
335.2673693526507 44.40569784472768 0 0 44.40569784472768 54.78448462917058 -10.3787867844429
335.4782592418177 44.26296772317468 0 0 44.26296772317468 54.64175450761758 -10.3787867844429
335.4782592418177 44.26296772317468 0 0 44.26296772317468 54.64175450761758 -10.3787867844429
335.4782592418177 44.26296772317468 0 0 44.26296772317468 54.64175450761758 -10.3787867844429
335.3620868516473 44.07516349015729 0 0 44.07516349015729 54.45395027460019 -10.3787867844429
335.3620868516473 44.07516349015729 0 0 44.07516349015729 54.45395027460019 -10.3787867844429
335.3620868516473 44.07516349015729 0 0 44.07516349015729 54.45395027460019 -10.3787867844429
335.3620868516473 44.07516349015729 0 0 44.07516349015729 54.45395027460019 -10.3787867844429
335.3620868516473 44.07516349015729 0 0 44.07516349015729 54.45395027460019 -10.3787867844429
335.3620868516473 44.07516349015729 0 0 44.07516349015729 54.45395027460019 -10.3787867844429
335.3620868516473 44.07516349015729 0 0 44.07516349015729 54.45395027460019 -10.3787867844429
335.3620868516473 44.07516349015729 0 0 44.07516349015729 54.45395027460019 -10.3787867844429
335.3620868516473 44.07516349015729 0 0 44.07516349015729 54.45395027460019 -10.3787867844429
335.3620868516473 44.07516349015729 0 0 44.07516349015729 54.45395027460019 -10.3787867844429
335.3620868516473 44.07516349015729 0 0 44.07516349015729 54.45395027460019 -10.3787867844429
335.3620868516473 44.07516349015729 0 0 44.07516349015729 54.45395027460019 -10.3787867844429
335.3620868516473 44.07516349015729 0 0 44.07516349015729 54.45395027460019 -10.3787867844429
335.3620868516473 44.07516349015729 0 0 44.07516349015729 54.45395027460019 -10.3787867844429
335.3620868516473 44.07516349015729 0 0 44.07516349015729 54.45395027460019 -10.3787867844429
335.3620868516473 44.07516349015729 0 0 44.07516349015729 54.45395027460019 -10.3787867844429
335.3620868516473 44.07516349015729 0 0 44.07516349015729 54.45395027460019 -10.3787867844429
335.3620868516473 44.07516349015729 0 0 44.07516349015729 54.45395027460019 -10.3787867844429
335.3620868516473 44.07516349015729 0 0 44.07516349015729 54.45395027460019 -10.3787867844429
335.3620868516473 44.07516349015729 0 0 44.07516349015729 54.45395027460019 -10.3787867844429
335.3620868516473 44.07516349015729 0 0 44.07516349015729 54.45395027460019 -10.3787867844429
335.3620868516473 44.07516349015729 0 0 44.07516349015729 54.45395027460019 -10.3787867844429
335.3620868516473 44.07516349015729 0 0 44.07516349015729 54.45395027460019 -10.3787867844429
335.3620868516473 44.07516349015729 0 0 44.07516349015729 54.45395027460019 -10.3787867844429
335.3620868516473 44.07516349015729 0 0 44.07516349015729 54.45395027460019 -10.3787867844429
335.4563862837371 44.09357028782551 0 0 44.09357028782551 54.47235707226842 -10.3787867844429
335.4563862837371 44.09357028782551 0 0 44.09357028782551 54.47235707226842 -10.3787867844429
335.4563862837371 44.09357028782551 0 0 44.09357028782551 54.47235707226842 -10.3787867844429
335.4563862837371 44.09357028782551 0 0 44.09357028782551 54.47235707226842 -10.3787867844429
335.4563862837371 44.09357028782551 0 0 44.09357028782551 54.47235707226842 -10.3787867844429
335.4563862837371 44.09357028782551 0 0 44.09357028782551 54.47235707226842 -10.3787867844429
335.4563862837371 44.09357028782551 0 0 44.09357028782551 54.47235707226842 -10.3787867844429
335.4563862837371 44.09357028782551 0 0 44.09357028782551 54.47235707226842 -10.3787867844429
335.4563862837371 44.09357028782551 0 0 44.09357028782551 54.47235707226842 -10.3787867844429
335.7962836485133 43.97265523234448 0 0 43.97265523234448 54.35144201678737 -10.3787867844429
335.7962836485133 43.97265523234448 0 0 43.97265523234448 54.35144201678737 -10.3787867844429
335.7962836485133 43.97265523234448 0 0 43.97265523234448 54.35144201678737 -10.3787867844429
335.7962836485133 43.97265523234448 0 0 43.97265523234448 54.35144201678737 -10.3787867844429
335.7962836485133 43.97265523234448 0 0 43.97265523234448 54.35144201678737 -10.3787867844429
335.7962836485133 43.97265523234448 0 0 43.97265523234448 54.35144201678737 -10.3787867844429
335.7962836485133 43.97265523234448 0 0 43.97265523234448 54.35144201678737 -10.3787867844429
335.7962836485133 43.97265523234448 0 0 43.97265523234448 54.35144201678737 -10.3787867844429
335.7962836485133 43.97265523234448 0 0 43.97265523234448 54.35144201678737 -10.3787867844429
335.7962836485133 43.97265523234448 0 0 43.97265523234448 54.35144201678737 -10.3787867844429
335.7962836485133 43.97265523234448 0 0 43.97265523234448 54.35144201678737 -10.3787867844429
335.7962836485133 43.97265523234448 0 0 43.97265523234448 54.35144201678737 -10.3787867844429
335.7962836485133 43.97265523234448 0 0 43.97265523234448 54.35144201678737 -10.3787867844429
335.7962836485133 43.97265523234448 0 0 43.97265523234448 54.35144201678737 -10.3787867844429
335.7962836485133 43.97265523234448 0 0 43.97265523234448 54.35144201678737 -10.3787867844429
335.7962836485133 43.97265523234448 0 0 43.97265523234448 54.35144201678737 -10.3787867844429
335.7962836485133 43.97265523234448 0 0 43.97265523234448 54.35144201678737 -10.3787867844429
335.7962836485133 43.97265523234448 0 0 43.97265523234448 54.35144201678737 -10.3787867844429
335.7962836485133 43.97265523234448 0 0 43.97265523234448 54.35144201678737 -10.3787867844429
336.0325413646609 43.95895024160446 0 0 43.95895024160446 54.33773702604736 -10.3787867844429
335.4041354576996 43.7672068197828 0 0 43.7672068197828 54.1459936042257 -10.3787867844429
335.2808430234046 43.75701613680069 0 0 43.75701613680069 54.13580292124358 -10.3787867844429
335.1040845300332 43.7469889797285 0 0 43.7469889797285 54.12577576417139 -10.3787867844429
335.1040845300332 43.7469889797285 0 0 43.7469889797285 54.12577576417139 -10.3787867844429
335.7976692053919 43.70139647018605 0 0 43.70139647018605 54.08018325462895 -10.3787867844429
336.1060507677427 43.93646875622527 0 0 43.93646875622527 54.31525554066817 -10.3787867844429
336.0404530556669 44.01509669614298 0 0 44.01509669614298 54.39388348058588 -10.3787867844429
336.0404530556669 44.01509669614298 0 0 44.01509669614298 54.39388348058588 -10.3787867844429
336.0404530556669 44.01509669614298 0 0 44.01509669614298 54.39388348058588 -10.3787867844429
336.0404530556669 44.01509669614298 0 0 44.01509669614298 54.39388348058588 -10.3787867844429
336.0404530556669 44.01509669614298 0 0 44.01509669614298 54.39388348058588 -10.3787867844429
336.0404530556669 44.01509669614298 0 0 44.01509669614298 54.39388348058588 -10.3787867844429
336.0404530556669 44.01509669614298 0 0 44.01509669614298 54.39388348058588 -10.3787867844429
336.0404530556669 44.01509669614298 0 0 44.01509669614298 54.39388348058588 -10.3787867844429
336.0404530556669 44.01509669614298 0 0 44.01509669614298 54.39388348058588 -10.3787867844429
336.0404530556669 44.01509669614298 0 0 44.01509669614298 54.39388348058588 -10.3787867844429
336.0404530556669 44.01509669614298 0 0 44.01509669614298 54.39388348058588 -10.3787867844429
336.0404530556669 44.01509669614298 0 0 44.01509669614298 54.39388348058588 -10.3787867844429
336.5348036289547 44.09277388445965 0 0 44.09277388445965 54.47156066890254 -10.3787867844429
336.686144167204 44.037980864647 0 0 44.037980864647 54.41676764908989 -10.3787867844429
336.686144167204 44.037980864647 0 0 44.037980864647 54.41676764908989 -10.3787867844429
336.7446345762802 43.96144230062785 0 0 43.96144230062785 54.34022908507075 -10.3787867844429
336.6574297895227 43.88572794633228 0 0 43.88572794633228 54.26451473077518 -10.3787867844429
336.6574297895227 43.88572794633228 0 0 43.88572794633228 54.26451473077518 -10.3787867844429
336.6574297895227 43.88572794633228 0 0 43.88572794633228 54.26451473077518 -10.3787867844429
336.6574297895227 43.88572794633228 0 0 43.88572794633228 54.26451473077518 -10.3787867844429
336.6574297895227 43.88572794633228 0 0 43.88572794633228 54.26451473077518 -10.3787867844429
336.6574297895227 43.88572794633228 0 0 43.88572794633228 54.26451473077518 -10.3787867844429
336.6574297895227 43.88572794633228 0 0 43.88572794633228 54.26451473077518 -10.3787867844429
336.6574297895227 43.88572794633228 0 0 43.88572794633228 54.26451473077518 -10.3787867844429
336.6574297895227 43.88572794633228 0 0 43.88572794633228 54.26451473077518 -10.3787867844429
336.6574297895227 43.88572794633228 0 0 43.88572794633228 54.26451473077518 -10.3787867844429
336.6574297895227 43.88572794633228 0 0 43.88572794633228 54.26451473077518 -10.3787867844429
336.6574297895227 43.88572794633228 0 0 43.88572794633228 54.26451473077518 -10.3787867844429
336.6574297895227 43.88572794633228 0 0 43.88572794633228 54.26451473077518 -10.3787867844429
336.6574297895227 43.88572794633228 0 0 43.88572794633228 54.26451473077518 -10.3787867844429
336.6574297895227 43.88572794633228 0 0 43.88572794633228 54.26451473077518 -10.3787867844429
337.0557965154295 44.00118894851269 0 0 44.00118894851269 54.37997573295559 -10.3787867844429
337.0557965154295 44.00118894851269 0 0 44.00118894851269 54.37997573295559 -10.3787867844429
337.0557965154295 44.00118894851269 0 0 44.00118894851269 54.37997573295559 -10.3787867844429
337.6140523019307 43.9446974228641 0 0 43.9446974228641 54.32348420730699 -10.3787867844429
337.6140523019307 43.9446974228641 0 0 43.9446974228641 54.32348420730699 -10.3787867844429
337.6140523019307 43.9446974228641 0 0 43.9446974228641 54.32348420730699 -10.3787867844429
337.9236380917336 43.89906434598086 0 0 43.89906434598086 54.27785113042376 -10.3787867844429
337.9236380917336 43.89906434598086 0 0 43.89906434598086 54.27785113042376 -10.3787867844429
337.9236380917336 43.89906434598086 0 0 43.89906434598086 54.27785113042376 -10.3787867844429
338.2926367467933 43.82040165962916 0 0 43.82040165962916 54.19918844407206 -10.3787867844429
338.3830861625979 43.52963994471952 0 0 43.52963994471952 53.90842672916242 -10.3787867844429
338.3830861625979 43.52963994471952 0 0 43.52963994471952 53.90842672916242 -10.3787867844429
338.3830861625979 43.52963994471952 0 0 43.52963994471952 53.90842672916242 -10.3787867844429
338.3830861625979 43.52963994471952 0 0 43.52963994471952 53.90842672916242 -10.3787867844429
338.3830861625979 43.52963994471952 0 0 43.52963994471952 53.90842672916242 -10.3787867844429
338.3830861625979 43.52963994471952 0 0 43.52963994471952 53.90842672916242 -10.3787867844429
338.3830861625979 43.52963994471952 0 0 43.52963994471952 53.90842672916242 -10.3787867844429
338.3830861625979 43.52963994471952 0 0 43.52963994471952 53.90842672916242 -10.3787867844429
338.3830861625979 43.52963994471952 0 0 43.52963994471952 53.90842672916242 -10.3787867844429
338.018722439087 43.56222511976644 0 0 43.56222511976644 53.94101190420933 -10.3787867844429
338.018722439087 43.56222511976644 0 0 43.56222511976644 53.94101190420933 -10.3787867844429
338.5704898481896 43.53702028584415 0 0 43.53702028584415 53.91580707028705 -10.3787867844429
338.5704898481896 43.53702028584415 0 0 43.53702028584415 53.91580707028705 -10.3787867844429
338.51178126859 43.50534264055004 0 0 43.50534264055004 53.88412942499294 -10.3787867844429
338.4612582944295 43.54320236442014 0 0 43.54320236442014 53.92198914886304 -10.3787867844429
338.5949983948798 43.59465769201269 0 0 43.59465769201269 53.97344447645558 -10.3787867844429
338.648006019499 43.54901854056959 0 0 43.54901854056959 53.92780532501249 -10.3787867844429
338.648006019499 43.54901854056959 0 0 43.54901854056959 53.92780532501249 -10.3787867844429
338.7713669296526 43.60914984506626 0 0 43.60914984506626 53.98793662950916 -10.3787867844429
338.7713669296526 43.60914984506626 0 0 43.60914984506626 53.98793662950916 -10.3787867844429
338.7714474672035 43.51768736078074 0 0 43.51768736078074 53.89647414522364 -10.3787867844429
338.7714474672035 43.51768736078074 0 0 43.51768736078074 53.89647414522364 -10.3787867844429
338.7714474672035 43.51768736078074 0 0 43.51768736078074 53.89647414522364 -10.3787867844429
338.3869819265643 43.55767502271183 0 0 43.55767502271183 53.93646180715474 -10.3787867844429
338.9811424938863 43.66115347212671 0 0 43.66115347212671 54.03994025656961 -10.3787867844429
338.9811424938863 43.66115347212671 0 0 43.66115347212671 54.03994025656961 -10.3787867844429
338.9811424938863 43.66115347212671 0 0 43.66115347212671 54.03994025656961 -10.3787867844429
338.9811424938863 43.66115347212671 0 0 43.66115347212671 54.03994025656961 -10.3787867844429
338.9811424938863 43.66115347212671 0 0 43.66115347212671 54.03994025656961 -10.3787867844429
338.9811424938863 43.66115347212671 0 0 43.66115347212671 54.03994025656961 -10.3787867844429
338.9811424938863 43.66115347212671 0 0 43.66115347212671 54.03994025656961 -10.3787867844429
339.0024678533501 43.56792079969537 0 0 43.56792079969537 53.94670758413827 -10.3787867844429
339.0024678533501 43.56792079969537 0 0 43.56792079969537 53.94670758413827 -10.3787867844429
339.4240376472814 43.72870018322874 0 0 43.72870018322874 54.10748696767163 -10.3787867844429
339.4240376472814 43.72870018322874 0 0 43.72870018322874 54.10748696767163 -10.3787867844429
339.5106491107015 43.67037511240871 0 0 43.67037511240871 54.04916189685161 -10.3787867844429
339.0863867780292 43.62178426382864 0 0 43.62178426382864 54.00057104827154 -10.3787867844429
339.0863867780292 43.62178426382864 0 0 43.62178426382864 54.00057104827154 -10.3787867844429
339.0863867780292 43.62178426382864 0 0 43.62178426382864 54.00057104827154 -10.3787867844429
339.586375148097 43.56441025928203 0 0 43.56441025928203 53.94319704372493 -10.3787867844429
339.586375148097 43.56441025928203 0 0 43.56441025928203 53.94319704372493 -10.3787867844429
339.586375148097 43.56441025928203 0 0 43.56441025928203 53.94319704372493 -10.3787867844429
339.586375148097 43.56441025928203 0 0 43.56441025928203 53.94319704372493 -10.3787867844429
339.586375148097 43.56441025928203 0 0 43.56441025928203 53.94319704372493 -10.3787867844429
339.4499871177695 43.47634038560062 0 0 43.47634038560062 53.85512717004352 -10.3787867844429
339.4499871177695 43.47634038560062 0 0 43.47634038560062 53.85512717004352 -10.3787867844429
339.4499871177695 43.47634038560062 0 0 43.47634038560062 53.85512717004352 -10.3787867844429
339.4499871177695 43.47634038560062 0 0 43.47634038560062 53.85512717004352 -10.3787867844429
339.4499871177695 43.47634038560062 0 0 43.47634038560062 53.85512717004352 -10.3787867844429
339.4499871177695 43.47634038560062 0 0 43.47634038560062 53.85512717004352 -10.3787867844429
340.7304950378634 43.5419310145779 0 0 43.5419310145779 53.92071779902079 -10.3787867844429
340.922469854646 43.4894770784669 0 0 43.4894770784669 53.86826386290981 -10.3787867844429
340.922469854646 43.4894770784669 0 0 43.4894770784669 53.86826386290981 -10.3787867844429
340.922469854646 43.4894770784669 0 0 43.4894770784669 53.86826386290981 -10.3787867844429
340.4979411194308 43.53395190161692 0 0 43.53395190161692 53.91273868605981 -10.3787867844429
340.4979411194308 43.53395190161692 0 0 43.53395190161692 53.91273868605981 -10.3787867844429
340.4979411194308 43.53395190161692 0 0 43.53395190161692 53.91273868605981 -10.3787867844429
340.4979411194308 43.53395190161692 0 0 43.53395190161692 53.91273868605981 -10.3787867844429
340.4979411194308 43.53395190161692 0 0 43.53395190161692 53.91273868605981 -10.3787867844429
340.4979411194308 43.53395190161692 0 0 43.53395190161692 53.91273868605981 -10.3787867844429
340.3541362739799 43.59571364550615 0 0 43.59571364550615 53.97450042994905 -10.3787867844429
340.693430374441 43.46323931177336 0 0 43.46323931177336 53.84202609621626 -10.3787867844429
340.6736322604188 43.42280938348547 0 0 43.42280938348547 53.80159616792837 -10.3787867844429
340.6655774036092 43.41741786488431 0 0 43.41741786488431 53.79620464932721 -10.3787867844429
340.6655774036092 43.41741786488431 0 0 43.41741786488431 53.79620464932721 -10.3787867844429
340.6655774036092 43.41741786488431 0 0 43.41741786488431 53.79620464932721 -10.3787867844429
340.6655774036092 43.41741786488431 0 0 43.41741786488431 53.79620464932721 -10.3787867844429
340.002792951483 43.42434697612826 0 0 43.42434697612826 53.80313376057116 -10.3787867844429
340.108005770448 43.46010901898958 0 0 43.46010901898958 53.83889580343249 -10.3787867844429
340.108005770448 43.46010901898958 0 0 43.46010901898958 53.83889580343249 -10.3787867844429
340.3651775428891 43.51437734092926 0 0 43.51437734092926 53.89316412537215 -10.3787867844429
340.8762379828261 43.55639728541846 0 0 43.55639728541846 53.93518406986135 -10.3787867844429
340.8762379828261 43.55639728541846 0 0 43.55639728541846 53.93518406986135 -10.3787867844429
340.8762379828261 43.55639728541846 0 0 43.55639728541846 53.93518406986135 -10.3787867844429
340.8762379828261 43.55639728541846 0 0 43.55639728541846 53.93518406986135 -10.3787867844429
340.8762379828261 43.55639728541846 0 0 43.55639728541846 53.93518406986135 -10.3787867844429
340.8762379828261 43.55639728541846 0 0 43.55639728541846 53.93518406986135 -10.3787867844429
340.8762379828261 43.55639728541846 0 0 43.55639728541846 53.93518406986135 -10.3787867844429
340.897265973217 43.43995753461546 0 0 43.43995753461546 53.81874431905836 -10.3787867844429
340.9406204977515 43.46965534023693 0 0 43.46965534023693 53.84844212467982 -10.3787867844429
340.9406204977515 43.46965534023693 0 0 43.46965534023693 53.84844212467982 -10.3787867844429
340.9406204977515 43.46965534023693 0 0 43.46965534023693 53.84844212467982 -10.3787867844429
340.9254178981401 43.47035721895803 0 0 43.47035721895803 53.84914400340092 -10.3787867844429
340.9254178981401 43.47035721895803 0 0 43.47035721895803 53.84914400340092 -10.3787867844429
340.9254178981401 43.47035721895803 0 0 43.47035721895803 53.84914400340092 -10.3787867844429
340.9254178981401 43.47035721895803 0 0 43.47035721895803 53.84914400340092 -10.3787867844429
340.9254178981401 43.47035721895803 0 0 43.47035721895803 53.84914400340092 -10.3787867844429
340.9254178981401 43.47035721895803 0 0 43.47035721895803 53.84914400340092 -10.3787867844429
340.9254178981401 43.47035721895803 0 0 43.47035721895803 53.84914400340092 -10.3787867844429
340.9195517708226 43.52116322353548 0 0 43.52116322353548 53.89995000797838 -10.3787867844429
340.9195517708226 43.52116322353548 0 0 43.52116322353548 53.89995000797838 -10.3787867844429
340.9195517708226 43.52116322353548 0 0 43.52116322353548 53.89995000797838 -10.3787867844429
340.9195517708226 43.52116322353548 0 0 43.52116322353548 53.89995000797838 -10.3787867844429
340.9195517708226 43.52116322353548 0 0 43.52116322353548 53.89995000797838 -10.3787867844429
340.9195517708226 43.52116322353548 0 0 43.52116322353548 53.89995000797838 -10.3787867844429
340.9195517708226 43.52116322353548 0 0 43.52116322353548 53.89995000797838 -10.3787867844429
340.9195517708226 43.52116322353548 0 0 43.52116322353548 53.89995000797838 -10.3787867844429
340.9195517708226 43.52116322353548 0 0 43.52116322353548 53.89995000797838 -10.3787867844429
340.9195517708226 43.52116322353548 0 0 43.52116322353548 53.89995000797838 -10.3787867844429
340.9195517708226 43.52116322353548 0 0 43.52116322353548 53.89995000797838 -10.3787867844429
340.9195517708226 43.52116322353548 0 0 43.52116322353548 53.89995000797838 -10.3787867844429
340.9195517708226 43.52116322353548 0 0 43.52116322353548 53.89995000797838 -10.3787867844429
340.9195517708226 43.52116322353548 0 0 43.52116322353548 53.89995000797838 -10.3787867844429
340.9195517708226 43.52116322353548 0 0 43.52116322353548 53.89995000797838 -10.3787867844429
340.9195517708226 43.52116322353548 0 0 43.52116322353548 53.89995000797838 -10.3787867844429
340.9195517708226 43.52116322353548 0 0 43.52116322353548 53.89995000797838 -10.3787867844429
340.9195517708226 43.52116322353548 0 0 43.52116322353548 53.89995000797838 -10.3787867844429
340.864246522507 43.38865463415667 0 0 43.38865463415667 53.76744141859956 -10.3787867844429
340.864246522507 43.38865463415667 0 0 43.38865463415667 53.76744141859956 -10.3787867844429
340.8800648804055 43.35855124498106 0 0 43.35855124498106 53.73733802942396 -10.3787867844429
340.8800648804055 43.35855124498106 0 0 43.35855124498106 53.73733802942396 -10.3787867844429
340.8800648804055 43.35855124498106 0 0 43.35855124498106 53.73733802942396 -10.3787867844429
340.8800648804055 43.35855124498106 0 0 43.35855124498106 53.73733802942396 -10.3787867844429
340.8800648804055 43.35855124498106 0 0 43.35855124498106 53.73733802942396 -10.3787867844429
340.8800648804055 43.35855124498106 0 0 43.35855124498106 53.73733802942396 -10.3787867844429
340.8768768886003 43.3173259610214 0 0 43.3173259610214 53.6961127454643 -10.3787867844429
340.8768768886003 43.3173259610214 0 0 43.3173259610214 53.6961127454643 -10.3787867844429
340.8768768886003 43.3173259610214 0 0 43.3173259610214 53.6961127454643 -10.3787867844429
340.8768768886003 43.3173259610214 0 0 43.3173259610214 53.6961127454643 -10.3787867844429
340.8768768886003 43.3173259610214 0 0 43.3173259610214 53.6961127454643 -10.3787867844429
340.8768768886003 43.3173259610214 0 0 43.3173259610214 53.6961127454643 -10.3787867844429
340.9187046196282 43.31533570870084 0 0 43.31533570870084 53.69412249314374 -10.3787867844429
340.9187046196282 43.31533570870084 0 0 43.31533570870084 53.69412249314374 -10.3787867844429
340.9187046196282 43.31533570870084 0 0 43.31533570870084 53.69412249314374 -10.3787867844429
340.9187046196282 43.31533570870084 0 0 43.31533570870084 53.69412249314374 -10.3787867844429
340.9187046196282 43.31533570870084 0 0 43.31533570870084 53.69412249314374 -10.3787867844429
340.9187046196282 43.31533570870084 0 0 43.31533570870084 53.69412249314374 -10.3787867844429
340.9187046196282 43.31533570870084 0 0 43.31533570870084 53.69412249314374 -10.3787867844429
340.9187046196282 43.31533570870084 0 0 43.31533570870084 53.69412249314374 -10.3787867844429
340.9187046196282 43.31533570870084 0 0 43.31533570870084 53.69412249314374 -10.3787867844429
340.7934279881495 43.22151538074272 0 0 43.22151538074272 53.60030216518562 -10.3787867844429
340.7934279881495 43.22151538074272 0 0 43.22151538074272 53.60030216518562 -10.3787867844429
340.7934279881495 43.22151538074272 0 0 43.22151538074272 53.60030216518562 -10.3787867844429
340.7598826687976 43.24816427924661 0 0 43.24816427924661 53.62695106368951 -10.3787867844429
340.7598826687976 43.24816427924661 0 0 43.24816427924661 53.62695106368951 -10.3787867844429
340.7598826687976 43.24816427924661 0 0 43.24816427924661 53.62695106368951 -10.3787867844429
340.7598826687976 43.24816427924661 0 0 43.24816427924661 53.62695106368951 -10.3787867844429
340.9821877903271 43.25592717397623 0 0 43.25592717397623 53.63471395841913 -10.3787867844429
340.9821877903271 43.25592717397623 0 0 43.25592717397623 53.63471395841913 -10.3787867844429
340.9821877903271 43.25592717397623 0 0 43.25592717397623 53.63471395841913 -10.3787867844429
340.9821877903271 43.25592717397623 0 0 43.25592717397623 53.63471395841913 -10.3787867844429
340.9054979356916 43.25689458694011 0 0 43.25689458694011 53.63568137138301 -10.3787867844429
341.0510163307122 43.1972066263631 0 0 43.1972066263631 53.57599341080599 -10.3787867844429
341.0510163307122 43.1972066263631 0 0 43.1972066263631 53.57599341080599 -10.3787867844429
340.8041407510698 43.18503882067878 0 0 43.18503882067878 53.56382560512168 -10.3787867844429
340.8536713978328 43.07331800413047 0 0 43.07331800413047 53.45210478857337 -10.3787867844429
340.7254168789564 43.21294156168203 0 0 43.21294156168203 53.59172834612493 -10.3787867844429
340.7876107339133 43.19525453692522 0 0 43.19525453692522 53.57404132136812 -10.3787867844429
340.7876107339133 43.19525453692522 0 0 43.19525453692522 53.57404132136812 -10.3787867844429
340.7876107339133 43.19525453692522 0 0 43.19525453692522 53.57404132136812 -10.3787867844429
340.7532500186592 43.21200041440549 0 0 43.21200041440549 53.59078719884839 -10.3787867844429
340.7886809588653 43.2219330509044 0 0 43.2219330509044 53.6007198353473 -10.3787867844429
340.7886809588653 43.2219330509044 0 0 43.2219330509044 53.6007198353473 -10.3787867844429
340.8679623654389 43.2721931317261 0 0 43.2721931317261 53.65097991616899 -10.3787867844429
340.9786382503711 43.31166834703374 0 0 43.31166834703374 53.69045513147665 -10.3787867844429
340.8406618423896 43.3002921952111 0 0 43.3002921952111 53.679078979654 -10.3787867844429
340.8406618423896 43.3002921952111 0 0 43.3002921952111 53.679078979654 -10.3787867844429
340.8406618423896 43.3002921952111 0 0 43.3002921952111 53.679078979654 -10.3787867844429
340.8406618423896 43.3002921952111 0 0 43.3002921952111 53.679078979654 -10.3787867844429
340.8406618423896 43.3002921952111 0 0 43.3002921952111 53.679078979654 -10.3787867844429
340.8406618423896 43.3002921952111 0 0 43.3002921952111 53.679078979654 -10.3787867844429
340.8406618423896 43.3002921952111 0 0 43.3002921952111 53.679078979654 -10.3787867844429
340.8406618423896 43.3002921952111 0 0 43.3002921952111 53.679078979654 -10.3787867844429
340.8406618423896 43.3002921952111 0 0 43.3002921952111 53.679078979654 -10.3787867844429
340.8406618423896 43.3002921952111 0 0 43.3002921952111 53.679078979654 -10.3787867844429
340.8406618423896 43.3002921952111 0 0 43.3002921952111 53.679078979654 -10.3787867844429
340.6472768784092 43.29468925680172 0 0 43.29468925680172 53.67347604124461 -10.3787867844429
340.6472768784092 43.29468925680172 0 0 43.29468925680172 53.67347604124461 -10.3787867844429
340.6472768784092 43.29468925680172 0 0 43.29468925680172 53.67347604124461 -10.3787867844429
340.6472768784092 43.29468925680172 0 0 43.29468925680172 53.67347604124461 -10.3787867844429
340.6472768784092 43.29468925680172 0 0 43.29468925680172 53.67347604124461 -10.3787867844429
340.6472768784092 43.29468925680172 0 0 43.29468925680172 53.67347604124461 -10.3787867844429
340.6472768784092 43.29468925680172 0 0 43.29468925680172 53.67347604124461 -10.3787867844429
340.6472768784092 43.29468925680172 0 0 43.29468925680172 53.67347604124461 -10.3787867844429
340.6472768784092 43.29468925680172 0 0 43.29468925680172 53.67347604124461 -10.3787867844429
340.6472768784092 43.29468925680172 0 0 43.29468925680172 53.67347604124461 -10.3787867844429
340.4254928635943 43.21508190101436 0 0 43.21508190101436 53.59386868545725 -10.3787867844429
340.4254928635943 43.21508190101436 0 0 43.21508190101436 53.59386868545725 -10.3787867844429
340.4254928635943 43.21508190101436 0 0 43.21508190101436 53.59386868545725 -10.3787867844429
340.4254928635943 43.21508190101436 0 0 43.21508190101436 53.59386868545725 -10.3787867844429
340.4265245002665 43.21465721233159 0 0 43.21465721233159 53.59344399677449 -10.3787867844429
340.6309787107524 43.22732232374187 0 0 43.22732232374187 53.60610910818477 -10.3787867844429
340.6498000198025 43.2558266330946 0 0 43.2558266330946 53.6346134175375 -10.3787867844429
340.6498000198025 43.2558266330946 0 0 43.2558266330946 53.6346134175375 -10.3787867844429
340.6498000198025 43.2558266330946 0 0 43.2558266330946 53.6346134175375 -10.3787867844429
340.6498000198025 43.2558266330946 0 0 43.2558266330946 53.6346134175375 -10.3787867844429
340.6498000198025 43.2558266330946 0 0 43.2558266330946 53.6346134175375 -10.3787867844429
340.5191751799763 43.32730548684241 0 0 43.32730548684241 53.70609227128531 -10.3787867844429
340.5191751799763 43.32730548684241 0 0 43.32730548684241 53.70609227128531 -10.3787867844429
340.5191751799763 43.32730548684241 0 0 43.32730548684241 53.70609227128531 -10.3787867844429
340.5191751799763 43.32730548684241 0 0 43.32730548684241 53.70609227128531 -10.3787867844429
340.5191751799763 43.32730548684241 0 0 43.32730548684241 53.70609227128531 -10.3787867844429
340.5191751799763 43.32730548684241 0 0 43.32730548684241 53.70609227128531 -10.3787867844429
340.5191751799763 43.32730548684241 0 0 43.32730548684241 53.70609227128531 -10.3787867844429
340.5191751799763 43.32730548684241 0 0 43.32730548684241 53.70609227128531 -10.3787867844429
340.6210025534848 43.34147026043038 0 0 43.34147026043038 53.72025704487328 -10.3787867844429
340.4773852547348 43.35041396599392 0 0 43.35041396599392 53.72920075043682 -10.3787867844429
340.4773852547348 43.35041396599392 0 0 43.35041396599392 53.72920075043682 -10.3787867844429
340.3557631161655 43.34437496601298 0 0 43.34437496601298 53.72316175045588 -10.3787867844429
340.5170913633492 43.35840599101763 0 0 43.35840599101763 53.73719277546053 -10.3787867844429
340.3771427643076 43.43884733482957 0 0 43.43884733482957 53.81763411927247 -10.3787867844429
340.3771427643076 43.43884733482957 0 0 43.43884733482957 53.81763411927247 -10.3787867844429
340.3771427643076 43.43884733482957 0 0 43.43884733482957 53.81763411927247 -10.3787867844429
340.3771427643076 43.43884733482957 0 0 43.43884733482957 53.81763411927247 -10.3787867844429
340.3771427643076 43.43884733482957 0 0 43.43884733482957 53.81763411927247 -10.3787867844429
340.3771427643076 43.43884733482957 0 0 43.43884733482957 53.81763411927247 -10.3787867844429
340.4892860784155 43.33284154644299 0 0 43.33284154644299 53.71162833088589 -10.3787867844429
340.4892860784155 43.33284154644299 0 0 43.33284154644299 53.71162833088589 -10.3787867844429
340.4892860784155 43.33284154644299 0 0 43.33284154644299 53.71162833088589 -10.3787867844429
340.4892860784155 43.33284154644299 0 0 43.33284154644299 53.71162833088589 -10.3787867844429
340.4892860784155 43.33284154644299 0 0 43.33284154644299 53.71162833088589 -10.3787867844429
340.4892860784155 43.33284154644299 0 0 43.33284154644299 53.71162833088589 -10.3787867844429
340.4892860784155 43.33284154644299 0 0 43.33284154644299 53.71162833088589 -10.3787867844429
340.4892860784155 43.33284154644299 0 0 43.33284154644299 53.71162833088589 -10.3787867844429
340.4892860784155 43.33284154644299 0 0 43.33284154644299 53.71162833088589 -10.3787867844429
340.4892860784155 43.33284154644299 0 0 43.33284154644299 53.71162833088589 -10.3787867844429
340.6032096783371 43.31552534774298 0 0 43.31552534774298 53.69431213218588 -10.3787867844429
340.5918177665701 43.29502382439325 0 0 43.29502382439325 53.67381060883616 -10.3787867844429
340.5918177665701 43.29502382439325 0 0 43.29502382439325 53.67381060883616 -10.3787867844429
340.5652464351233 43.26849163350208 0 0 43.26849163350208 53.64727841794498 -10.3787867844429
340.5652464351233 43.26849163350208 0 0 43.26849163350208 53.64727841794498 -10.3787867844429
340.5652464351233 43.26849163350208 0 0 43.26849163350208 53.64727841794498 -10.3787867844429
340.5652464351233 43.26849163350208 0 0 43.26849163350208 53.64727841794498 -10.3787867844429
340.5652464351233 43.26849163350208 0 0 43.26849163350208 53.64727841794498 -10.3787867844429
340.5652464351233 43.26849163350208 0 0 43.26849163350208 53.64727841794498 -10.3787867844429
340.5652464351233 43.26849163350208 0 0 43.26849163350208 53.64727841794498 -10.3787867844429
340.5652464351233 43.26849163350208 0 0 43.26849163350208 53.64727841794498 -10.3787867844429
340.5652464351233 43.26849163350208 0 0 43.26849163350208 53.64727841794498 -10.3787867844429
340.5652464351233 43.26849163350208 0 0 43.26849163350208 53.64727841794498 -10.3787867844429
340.5652464351233 43.26849163350208 0 0 43.26849163350208 53.64727841794498 -10.3787867844429
340.6958347044093 43.16313057853577 0 0 43.16313057853577 53.54191736297867 -10.3787867844429
340.6958347044093 43.16313057853577 0 0 43.16313057853577 53.54191736297867 -10.3787867844429
340.6958347044093 43.16313057853577 0 0 43.16313057853577 53.54191736297867 -10.3787867844429
340.7042725769709 43.02357763395868 0 0 43.02357763395868 53.40236441840158 -10.3787867844429
340.7042725769709 43.02357763395868 0 0 43.02357763395868 53.40236441840158 -10.3787867844429
340.80459007749 42.93493698756272 0 0 42.93493698756272 53.31372377200562 -10.3787867844429
