totalLogLikelihoodDensity totalLogPriorDensity H1NoiseLogPriorDensity L1NoiseLogPriorDensity gwLogPriorDensity gwExtrinsicLogPriorDensityTracker gwCbcLogPriorDensityTracker
153.7689215337211 43.37556684639347 0 0 43.37556684639347 53.75435363083637 -10.3787867844429
318.0240383008922 44.09521409535402 0 0 44.09521409535402 54.47400087979692 -10.3787867844429
318.0240383008922 44.09521409535402 0 0 44.09521409535402 54.47400087979692 -10.3787867844429
318.0240383008922 44.09521409535402 0 0 44.09521409535402 54.47400087979692 -10.3787867844429
318.0240383008922 44.09521409535402 0 0 44.09521409535402 54.47400087979692 -10.3787867844429
320.7204687353237 44.14086917440564 0 0 44.14086917440564 54.51965595884854 -10.3787867844429
321.8282868033133 44.29103363690837 0 0 44.29103363690837 54.66982042135127 -10.3787867844429
321.9226700425838 44.04178284389629 0 0 44.04178284389629 54.42056962833918 -10.3787867844429
321.9226700425838 44.04178284389629 0 0 44.04178284389629 54.42056962833918 -10.3787867844429
321.9226700425838 44.04178284389629 0 0 44.04178284389629 54.42056962833918 -10.3787867844429
322.3570197415003 44.12932530659363 0 0 44.12932530659363 54.50811209103653 -10.3787867844429
322.3733159542498 44.06100884955838 0 0 44.06100884955838 54.43979563400127 -10.3787867844429
322.3733159542498 44.06100884955838 0 0 44.06100884955838 54.43979563400127 -10.3787867844429
322.3733159542498 44.06100884955838 0 0 44.06100884955838 54.43979563400127 -10.3787867844429
322.3733159542498 44.06100884955838 0 0 44.06100884955838 54.43979563400127 -10.3787867844429
322.5804930568237 43.90548133027323 0 0 43.90548133027323 54.28426811471613 -10.3787867844429
322.5804930568237 43.90548133027323 0 0 43.90548133027323 54.28426811471613 -10.3787867844429
322.5804930568237 43.90548133027323 0 0 43.90548133027323 54.28426811471613 -10.3787867844429
326.6409077500476 43.92544562159058 0 0 43.92544562159058 54.30423240603348 -10.3787867844429
326.6409077500476 43.92544562159058 0 0 43.92544562159058 54.30423240603348 -10.3787867844429
326.6409077500476 43.92544562159058 0 0 43.92544562159058 54.30423240603348 -10.3787867844429
329.1551031654616 43.9627293908673 0 0 43.9627293908673 54.3415161753102 -10.3787867844429
329.1744218551414 44.02951174603628 0 0 44.02951174603628 54.40829853047918 -10.3787867844429
329.1613004272415 44.08306433289026 0 0 44.08306433289026 54.46185111733315 -10.3787867844429
330.3011469223885 44.15784393239922 0 0 44.15784393239922 54.53663071684212 -10.3787867844429
330.29856999478 44.0695779026406 0 0 44.0695779026406 54.4483646870835 -10.3787867844429
329.6011792370151 44.13200582630384 0 0 44.13200582630384 54.51079261074674 -10.3787867844429
331.0293113553411 44.23087555831812 0 0 44.23087555831812 54.60966234276102 -10.3787867844429
331.59425771052 44.19475036350993 0 0 44.19475036350993 54.57353714795282 -10.3787867844429
331.59425771052 44.19475036350993 0 0 44.19475036350993 54.57353714795282 -10.3787867844429
332.3485219214223 44.20548608917481 0 0 44.20548608917481 54.58427287361771 -10.3787867844429
332.3485219214223 44.20548608917481 0 0 44.20548608917481 54.58427287361771 -10.3787867844429
332.3485219214223 44.20548608917481 0 0 44.20548608917481 54.58427287361771 -10.3787867844429
333.3116193414039 44.24571537648704 0 0 44.24571537648704 54.62450216092994 -10.3787867844429
332.6831342334052 44.37498640971957 0 0 44.37498640971957 54.75377319416246 -10.3787867844429
332.6831342334052 44.37498640971957 0 0 44.37498640971957 54.75377319416246 -10.3787867844429
332.6831342334052 44.37498640971957 0 0 44.37498640971957 54.75377319416246 -10.3787867844429
332.7750900545997 44.35867285411507 0 0 44.35867285411507 54.73745963855797 -10.3787867844429
332.7750900545997 44.35867285411507 0 0 44.35867285411507 54.73745963855797 -10.3787867844429
332.7750900545997 44.35867285411507 0 0 44.35867285411507 54.73745963855797 -10.3787867844429
333.132077306745 44.15001039416545 0 0 44.15001039416545 54.52879717860834 -10.3787867844429
333.132077306745 44.15001039416545 0 0 44.15001039416545 54.52879717860834 -10.3787867844429
333.132077306745 44.15001039416545 0 0 44.15001039416545 54.52879717860834 -10.3787867844429
333.212843413726 44.06631195214699 0 0 44.06631195214699 54.44509873658988 -10.3787867844429
334.4791174759999 44.0061379504878 0 0 44.0061379504878 54.3849247349307 -10.3787867844429
334.4791174759999 44.0061379504878 0 0 44.0061379504878 54.3849247349307 -10.3787867844429
334.4791174759999 44.0061379504878 0 0 44.0061379504878 54.3849247349307 -10.3787867844429
334.4791174759999 44.0061379504878 0 0 44.0061379504878 54.3849247349307 -10.3787867844429
337.0332527154449 44.16499227871634 0 0 44.16499227871634 54.54377906315924 -10.3787867844429
337.2292803179519 44.21597738567745 0 0 44.21597738567745 54.59476417012034 -10.3787867844429
337.2063406218638 44.26300697756906 0 0 44.26300697756906 54.64179376201196 -10.3787867844429
337.2063406218638 44.26300697756906 0 0 44.26300697756906 54.64179376201196 -10.3787867844429
337.2063406218638 44.26300697756906 0 0 44.26300697756906 54.64179376201196 -10.3787867844429
337.2063406218638 44.26300697756906 0 0 44.26300697756906 54.64179376201196 -10.3787867844429
337.3645490634997 44.37948068733216 0 0 44.37948068733216 54.75826747177506 -10.3787867844429
337.3645490634997 44.37948068733216 0 0 44.37948068733216 54.75826747177506 -10.3787867844429
337.3645490634997 44.37948068733216 0 0 44.37948068733216 54.75826747177506 -10.3787867844429
337.3645490634997 44.37948068733216 0 0 44.37948068733216 54.75826747177506 -10.3787867844429
337.3645490634997 44.37948068733216 0 0 44.37948068733216 54.75826747177506 -10.3787867844429
337.3645490634997 44.37948068733216 0 0 44.37948068733216 54.75826747177506 -10.3787867844429
337.3645490634997 44.37948068733216 0 0 44.37948068733216 54.75826747177506 -10.3787867844429
337.3645490634997 44.37948068733216 0 0 44.37948068733216 54.75826747177506 -10.3787867844429
337.5201097146501 44.21043634362864 0 0 44.21043634362864 54.58922312807154 -10.3787867844429
337.2534824026117 44.04742156421122 0 0 44.04742156421122 54.42620834865411 -10.3787867844429
337.2516394022462 44.14562895501722 0 0 44.14562895501722 54.52441573946011 -10.3787867844429
337.2706515371177 44.06247019211025 0 0 44.06247019211025 54.44125697655316 -10.3787867844429
337.2706515371177 44.06247019211025 0 0 44.06247019211025 54.44125697655316 -10.3787867844429
337.550988574961 43.8418782166622 0 0 43.8418782166622 54.2206650011051 -10.3787867844429
337.550988574961 43.8418782166622 0 0 43.8418782166622 54.2206650011051 -10.3787867844429
337.550988574961 43.8418782166622 0 0 43.8418782166622 54.2206650011051 -10.3787867844429
337.550988574961 43.8418782166622 0 0 43.8418782166622 54.2206650011051 -10.3787867844429
337.550988574961 43.8418782166622 0 0 43.8418782166622 54.2206650011051 -10.3787867844429
337.4570901662854 43.85348987898551 0 0 43.85348987898551 54.23227666342842 -10.3787867844429
337.4570901662854 43.85348987898551 0 0 43.85348987898551 54.23227666342842 -10.3787867844429
337.3144422202137 43.78571018552448 0 0 43.78571018552448 54.16449696996737 -10.3787867844429
337.3144422202137 43.78571018552448 0 0 43.78571018552448 54.16449696996737 -10.3787867844429
337.2997987684472 43.82576139624456 0 0 43.82576139624456 54.20454818068746 -10.3787867844429
337.7285148459266 43.79898465867058 0 0 43.79898465867058 54.17777144311348 -10.3787867844429
337.7285148459266 43.79898465867058 0 0 43.79898465867058 54.17777144311348 -10.3787867844429
337.96803867202 43.85868061048791 0 0 43.85868061048791 54.2374673949308 -10.3787867844429
337.9233974723172 43.80068228791482 0 0 43.80068228791482 54.17946907235772 -10.3787867844429
337.9233974723172 43.80068228791482 0 0 43.80068228791482 54.17946907235772 -10.3787867844429
338.033197020247 43.73413028930172 0 0 43.73413028930172 54.11291707374461 -10.3787867844429
338.116321055688 43.75873208005964 0 0 43.75873208005964 54.13751886450255 -10.3787867844429
338.116321055688 43.75873208005964 0 0 43.75873208005964 54.13751886450255 -10.3787867844429
338.091074692523 43.73114855727907 0 0 43.73114855727907 54.10993534172196 -10.3787867844429
337.7958570240355 43.61501962212347 0 0 43.61501962212347 53.99380640656637 -10.3787867844429
337.7958570240355 43.61501962212347 0 0 43.61501962212347 53.99380640656637 -10.3787867844429
337.7664306225154 43.64905142977888 0 0 43.64905142977888 54.02783821422178 -10.3787867844429
337.8535254748277 43.73777289254404 0 0 43.73777289254404 54.11655967698694 -10.3787867844429
337.8745607227072 43.95133324073967 0 0 43.95133324073967 54.33012002518257 -10.3787867844429
337.8745607227072 43.95133324073967 0 0 43.95133324073967 54.33012002518257 -10.3787867844429
337.8745607227072 43.95133324073967 0 0 43.95133324073967 54.33012002518257 -10.3787867844429
337.8745607227072 43.95133324073967 0 0 43.95133324073967 54.33012002518257 -10.3787867844429
337.8745607227072 43.95133324073967 0 0 43.95133324073967 54.33012002518257 -10.3787867844429
337.8745607227072 43.95133324073967 0 0 43.95133324073967 54.33012002518257 -10.3787867844429
337.8745607227072 43.95133324073967 0 0 43.95133324073967 54.33012002518257 -10.3787867844429
337.8745607227072 43.95133324073967 0 0 43.95133324073967 54.33012002518257 -10.3787867844429
337.8745607227072 43.95133324073967 0 0 43.95133324073967 54.33012002518257 -10.3787867844429
337.8745607227072 43.95133324073967 0 0 43.95133324073967 54.33012002518257 -10.3787867844429
337.8745607227072 43.95133324073967 0 0 43.95133324073967 54.33012002518257 -10.3787867844429
337.8503042917137 43.89631186309677 0 0 43.89631186309677 54.27509864753966 -10.3787867844429
338.1041228488436 43.97964544809474 0 0 43.97964544809474 54.35843223253764 -10.3787867844429
338.1041228488436 43.97964544809474 0 0 43.97964544809474 54.35843223253764 -10.3787867844429
338.1041228488436 43.97964544809474 0 0 43.97964544809474 54.35843223253764 -10.3787867844429
338.1041228488436 43.97964544809474 0 0 43.97964544809474 54.35843223253764 -10.3787867844429
337.9197626580579 43.82298781413057 0 0 43.82298781413057 54.20177459857347 -10.3787867844429
337.9197626580579 43.82298781413057 0 0 43.82298781413057 54.20177459857347 -10.3787867844429
337.9197626580579 43.82298781413057 0 0 43.82298781413057 54.20177459857347 -10.3787867844429
337.9197626580579 43.82298781413057 0 0 43.82298781413057 54.20177459857347 -10.3787867844429
337.9197626580579 43.82298781413057 0 0 43.82298781413057 54.20177459857347 -10.3787867844429
338.2743240300991 43.8110995346543 0 0 43.8110995346543 54.1898863190972 -10.3787867844429
338.1022479669738 43.94420672998416 0 0 43.94420672998416 54.32299351442706 -10.3787867844429
338.1022479669738 43.94420672998416 0 0 43.94420672998416 54.32299351442706 -10.3787867844429
338.1022479669738 43.94420672998416 0 0 43.94420672998416 54.32299351442706 -10.3787867844429
338.1022479669738 43.94420672998416 0 0 43.94420672998416 54.32299351442706 -10.3787867844429
338.1683306640829 43.92628317150725 0 0 43.92628317150725 54.30506995595015 -10.3787867844429
338.086718315169 43.83743219249908 0 0 43.83743219249908 54.21621897694197 -10.3787867844429
338.2173882714735 44.00324854045725 0 0 44.00324854045725 54.38203532490014 -10.3787867844429
338.2173882714735 44.00324854045725 0 0 44.00324854045725 54.38203532490014 -10.3787867844429
338.2173882714735 44.00324854045725 0 0 44.00324854045725 54.38203532490014 -10.3787867844429
338.2173882714735 44.00324854045725 0 0 44.00324854045725 54.38203532490014 -10.3787867844429
338.2173882714735 44.00324854045725 0 0 44.00324854045725 54.38203532490014 -10.3787867844429
338.2173882714735 44.00324854045725 0 0 44.00324854045725 54.38203532490014 -10.3787867844429
338.2173882714735 44.00324854045725 0 0 44.00324854045725 54.38203532490014 -10.3787867844429
338.2173882714735 44.00324854045725 0 0 44.00324854045725 54.38203532490014 -10.3787867844429
338.2216256379729 43.95800820066952 0 0 43.95800820066952 54.33679498511242 -10.3787867844429
338.4124415684006 44.02272041239748 0 0 44.02272041239748 54.40150719684037 -10.3787867844429
338.5028373312221 44.04864982320389 0 0 44.04864982320389 54.42743660764678 -10.3787867844429
338.5028373312221 44.04864982320389 0 0 44.04864982320389 54.42743660764678 -10.3787867844429
338.5028373312221 44.04864982320389 0 0 44.04864982320389 54.42743660764678 -10.3787867844429
338.5028373312221 44.04864982320389 0 0 44.04864982320389 54.42743660764678 -10.3787867844429
338.5028373312221 44.04864982320389 0 0 44.04864982320389 54.42743660764678 -10.3787867844429
338.5028373312221 44.04864982320389 0 0 44.04864982320389 54.42743660764678 -10.3787867844429
338.5028373312221 44.04864982320389 0 0 44.04864982320389 54.42743660764678 -10.3787867844429
338.5028373312221 44.04864982320389 0 0 44.04864982320389 54.42743660764678 -10.3787867844429
338.5028373312221 44.04864982320389 0 0 44.04864982320389 54.42743660764678 -10.3787867844429
338.5028373312221 44.04864982320389 0 0 44.04864982320389 54.42743660764678 -10.3787867844429
338.5028373312221 44.04864982320389 0 0 44.04864982320389 54.42743660764678 -10.3787867844429
338.3768671606261 44.00388489807607 0 0 44.00388489807607 54.38267168251896 -10.3787867844429
338.3768671606261 44.00388489807607 0 0 44.00388489807607 54.38267168251896 -10.3787867844429
338.3768671606261 44.00388489807607 0 0 44.00388489807607 54.38267168251896 -10.3787867844429
338.3768671606261 44.00388489807607 0 0 44.00388489807607 54.38267168251896 -10.3787867844429
338.3768671606261 44.00388489807607 0 0 44.00388489807607 54.38267168251896 -10.3787867844429
338.3768671606261 44.00388489807607 0 0 44.00388489807607 54.38267168251896 -10.3787867844429
338.3768671606261 44.00388489807607 0 0 44.00388489807607 54.38267168251896 -10.3787867844429
338.3768671606261 44.00388489807607 0 0 44.00388489807607 54.38267168251896 -10.3787867844429
338.350134243381 44.07448029134298 0 0 44.07448029134298 54.45326707578587 -10.3787867844429
338.350134243381 44.07448029134298 0 0 44.07448029134298 54.45326707578587 -10.3787867844429
338.350134243381 44.07448029134298 0 0 44.07448029134298 54.45326707578587 -10.3787867844429
338.6009263965788 44.23152712798306 0 0 44.23152712798306 54.61031391242595 -10.3787867844429
338.711661175661 44.24814990410941 0 0 44.24814990410941 54.62693668855231 -10.3787867844429
338.711661175661 44.24814990410941 0 0 44.24814990410941 54.62693668855231 -10.3787867844429
338.711661175661 44.24814990410941 0 0 44.24814990410941 54.62693668855231 -10.3787867844429
338.711661175661 44.24814990410941 0 0 44.24814990410941 54.62693668855231 -10.3787867844429
338.711661175661 44.24814990410941 0 0 44.24814990410941 54.62693668855231 -10.3787867844429
338.711661175661 44.24814990410941 0 0 44.24814990410941 54.62693668855231 -10.3787867844429
338.711661175661 44.24814990410941 0 0 44.24814990410941 54.62693668855231 -10.3787867844429
338.711661175661 44.24814990410941 0 0 44.24814990410941 54.62693668855231 -10.3787867844429
338.9514560898184 44.16043711973201 0 0 44.16043711973201 54.53922390417491 -10.3787867844429
339.0820004859773 44.10661449355575 0 0 44.10661449355575 54.48540127799865 -10.3787867844429
339.0820004859773 44.10661449355575 0 0 44.10661449355575 54.48540127799865 -10.3787867844429
339.0820004859773 44.10661449355575 0 0 44.10661449355575 54.48540127799865 -10.3787867844429
339.0820004859773 44.10661449355575 0 0 44.10661449355575 54.48540127799865 -10.3787867844429
339.0820004859773 44.10661449355575 0 0 44.10661449355575 54.48540127799865 -10.3787867844429
339.0820004859773 44.10661449355575 0 0 44.10661449355575 54.48540127799865 -10.3787867844429
339.0820004859773 44.10661449355575 0 0 44.10661449355575 54.48540127799865 -10.3787867844429
339.0820004859773 44.10661449355575 0 0 44.10661449355575 54.48540127799865 -10.3787867844429
339.0820004859773 44.10661449355575 0 0 44.10661449355575 54.48540127799865 -10.3787867844429
339.0820004859773 44.10661449355575 0 0 44.10661449355575 54.48540127799865 -10.3787867844429
339.0820004859773 44.10661449355575 0 0 44.10661449355575 54.48540127799865 -10.3787867844429
339.0815551743943 44.15374276667723 0 0 44.15374276667723 54.53252955112013 -10.3787867844429
339.1293018985088 44.14847647026566 0 0 44.14847647026566 54.52726325470856 -10.3787867844429
339.1293018985088 44.14847647026566 0 0 44.14847647026566 54.52726325470856 -10.3787867844429
339.1293018985088 44.14847647026566 0 0 44.14847647026566 54.52726325470856 -10.3787867844429
339.1293018985088 44.14847647026566 0 0 44.14847647026566 54.52726325470856 -10.3787867844429
339.1293018985088 44.14847647026566 0 0 44.14847647026566 54.52726325470856 -10.3787867844429
339.1293018985088 44.14847647026566 0 0 44.14847647026566 54.52726325470856 -10.3787867844429
339.1257704375819 44.14961483049088 0 0 44.14961483049088 54.52840161493378 -10.3787867844429
339.1257704375819 44.14961483049088 0 0 44.14961483049088 54.52840161493378 -10.3787867844429
339.1257704375819 44.14961483049088 0 0 44.14961483049088 54.52840161493378 -10.3787867844429
339.1257704375819 44.14961483049088 0 0 44.14961483049088 54.52840161493378 -10.3787867844429
339.1257704375819 44.14961483049088 0 0 44.14961483049088 54.52840161493378 -10.3787867844429
339.0814699577796 44.17635787436441 0 0 44.17635787436441 54.55514465880731 -10.3787867844429
339.0814699577796 44.17635787436441 0 0 44.17635787436441 54.55514465880731 -10.3787867844429
339.0814699577796 44.17635787436441 0 0 44.17635787436441 54.55514465880731 -10.3787867844429
339.0814699577796 44.17635787436441 0 0 44.17635787436441 54.55514465880731 -10.3787867844429
339.0814699577796 44.17635787436441 0 0 44.17635787436441 54.55514465880731 -10.3787867844429
339.1670379081392 44.28220440762087 0 0 44.28220440762087 54.66099119206377 -10.3787867844429
339.1670379081392 44.28220440762087 0 0 44.28220440762087 54.66099119206377 -10.3787867844429
339.1670379081392 44.28220440762087 0 0 44.28220440762087 54.66099119206377 -10.3787867844429
339.1670379081392 44.28220440762087 0 0 44.28220440762087 54.66099119206377 -10.3787867844429
339.1670379081392 44.28220440762087 0 0 44.28220440762087 54.66099119206377 -10.3787867844429
339.1670379081392 44.28220440762087 0 0 44.28220440762087 54.66099119206377 -10.3787867844429
339.1670379081392 44.28220440762087 0 0 44.28220440762087 54.66099119206377 -10.3787867844429
339.1670379081392 44.28220440762087 0 0 44.28220440762087 54.66099119206377 -10.3787867844429
339.1670379081392 44.28220440762087 0 0 44.28220440762087 54.66099119206377 -10.3787867844429
339.1670379081392 44.28220440762087 0 0 44.28220440762087 54.66099119206377 -10.3787867844429
338.9172850042809 44.34880535434658 0 0 44.34880535434658 54.72759213878948 -10.3787867844429
338.9172850042809 44.34880535434658 0 0 44.34880535434658 54.72759213878948 -10.3787867844429
339.2145550488503 44.40668937713751 0 0 44.40668937713751 54.78547616158041 -10.3787867844429
339.2145550488503 44.40668937713751 0 0 44.40668937713751 54.78547616158041 -10.3787867844429
339.2145550488503 44.40668937713751 0 0 44.40668937713751 54.78547616158041 -10.3787867844429
339.2145550488503 44.40668937713751 0 0 44.40668937713751 54.78547616158041 -10.3787867844429
339.2145550488503 44.40668937713751 0 0 44.40668937713751 54.78547616158041 -10.3787867844429
339.2145550488503 44.40668937713751 0 0 44.40668937713751 54.78547616158041 -10.3787867844429
339.2145550488503 44.40668937713751 0 0 44.40668937713751 54.78547616158041 -10.3787867844429
339.2145550488503 44.40668937713751 0 0 44.40668937713751 54.78547616158041 -10.3787867844429
339.2145550488503 44.40668937713751 0 0 44.40668937713751 54.78547616158041 -10.3787867844429
339.2145550488503 44.40668937713751 0 0 44.40668937713751 54.78547616158041 -10.3787867844429
339.2145550488503 44.40668937713751 0 0 44.40668937713751 54.78547616158041 -10.3787867844429
339.2145550488503 44.40668937713751 0 0 44.40668937713751 54.78547616158041 -10.3787867844429
339.2145550488503 44.40668937713751 0 0 44.40668937713751 54.78547616158041 -10.3787867844429
339.2145550488503 44.40668937713751 0 0 44.40668937713751 54.78547616158041 -10.3787867844429
339.2145550488503 44.40668937713751 0 0 44.40668937713751 54.78547616158041 -10.3787867844429
339.2145550488503 44.40668937713751 0 0 44.40668937713751 54.78547616158041 -10.3787867844429
339.2145550488503 44.40668937713751 0 0 44.40668937713751 54.78547616158041 -10.3787867844429
339.2145550488503 44.40668937713751 0 0 44.40668937713751 54.78547616158041 -10.3787867844429
339.2145550488503 44.40668937713751 0 0 44.40668937713751 54.78547616158041 -10.3787867844429
339.2145550488503 44.40668937713751 0 0 44.40668937713751 54.78547616158041 -10.3787867844429
339.2145550488503 44.40668937713751 0 0 44.40668937713751 54.78547616158041 -10.3787867844429
339.2145550488503 44.40668937713751 0 0 44.40668937713751 54.78547616158041 -10.3787867844429
339.2145550488503 44.40668937713751 0 0 44.40668937713751 54.78547616158041 -10.3787867844429
339.2145550488503 44.40668937713751 0 0 44.40668937713751 54.78547616158041 -10.3787867844429
339.2145550488503 44.40668937713751 0 0 44.40668937713751 54.78547616158041 -10.3787867844429
339.2145550488503 44.40668937713751 0 0 44.40668937713751 54.78547616158041 -10.3787867844429
339.2145550488503 44.40668937713751 0 0 44.40668937713751 54.78547616158041 -10.3787867844429
339.2145550488503 44.40668937713751 0 0 44.40668937713751 54.78547616158041 -10.3787867844429
339.3405826800099 44.33434977777088 0 0 44.33434977777088 54.71313656221378 -10.3787867844429
339.3405826800099 44.33434977777088 0 0 44.33434977777088 54.71313656221378 -10.3787867844429
339.5104426090253 44.36934768919801 0 0 44.36934768919801 54.74813447364091 -10.3787867844429
339.5104426090253 44.36934768919801 0 0 44.36934768919801 54.74813447364091 -10.3787867844429
339.3719530104007 44.28984555674228 0 0 44.28984555674228 54.66863234118517 -10.3787867844429
339.3719530104007 44.28984555674228 0 0 44.28984555674228 54.66863234118517 -10.3787867844429
339.3719530104007 44.28984555674228 0 0 44.28984555674228 54.66863234118517 -10.3787867844429
339.3719530104007 44.28984555674228 0 0 44.28984555674228 54.66863234118517 -10.3787867844429
339.3719530104007 44.28984555674228 0 0 44.28984555674228 54.66863234118517 -10.3787867844429
339.3719530104007 44.28984555674228 0 0 44.28984555674228 54.66863234118517 -10.3787867844429
339.3719530104007 44.28984555674228 0 0 44.28984555674228 54.66863234118517 -10.3787867844429
339.3719530104007 44.28984555674228 0 0 44.28984555674228 54.66863234118517 -10.3787867844429
339.3719530104007 44.28984555674228 0 0 44.28984555674228 54.66863234118517 -10.3787867844429
339.2659456002069 44.27644871332907 0 0 44.27644871332907 54.65523549777198 -10.3787867844429
339.2659456002069 44.27644871332907 0 0 44.27644871332907 54.65523549777198 -10.3787867844429
339.2659456002069 44.27644871332907 0 0 44.27644871332907 54.65523549777198 -10.3787867844429
339.2659456002069 44.27644871332907 0 0 44.27644871332907 54.65523549777198 -10.3787867844429
339.2659456002069 44.27644871332907 0 0 44.27644871332907 54.65523549777198 -10.3787867844429
339.2659456002069 44.27644871332907 0 0 44.27644871332907 54.65523549777198 -10.3787867844429
339.2659456002069 44.27644871332907 0 0 44.27644871332907 54.65523549777198 -10.3787867844429
339.2659456002069 44.27644871332907 0 0 44.27644871332907 54.65523549777198 -10.3787867844429
339.2659456002069 44.27644871332907 0 0 44.27644871332907 54.65523549777198 -10.3787867844429
339.2659456002069 44.27644871332907 0 0 44.27644871332907 54.65523549777198 -10.3787867844429
339.2659456002069 44.27644871332907 0 0 44.27644871332907 54.65523549777198 -10.3787867844429
339.2659456002069 44.27644871332907 0 0 44.27644871332907 54.65523549777198 -10.3787867844429
339.2659456002069 44.27644871332907 0 0 44.27644871332907 54.65523549777198 -10.3787867844429
339.2659456002069 44.27644871332907 0 0 44.27644871332907 54.65523549777198 -10.3787867844429
339.2659456002069 44.27644871332907 0 0 44.27644871332907 54.65523549777198 -10.3787867844429
339.2659456002069 44.27644871332907 0 0 44.27644871332907 54.65523549777198 -10.3787867844429
339.3838527347189 44.36963529358228 0 0 44.36963529358228 54.74842207802517 -10.3787867844429
339.3838527347189 44.36963529358228 0 0 44.36963529358228 54.74842207802517 -10.3787867844429
339.3838527347189 44.36963529358228 0 0 44.36963529358228 54.74842207802517 -10.3787867844429
339.3838527347189 44.36963529358228 0 0 44.36963529358228 54.74842207802517 -10.3787867844429
339.3838527347189 44.36963529358228 0 0 44.36963529358228 54.74842207802517 -10.3787867844429
339.3838527347189 44.36963529358228 0 0 44.36963529358228 54.74842207802517 -10.3787867844429
339.3838527347189 44.36963529358228 0 0 44.36963529358228 54.74842207802517 -10.3787867844429
339.3838527347189 44.36963529358228 0 0 44.36963529358228 54.74842207802517 -10.3787867844429
339.3838527347189 44.36963529358228 0 0 44.36963529358228 54.74842207802517 -10.3787867844429
339.3838527347189 44.36963529358228 0 0 44.36963529358228 54.74842207802517 -10.3787867844429
339.3838527347189 44.36963529358228 0 0 44.36963529358228 54.74842207802517 -10.3787867844429
339.3838527347189 44.36963529358228 0 0 44.36963529358228 54.74842207802517 -10.3787867844429
339.3838527347189 44.36963529358228 0 0 44.36963529358228 54.74842207802517 -10.3787867844429
339.3838527347189 44.36963529358228 0 0 44.36963529358228 54.74842207802517 -10.3787867844429
339.3838527347189 44.36963529358228 0 0 44.36963529358228 54.74842207802517 -10.3787867844429
339.3838527347189 44.36963529358228 0 0 44.36963529358228 54.74842207802517 -10.3787867844429
339.3838527347189 44.36963529358228 0 0 44.36963529358228 54.74842207802517 -10.3787867844429
339.3838527347189 44.36963529358228 0 0 44.36963529358228 54.74842207802517 -10.3787867844429
339.3838527347189 44.36963529358228 0 0 44.36963529358228 54.74842207802517 -10.3787867844429
339.3838527347189 44.36963529358228 0 0 44.36963529358228 54.74842207802517 -10.3787867844429
339.3838527347189 44.36963529358228 0 0 44.36963529358228 54.74842207802517 -10.3787867844429
339.3838527347189 44.36963529358228 0 0 44.36963529358228 54.74842207802517 -10.3787867844429
339.3838527347189 44.36963529358228 0 0 44.36963529358228 54.74842207802517 -10.3787867844429
339.3838527347189 44.36963529358228 0 0 44.36963529358228 54.74842207802517 -10.3787867844429
339.3838527347189 44.36963529358228 0 0 44.36963529358228 54.74842207802517 -10.3787867844429
339.3838527347189 44.36963529358228 0 0 44.36963529358228 54.74842207802517 -10.3787867844429
339.3838527347189 44.36963529358228 0 0 44.36963529358228 54.74842207802517 -10.3787867844429
339.3838527347189 44.36963529358228 0 0 44.36963529358228 54.74842207802517 -10.3787867844429
339.3838527347189 44.36963529358228 0 0 44.36963529358228 54.74842207802517 -10.3787867844429
339.3838527347189 44.36963529358228 0 0 44.36963529358228 54.74842207802517 -10.3787867844429
339.3838527347189 44.36963529358228 0 0 44.36963529358228 54.74842207802517 -10.3787867844429
339.3838527347189 44.36963529358228 0 0 44.36963529358228 54.74842207802517 -10.3787867844429
339.3838527347189 44.36963529358228 0 0 44.36963529358228 54.74842207802517 -10.3787867844429
339.3838527347189 44.36963529358228 0 0 44.36963529358228 54.74842207802517 -10.3787867844429
339.3838527347189 44.36963529358228 0 0 44.36963529358228 54.74842207802517 -10.3787867844429
339.3838527347189 44.36963529358228 0 0 44.36963529358228 54.74842207802517 -10.3787867844429
339.3838527347189 44.36963529358228 0 0 44.36963529358228 54.74842207802517 -10.3787867844429
339.3838527347189 44.36963529358228 0 0 44.36963529358228 54.74842207802517 -10.3787867844429
339.3838527347189 44.36963529358228 0 0 44.36963529358228 54.74842207802517 -10.3787867844429
339.3838527347189 44.36963529358228 0 0 44.36963529358228 54.74842207802517 -10.3787867844429
339.3838527347189 44.36963529358228 0 0 44.36963529358228 54.74842207802517 -10.3787867844429
339.5634629964505 44.38938311320891 0 0 44.38938311320891 54.76816989765181 -10.3787867844429
339.5634629964505 44.38938311320891 0 0 44.38938311320891 54.76816989765181 -10.3787867844429
339.5634629964505 44.38938311320891 0 0 44.38938311320891 54.76816989765181 -10.3787867844429
339.5634629964505 44.38938311320891 0 0 44.38938311320891 54.76816989765181 -10.3787867844429
339.5634629964505 44.38938311320891 0 0 44.38938311320891 54.76816989765181 -10.3787867844429
339.5634629964505 44.38938311320891 0 0 44.38938311320891 54.76816989765181 -10.3787867844429
339.5634629964505 44.38938311320891 0 0 44.38938311320891 54.76816989765181 -10.3787867844429
339.5634629964505 44.38938311320891 0 0 44.38938311320891 54.76816989765181 -10.3787867844429
339.5634629964505 44.38938311320891 0 0 44.38938311320891 54.76816989765181 -10.3787867844429
339.7040686835687 44.35097665847132 0 0 44.35097665847132 54.72976344291423 -10.3787867844429
339.5597702129188 44.31438480475191 0 0 44.31438480475191 54.69317158919481 -10.3787867844429
339.6560359045801 44.38025265718326 0 0 44.38025265718326 54.75903944162616 -10.3787867844429
339.4373887377513 44.3530242348813 0 0 44.3530242348813 54.7318110193242 -10.3787867844429
339.4373887377513 44.3530242348813 0 0 44.3530242348813 54.7318110193242 -10.3787867844429
339.4373887377513 44.3530242348813 0 0 44.3530242348813 54.7318110193242 -10.3787867844429
339.4373887377513 44.3530242348813 0 0 44.3530242348813 54.7318110193242 -10.3787867844429
339.4373887377513 44.3530242348813 0 0 44.3530242348813 54.7318110193242 -10.3787867844429
339.4373887377513 44.3530242348813 0 0 44.3530242348813 54.7318110193242 -10.3787867844429
339.4373887377513 44.3530242348813 0 0 44.3530242348813 54.7318110193242 -10.3787867844429
339.4373887377513 44.3530242348813 0 0 44.3530242348813 54.7318110193242 -10.3787867844429
339.4373887377513 44.3530242348813 0 0 44.3530242348813 54.7318110193242 -10.3787867844429
339.4373887377513 44.3530242348813 0 0 44.3530242348813 54.7318110193242 -10.3787867844429
339.4373887377513 44.3530242348813 0 0 44.3530242348813 54.7318110193242 -10.3787867844429
339.4373887377513 44.3530242348813 0 0 44.3530242348813 54.7318110193242 -10.3787867844429
339.4373887377513 44.3530242348813 0 0 44.3530242348813 54.7318110193242 -10.3787867844429
339.4373887377513 44.3530242348813 0 0 44.3530242348813 54.7318110193242 -10.3787867844429
339.4373887377513 44.3530242348813 0 0 44.3530242348813 54.7318110193242 -10.3787867844429
339.4373887377513 44.3530242348813 0 0 44.3530242348813 54.7318110193242 -10.3787867844429
339.4373887377513 44.3530242348813 0 0 44.3530242348813 54.7318110193242 -10.3787867844429
339.7742045681163 44.24979442674585 0 0 44.24979442674585 54.62858121118875 -10.3787867844429
339.7742045681163 44.24979442674585 0 0 44.24979442674585 54.62858121118875 -10.3787867844429
339.7742045681163 44.24979442674585 0 0 44.24979442674585 54.62858121118875 -10.3787867844429
339.7742045681163 44.24979442674585 0 0 44.24979442674585 54.62858121118875 -10.3787867844429
339.7742045681163 44.24979442674585 0 0 44.24979442674585 54.62858121118875 -10.3787867844429
339.6345142972165 44.32231936287153 0 0 44.32231936287153 54.70110614731442 -10.3787867844429
339.4838850800704 44.25742738443984 0 0 44.25742738443984 54.63621416888274 -10.3787867844429
339.6569940173526 44.21270900794673 0 0 44.21270900794673 54.59149579238963 -10.3787867844429
339.5652880651896 44.22893183397288 0 0 44.22893183397288 54.60771861841578 -10.3787867844429
339.5652880651896 44.22893183397288 0 0 44.22893183397288 54.60771861841578 -10.3787867844429
339.5652880651896 44.22893183397288 0 0 44.22893183397288 54.60771861841578 -10.3787867844429
339.5652880651896 44.22893183397288 0 0 44.22893183397288 54.60771861841578 -10.3787867844429
339.5627813445885 44.26929451974264 0 0 44.26929451974264 54.64808130418554 -10.3787867844429
339.6231678003859 44.22457994446474 0 0 44.22457994446474 54.60336672890764 -10.3787867844429
339.637176455094 44.10497660597557 0 0 44.10497660597557 54.48376339041846 -10.3787867844429
339.637176455094 44.10497660597557 0 0 44.10497660597557 54.48376339041846 -10.3787867844429
339.637176455094 44.10497660597557 0 0 44.10497660597557 54.48376339041846 -10.3787867844429
339.637176455094 44.10497660597557 0 0 44.10497660597557 54.48376339041846 -10.3787867844429
339.637176455094 44.10497660597557 0 0 44.10497660597557 54.48376339041846 -10.3787867844429
339.637176455094 44.10497660597557 0 0 44.10497660597557 54.48376339041846 -10.3787867844429
339.637176455094 44.10497660597557 0 0 44.10497660597557 54.48376339041846 -10.3787867844429
339.637176455094 44.10497660597557 0 0 44.10497660597557 54.48376339041846 -10.3787867844429
339.637176455094 44.10497660597557 0 0 44.10497660597557 54.48376339041846 -10.3787867844429
339.637176455094 44.10497660597557 0 0 44.10497660597557 54.48376339041846 -10.3787867844429
339.637176455094 44.10497660597557 0 0 44.10497660597557 54.48376339041846 -10.3787867844429
339.637176455094 44.10497660597557 0 0 44.10497660597557 54.48376339041846 -10.3787867844429
339.637176455094 44.10497660597557 0 0 44.10497660597557 54.48376339041846 -10.3787867844429
339.6371803919448 44.10486824836138 0 0 44.10486824836138 54.48365503280428 -10.3787867844429
339.6371803919448 44.10486824836138 0 0 44.10486824836138 54.48365503280428 -10.3787867844429
339.6371803919448 44.10486824836138 0 0 44.10486824836138 54.48365503280428 -10.3787867844429
339.6371803919448 44.10486824836138 0 0 44.10486824836138 54.48365503280428 -10.3787867844429
339.3168432823798 44.1014045848955 0 0 44.1014045848955 54.4801913693384 -10.3787867844429
339.3168432823798 44.1014045848955 0 0 44.1014045848955 54.4801913693384 -10.3787867844429
339.3168432823798 44.1014045848955 0 0 44.1014045848955 54.4801913693384 -10.3787867844429
339.3168432823798 44.1014045848955 0 0 44.1014045848955 54.4801913693384 -10.3787867844429
339.3168432823798 44.1014045848955 0 0 44.1014045848955 54.4801913693384 -10.3787867844429
339.4142077080303 43.97037264516763 0 0 43.97037264516763 54.34915942961052 -10.3787867844429
339.4142077080303 43.97037264516763 0 0 43.97037264516763 54.34915942961052 -10.3787867844429
339.5295157518329 44.08437402359868 0 0 44.08437402359868 54.46316080804158 -10.3787867844429
339.5295157518329 44.08437402359868 0 0 44.08437402359868 54.46316080804158 -10.3787867844429
339.5295157518329 44.08437402359868 0 0 44.08437402359868 54.46316080804158 -10.3787867844429
339.5295157518329 44.08437402359868 0 0 44.08437402359868 54.46316080804158 -10.3787867844429
339.5295157518329 44.08437402359868 0 0 44.08437402359868 54.46316080804158 -10.3787867844429
339.5295157518329 44.08437402359868 0 0 44.08437402359868 54.46316080804158 -10.3787867844429
339.5533223608938 44.03245872388111 0 0 44.03245872388111 54.411245508324 -10.3787867844429
339.5533223608938 44.03245872388111 0 0 44.03245872388111 54.411245508324 -10.3787867844429
339.5533223608938 44.03245872388111 0 0 44.03245872388111 54.411245508324 -10.3787867844429
339.5533223608938 44.03245872388111 0 0 44.03245872388111 54.411245508324 -10.3787867844429
339.5533223608938 44.03245872388111 0 0 44.03245872388111 54.411245508324 -10.3787867844429
339.5533223608938 44.03245872388111 0 0 44.03245872388111 54.411245508324 -10.3787867844429
339.3711194020443 44.02802670061519 0 0 44.02802670061519 54.40681348505808 -10.3787867844429
339.5258732110632 44.02337124424668 0 0 44.02337124424668 54.40215802868957 -10.3787867844429
339.5258732110632 44.02337124424668 0 0 44.02337124424668 54.40215802868957 -10.3787867844429
339.5258732110632 44.02337124424668 0 0 44.02337124424668 54.40215802868957 -10.3787867844429
339.7788033109534 44.0972760233775 0 0 44.0972760233775 54.4760628078204 -10.3787867844429
339.7788033109534 44.0972760233775 0 0 44.0972760233775 54.4760628078204 -10.3787867844429
339.6229810943581 44.05570957634757 0 0 44.05570957634757 54.43449636079047 -10.3787867844429
339.6229810943581 44.05570957634757 0 0 44.05570957634757 54.43449636079047 -10.3787867844429
339.6229810943581 44.05570957634757 0 0 44.05570957634757 54.43449636079047 -10.3787867844429
339.6229810943581 44.05570957634757 0 0 44.05570957634757 54.43449636079047 -10.3787867844429
339.6229810943581 44.05570957634757 0 0 44.05570957634757 54.43449636079047 -10.3787867844429
339.6229810943581 44.05570957634757 0 0 44.05570957634757 54.43449636079047 -10.3787867844429
339.6229810943581 44.05570957634757 0 0 44.05570957634757 54.43449636079047 -10.3787867844429
339.6229810943581 44.05570957634757 0 0 44.05570957634757 54.43449636079047 -10.3787867844429
339.6229810943581 44.05570957634757 0 0 44.05570957634757 54.43449636079047 -10.3787867844429
339.6229810943581 44.05570957634757 0 0 44.05570957634757 54.43449636079047 -10.3787867844429
339.6229810943581 44.05570957634757 0 0 44.05570957634757 54.43449636079047 -10.3787867844429
339.6229810943581 44.05570957634757 0 0 44.05570957634757 54.43449636079047 -10.3787867844429
339.6229810943581 44.05570957634757 0 0 44.05570957634757 54.43449636079047 -10.3787867844429
339.6229810943581 44.05570957634757 0 0 44.05570957634757 54.43449636079047 -10.3787867844429
339.6229810943581 44.05570957634757 0 0 44.05570957634757 54.43449636079047 -10.3787867844429
339.6229810943581 44.05570957634757 0 0 44.05570957634757 54.43449636079047 -10.3787867844429
339.6229810943581 44.05570957634757 0 0 44.05570957634757 54.43449636079047 -10.3787867844429
339.5594645149345 44.09508141998192 0 0 44.09508141998192 54.47386820442483 -10.3787867844429
339.5594645149345 44.09508141998192 0 0 44.09508141998192 54.47386820442483 -10.3787867844429
339.5594645149345 44.09508141998192 0 0 44.09508141998192 54.47386820442483 -10.3787867844429
339.5594645149345 44.09508141998192 0 0 44.09508141998192 54.47386820442483 -10.3787867844429
339.5594645149345 44.09508141998192 0 0 44.09508141998192 54.47386820442483 -10.3787867844429
339.5594645149345 44.09508141998192 0 0 44.09508141998192 54.47386820442483 -10.3787867844429
339.5594645149345 44.09508141998192 0 0 44.09508141998192 54.47386820442483 -10.3787867844429
339.5594645149345 44.09508141998192 0 0 44.09508141998192 54.47386820442483 -10.3787867844429
339.7570578822325 43.97329486970227 0 0 43.97329486970227 54.35208165414517 -10.3787867844429
339.9427957863084 44.11642580845825 0 0 44.11642580845825 54.49521259290115 -10.3787867844429
339.9427957863084 44.11642580845825 0 0 44.11642580845825 54.49521259290115 -10.3787867844429
339.9427957863084 44.11642580845825 0 0 44.11642580845825 54.49521259290115 -10.3787867844429
339.9427957863084 44.11642580845825 0 0 44.11642580845825 54.49521259290115 -10.3787867844429
339.9919319308642 44.06797386933629 0 0 44.06797386933629 54.44676065377918 -10.3787867844429
339.9919319308642 44.06797386933629 0 0 44.06797386933629 54.44676065377918 -10.3787867844429
339.803044597119 44.08697873534618 0 0 44.08697873534618 54.46576551978907 -10.3787867844429
339.803044597119 44.08697873534618 0 0 44.08697873534618 54.46576551978907 -10.3787867844429
339.803044597119 44.08697873534618 0 0 44.08697873534618 54.46576551978907 -10.3787867844429
339.8012586709342 44.08469870217023 0 0 44.08469870217023 54.46348548661312 -10.3787867844429
339.8012586709342 44.08469870217023 0 0 44.08469870217023 54.46348548661312 -10.3787867844429
339.8012586709342 44.08469870217023 0 0 44.08469870217023 54.46348548661312 -10.3787867844429
339.8012586709342 44.08469870217023 0 0 44.08469870217023 54.46348548661312 -10.3787867844429
339.8012586709342 44.08469870217023 0 0 44.08469870217023 54.46348548661312 -10.3787867844429
339.8012586709342 44.08469870217023 0 0 44.08469870217023 54.46348548661312 -10.3787867844429
339.8012586709342 44.08469870217023 0 0 44.08469870217023 54.46348548661312 -10.3787867844429
339.8012586709342 44.08469870217023 0 0 44.08469870217023 54.46348548661312 -10.3787867844429
340.0931145784799 44.23597472234158 0 0 44.23597472234158 54.61476150678448 -10.3787867844429
340.0931145784799 44.23597472234158 0 0 44.23597472234158 54.61476150678448 -10.3787867844429
340.0924837387125 44.23456264323627 0 0 44.23456264323627 54.61334942767917 -10.3787867844429
340.0924837387125 44.23456264323627 0 0 44.23456264323627 54.61334942767917 -10.3787867844429
340.0924837387125 44.23456264323627 0 0 44.23456264323627 54.61334942767917 -10.3787867844429
340.0924837387125 44.23456264323627 0 0 44.23456264323627 54.61334942767917 -10.3787867844429
340.0924837387125 44.23456264323627 0 0 44.23456264323627 54.61334942767917 -10.3787867844429
340.0924837387125 44.23456264323627 0 0 44.23456264323627 54.61334942767917 -10.3787867844429
340.0924837387125 44.23456264323627 0 0 44.23456264323627 54.61334942767917 -10.3787867844429
340.0924837387125 44.23456264323627 0 0 44.23456264323627 54.61334942767917 -10.3787867844429
340.0924837387125 44.23456264323627 0 0 44.23456264323627 54.61334942767917 -10.3787867844429
340.0924837387125 44.23456264323627 0 0 44.23456264323627 54.61334942767917 -10.3787867844429
340.0924837387125 44.23456264323627 0 0 44.23456264323627 54.61334942767917 -10.3787867844429
340.0924837387125 44.23456264323627 0 0 44.23456264323627 54.61334942767917 -10.3787867844429
340.0924837387125 44.23456264323627 0 0 44.23456264323627 54.61334942767917 -10.3787867844429
340.0924837387125 44.23456264323627 0 0 44.23456264323627 54.61334942767917 -10.3787867844429
340.0891031924054 44.20025555087254 0 0 44.20025555087254 54.57904233531544 -10.3787867844429
340.0891031924054 44.20025555087254 0 0 44.20025555087254 54.57904233531544 -10.3787867844429
340.0891031924054 44.20025555087254 0 0 44.20025555087254 54.57904233531544 -10.3787867844429
340.0891031924054 44.20025555087254 0 0 44.20025555087254 54.57904233531544 -10.3787867844429
340.0891031924054 44.20025555087254 0 0 44.20025555087254 54.57904233531544 -10.3787867844429
340.0891031924054 44.20025555087254 0 0 44.20025555087254 54.57904233531544 -10.3787867844429
340.0891031924054 44.20025555087254 0 0 44.20025555087254 54.57904233531544 -10.3787867844429
340.0891031924054 44.20025555087254 0 0 44.20025555087254 54.57904233531544 -10.3787867844429
340.0891031924054 44.20025555087254 0 0 44.20025555087254 54.57904233531544 -10.3787867844429
340.0891031924054 44.20025555087254 0 0 44.20025555087254 54.57904233531544 -10.3787867844429
340.0891031924054 44.20025555087254 0 0 44.20025555087254 54.57904233531544 -10.3787867844429
340.0891031924054 44.20025555087254 0 0 44.20025555087254 54.57904233531544 -10.3787867844429
340.2597224367231 44.08191865838198 0 0 44.08191865838198 54.46070544282488 -10.3787867844429
340.2597224367231 44.08191865838198 0 0 44.08191865838198 54.46070544282488 -10.3787867844429
340.2033118308963 44.0217573052344 0 0 44.0217573052344 54.4005440896773 -10.3787867844429
339.1397953577002 43.93250413730965 0 0 43.93250413730965 54.31129092175254 -10.3787867844429
339.3707857014901 43.93176981596423 0 0 43.93176981596423 54.31055660040712 -10.3787867844429
339.3707857014901 43.93176981596423 0 0 43.93176981596423 54.31055660040712 -10.3787867844429
339.3177400489605 43.9481883093756 0 0 43.9481883093756 54.3269750938185 -10.3787867844429
339.3177400489605 43.9481883093756 0 0 43.9481883093756 54.3269750938185 -10.3787867844429
339.3177400489605 43.9481883093756 0 0 43.9481883093756 54.3269750938185 -10.3787867844429
339.3177400489605 43.9481883093756 0 0 43.9481883093756 54.3269750938185 -10.3787867844429
340.2426062466735 43.85628538084794 0 0 43.85628538084794 54.23507216529083 -10.3787867844429
340.2426062466735 43.85628538084794 0 0 43.85628538084794 54.23507216529083 -10.3787867844429
340.2426062466735 43.85628538084794 0 0 43.85628538084794 54.23507216529083 -10.3787867844429
340.2426062466735 43.85628538084794 0 0 43.85628538084794 54.23507216529083 -10.3787867844429
340.2481477614193 43.85482477128352 0 0 43.85482477128352 54.23361155572642 -10.3787867844429
340.2481477614193 43.85482477128352 0 0 43.85482477128352 54.23361155572642 -10.3787867844429
340.2481477614193 43.85482477128352 0 0 43.85482477128352 54.23361155572642 -10.3787867844429
340.2481477614193 43.85482477128352 0 0 43.85482477128352 54.23361155572642 -10.3787867844429
340.1888453876202 43.88759349564059 0 0 43.88759349564059 54.26638028008349 -10.3787867844429
340.0178488600136 43.89074631700771 0 0 43.89074631700771 54.26953310145061 -10.3787867844429
340.1961638119275 43.93701281472609 0 0 43.93701281472609 54.31579959916899 -10.3787867844429
340.1431218930823 43.8522497776017 0 0 43.8522497776017 54.2310365620446 -10.3787867844429
340.1431218930823 43.8522497776017 0 0 43.8522497776017 54.2310365620446 -10.3787867844429
340.1431218930823 43.8522497776017 0 0 43.8522497776017 54.2310365620446 -10.3787867844429
340.1431218930823 43.8522497776017 0 0 43.8522497776017 54.2310365620446 -10.3787867844429
340.1431218930823 43.8522497776017 0 0 43.8522497776017 54.2310365620446 -10.3787867844429
340.1431218930823 43.8522497776017 0 0 43.8522497776017 54.2310365620446 -10.3787867844429
340.1431218930823 43.8522497776017 0 0 43.8522497776017 54.2310365620446 -10.3787867844429
340.1431218930823 43.8522497776017 0 0 43.8522497776017 54.2310365620446 -10.3787867844429
339.9562184027137 43.87757095069516 0 0 43.87757095069516 54.25635773513805 -10.3787867844429
339.9562184027137 43.87757095069516 0 0 43.87757095069516 54.25635773513805 -10.3787867844429
339.9562184027137 43.87757095069516 0 0 43.87757095069516 54.25635773513805 -10.3787867844429
339.9562184027137 43.87757095069516 0 0 43.87757095069516 54.25635773513805 -10.3787867844429
339.9562184027137 43.87757095069516 0 0 43.87757095069516 54.25635773513805 -10.3787867844429
339.9562184027137 43.87757095069516 0 0 43.87757095069516 54.25635773513805 -10.3787867844429
339.9562184027137 43.87757095069516 0 0 43.87757095069516 54.25635773513805 -10.3787867844429
339.9562184027137 43.87757095069516 0 0 43.87757095069516 54.25635773513805 -10.3787867844429
339.9562184027137 43.87757095069516 0 0 43.87757095069516 54.25635773513805 -10.3787867844429
339.9562184027137 43.87757095069516 0 0 43.87757095069516 54.25635773513805 -10.3787867844429
339.9562184027137 43.87757095069516 0 0 43.87757095069516 54.25635773513805 -10.3787867844429
339.9562184027137 43.87757095069516 0 0 43.87757095069516 54.25635773513805 -10.3787867844429
339.9562184027137 43.87757095069516 0 0 43.87757095069516 54.25635773513805 -10.3787867844429
339.9562184027137 43.87757095069516 0 0 43.87757095069516 54.25635773513805 -10.3787867844429
339.9562184027137 43.87757095069516 0 0 43.87757095069516 54.25635773513805 -10.3787867844429
339.9562184027137 43.87757095069516 0 0 43.87757095069516 54.25635773513805 -10.3787867844429
339.9562184027137 43.87757095069516 0 0 43.87757095069516 54.25635773513805 -10.3787867844429
339.9562184027137 43.87757095069516 0 0 43.87757095069516 54.25635773513805 -10.3787867844429
