totalLogLikelihoodDensity totalLogPriorDensity H1NoiseLogPriorDensity L1NoiseLogPriorDensity gwLogPriorDensity gwExtrinsicLogPriorDensityTracker gwCbcLogPriorDensityTracker
240.5712073666658 43.70978906200614 0 0 43.70978906200614 54.08857584644904 -10.3787867844429
318.0240383008922 44.09521409535402 0 0 44.09521409535402 54.47400087979692 -10.3787867844429
323.2082843457302 44.0796981474368 0 0 44.0796981474368 54.4584849318797 -10.3787867844429
323.2082843457302 44.0796981474368 0 0 44.0796981474368 54.4584849318797 -10.3787867844429
324.9011746857026 44.12432483078086 0 0 44.12432483078086 54.50311161522376 -10.3787867844429
324.9011746857026 44.12432483078086 0 0 44.12432483078086 54.50311161522376 -10.3787867844429
324.9011746857026 44.12432483078086 0 0 44.12432483078086 54.50311161522376 -10.3787867844429
324.9011746857026 44.12432483078086 0 0 44.12432483078086 54.50311161522376 -10.3787867844429
324.9011746857026 44.12432483078086 0 0 44.12432483078086 54.50311161522376 -10.3787867844429
324.9011746857026 44.12432483078086 0 0 44.12432483078086 54.50311161522376 -10.3787867844429
324.9011746857026 44.12432483078086 0 0 44.12432483078086 54.50311161522376 -10.3787867844429
324.9011746857026 44.12432483078086 0 0 44.12432483078086 54.50311161522376 -10.3787867844429
324.9011746857026 44.12432483078086 0 0 44.12432483078086 54.50311161522376 -10.3787867844429
324.9011746857026 44.12432483078086 0 0 44.12432483078086 54.50311161522376 -10.3787867844429
324.9011746857026 44.12432483078086 0 0 44.12432483078086 54.50311161522376 -10.3787867844429
324.9011746857026 44.12432483078086 0 0 44.12432483078086 54.50311161522376 -10.3787867844429
324.9011746857026 44.12432483078086 0 0 44.12432483078086 54.50311161522376 -10.3787867844429
324.9011746857026 44.12432483078086 0 0 44.12432483078086 54.50311161522376 -10.3787867844429
324.9011746857026 44.12432483078086 0 0 44.12432483078086 54.50311161522376 -10.3787867844429
324.9011746857026 44.12432483078086 0 0 44.12432483078086 54.50311161522376 -10.3787867844429
324.9011746857026 44.12432483078086 0 0 44.12432483078086 54.50311161522376 -10.3787867844429
324.9011746857026 44.12432483078086 0 0 44.12432483078086 54.50311161522376 -10.3787867844429
324.9011746857026 44.12432483078086 0 0 44.12432483078086 54.50311161522376 -10.3787867844429
324.9011746857026 44.12432483078086 0 0 44.12432483078086 54.50311161522376 -10.3787867844429
324.9011746857026 44.12432483078086 0 0 44.12432483078086 54.50311161522376 -10.3787867844429
324.9011746857026 44.12432483078086 0 0 44.12432483078086 54.50311161522376 -10.3787867844429
324.9011746857026 44.12432483078086 0 0 44.12432483078086 54.50311161522376 -10.3787867844429
324.9011746857026 44.12432483078086 0 0 44.12432483078086 54.50311161522376 -10.3787867844429
324.9011746857026 44.12432483078086 0 0 44.12432483078086 54.50311161522376 -10.3787867844429
324.9011746857026 44.12432483078086 0 0 44.12432483078086 54.50311161522376 -10.3787867844429
324.9011746857026 44.12432483078086 0 0 44.12432483078086 54.50311161522376 -10.3787867844429
326.6643706499398 44.20080023876616 0 0 44.20080023876616 54.57958702320906 -10.3787867844429
326.6643706499398 44.20080023876616 0 0 44.20080023876616 54.57958702320906 -10.3787867844429
326.6643706499398 44.20080023876616 0 0 44.20080023876616 54.57958702320906 -10.3787867844429
326.6643706499398 44.20080023876616 0 0 44.20080023876616 54.57958702320906 -10.3787867844429
326.6643706499398 44.20080023876616 0 0 44.20080023876616 54.57958702320906 -10.3787867844429
326.6643706499398 44.20080023876616 0 0 44.20080023876616 54.57958702320906 -10.3787867844429
326.6643706499398 44.20080023876616 0 0 44.20080023876616 54.57958702320906 -10.3787867844429
326.6643706499398 44.20080023876616 0 0 44.20080023876616 54.57958702320906 -10.3787867844429
326.6643706499398 44.20080023876616 0 0 44.20080023876616 54.57958702320906 -10.3787867844429
326.6643706499398 44.20080023876616 0 0 44.20080023876616 54.57958702320906 -10.3787867844429
326.6643706499398 44.20080023876616 0 0 44.20080023876616 54.57958702320906 -10.3787867844429
326.6643706499398 44.20080023876616 0 0 44.20080023876616 54.57958702320906 -10.3787867844429
326.6643706499398 44.20080023876616 0 0 44.20080023876616 54.57958702320906 -10.3787867844429
326.6643706499398 44.20080023876616 0 0 44.20080023876616 54.57958702320906 -10.3787867844429
326.6643706499398 44.20080023876616 0 0 44.20080023876616 54.57958702320906 -10.3787867844429
326.6643706499398 44.20080023876616 0 0 44.20080023876616 54.57958702320906 -10.3787867844429
326.6643706499398 44.20080023876616 0 0 44.20080023876616 54.57958702320906 -10.3787867844429
326.6643706499398 44.20080023876616 0 0 44.20080023876616 54.57958702320906 -10.3787867844429
326.6643706499398 44.20080023876616 0 0 44.20080023876616 54.57958702320906 -10.3787867844429
326.6643706499398 44.20080023876616 0 0 44.20080023876616 54.57958702320906 -10.3787867844429
326.6643706499398 44.20080023876616 0 0 44.20080023876616 54.57958702320906 -10.3787867844429
326.6643706499398 44.20080023876616 0 0 44.20080023876616 54.57958702320906 -10.3787867844429
326.6643706499398 44.20080023876616 0 0 44.20080023876616 54.57958702320906 -10.3787867844429
326.6643706499398 44.20080023876616 0 0 44.20080023876616 54.57958702320906 -10.3787867844429
326.6643706499398 44.20080023876616 0 0 44.20080023876616 54.57958702320906 -10.3787867844429
326.6643706499398 44.20080023876616 0 0 44.20080023876616 54.57958702320906 -10.3787867844429
326.6643706499398 44.20080023876616 0 0 44.20080023876616 54.57958702320906 -10.3787867844429
326.6643706499398 44.20080023876616 0 0 44.20080023876616 54.57958702320906 -10.3787867844429
327.1370023070133 44.2235584141323 0 0 44.2235584141323 54.60234519857519 -10.3787867844429
327.1370023070133 44.2235584141323 0 0 44.2235584141323 54.60234519857519 -10.3787867844429
327.1370023070133 44.2235584141323 0 0 44.2235584141323 54.60234519857519 -10.3787867844429
327.1370023070133 44.2235584141323 0 0 44.2235584141323 54.60234519857519 -10.3787867844429
327.1370023070133 44.2235584141323 0 0 44.2235584141323 54.60234519857519 -10.3787867844429
327.1370023070133 44.2235584141323 0 0 44.2235584141323 54.60234519857519 -10.3787867844429
327.1370023070133 44.2235584141323 0 0 44.2235584141323 54.60234519857519 -10.3787867844429
327.1370023070133 44.2235584141323 0 0 44.2235584141323 54.60234519857519 -10.3787867844429
327.1370023070133 44.2235584141323 0 0 44.2235584141323 54.60234519857519 -10.3787867844429
327.1370023070133 44.2235584141323 0 0 44.2235584141323 54.60234519857519 -10.3787867844429
327.1370023070133 44.2235584141323 0 0 44.2235584141323 54.60234519857519 -10.3787867844429
327.8340986044127 44.25944212092939 0 0 44.25944212092939 54.63822890537229 -10.3787867844429
327.8340986044127 44.25944212092939 0 0 44.25944212092939 54.63822890537229 -10.3787867844429
327.8340986044127 44.25944212092939 0 0 44.25944212092939 54.63822890537229 -10.3787867844429
327.8340986044127 44.25944212092939 0 0 44.25944212092939 54.63822890537229 -10.3787867844429
327.8340986044127 44.25944212092939 0 0 44.25944212092939 54.63822890537229 -10.3787867844429
327.8340986044127 44.25944212092939 0 0 44.25944212092939 54.63822890537229 -10.3787867844429
327.8340986044127 44.25944212092939 0 0 44.25944212092939 54.63822890537229 -10.3787867844429
327.8340986044127 44.25944212092939 0 0 44.25944212092939 54.63822890537229 -10.3787867844429
327.8340986044127 44.25944212092939 0 0 44.25944212092939 54.63822890537229 -10.3787867844429
327.8340986044127 44.25944212092939 0 0 44.25944212092939 54.63822890537229 -10.3787867844429
327.8340986044127 44.25944212092939 0 0 44.25944212092939 54.63822890537229 -10.3787867844429
327.8340986044127 44.25944212092939 0 0 44.25944212092939 54.63822890537229 -10.3787867844429
327.8340986044127 44.25944212092939 0 0 44.25944212092939 54.63822890537229 -10.3787867844429
327.9046672837185 44.26325190537986 0 0 44.26325190537986 54.64203868982276 -10.3787867844429
327.9046672837185 44.26325190537986 0 0 44.26325190537986 54.64203868982276 -10.3787867844429
327.9046672837185 44.26325190537986 0 0 44.26325190537986 54.64203868982276 -10.3787867844429
327.9046672837185 44.26325190537986 0 0 44.26325190537986 54.64203868982276 -10.3787867844429
327.9046672837185 44.26325190537986 0 0 44.26325190537986 54.64203868982276 -10.3787867844429
327.9046672837185 44.26325190537986 0 0 44.26325190537986 54.64203868982276 -10.3787867844429
327.9046672837185 44.26325190537986 0 0 44.26325190537986 54.64203868982276 -10.3787867844429
327.9046672837185 44.26325190537986 0 0 44.26325190537986 54.64203868982276 -10.3787867844429
327.9046672837185 44.26325190537986 0 0 44.26325190537986 54.64203868982276 -10.3787867844429
327.9046672837185 44.26325190537986 0 0 44.26325190537986 54.64203868982276 -10.3787867844429
327.9046672837185 44.26325190537986 0 0 44.26325190537986 54.64203868982276 -10.3787867844429
327.9046672837185 44.26325190537986 0 0 44.26325190537986 54.64203868982276 -10.3787867844429
327.9046672837185 44.26325190537986 0 0 44.26325190537986 54.64203868982276 -10.3787867844429
327.9046672837185 44.26325190537986 0 0 44.26325190537986 54.64203868982276 -10.3787867844429
327.9779986316819 44.26724905212853 0 0 44.26724905212853 54.64603583657143 -10.3787867844429
327.9779986316819 44.26724905212853 0 0 44.26724905212853 54.64603583657143 -10.3787867844429
327.9779986316819 44.26724905212853 0 0 44.26724905212853 54.64603583657143 -10.3787867844429
327.9779986316819 44.26724905212853 0 0 44.26724905212853 54.64603583657143 -10.3787867844429
327.9779986316819 44.26724905212853 0 0 44.26724905212853 54.64603583657143 -10.3787867844429
327.9779986316819 44.26724905212853 0 0 44.26724905212853 54.64603583657143 -10.3787867844429
327.9779986316819 44.26724905212853 0 0 44.26724905212853 54.64603583657143 -10.3787867844429
327.9779986316819 44.26724905212853 0 0 44.26724905212853 54.64603583657143 -10.3787867844429
328.0350669630284 44.27038739838366 0 0 44.27038739838366 54.64917418282656 -10.3787867844429
328.0350669630284 44.27038739838366 0 0 44.27038739838366 54.64917418282656 -10.3787867844429
328.0350669630284 44.27038739838366 0 0 44.27038739838366 54.64917418282656 -10.3787867844429
328.0350669630284 44.27038739838366 0 0 44.27038739838366 54.64917418282656 -10.3787867844429
328.0350669630284 44.27038739838366 0 0 44.27038739838366 54.64917418282656 -10.3787867844429
328.0350669630284 44.27038739838366 0 0 44.27038739838366 54.64917418282656 -10.3787867844429
328.0350669630284 44.27038739838366 0 0 44.27038739838366 54.64917418282656 -10.3787867844429
328.0350669630284 44.27038739838366 0 0 44.27038739838366 54.64917418282656 -10.3787867844429
328.0350669630284 44.27038739838366 0 0 44.27038739838366 54.64917418282656 -10.3787867844429
328.0350669630284 44.27038739838366 0 0 44.27038739838366 54.64917418282656 -10.3787867844429
328.0350669630284 44.27038739838366 0 0 44.27038739838366 54.64917418282656 -10.3787867844429
328.0350669630284 44.27038739838366 0 0 44.27038739838366 54.64917418282656 -10.3787867844429
328.0350669630284 44.27038739838366 0 0 44.27038739838366 54.64917418282656 -10.3787867844429
328.0350669630284 44.27038739838366 0 0 44.27038739838366 54.64917418282656 -10.3787867844429
328.0350669630284 44.27038739838366 0 0 44.27038739838366 54.64917418282656 -10.3787867844429
328.0350669630284 44.27038739838366 0 0 44.27038739838366 54.64917418282656 -10.3787867844429
328.0350669630284 44.27038739838366 0 0 44.27038739838366 54.64917418282656 -10.3787867844429
328.0350669630284 44.27038739838366 0 0 44.27038739838366 54.64917418282656 -10.3787867844429
328.0350669630284 44.27038739838366 0 0 44.27038739838366 54.64917418282656 -10.3787867844429
328.0350669630284 44.27038739838366 0 0 44.27038739838366 54.64917418282656 -10.3787867844429
328.0350669630284 44.27038739838366 0 0 44.27038739838366 54.64917418282656 -10.3787867844429
328.3142651365339 44.28611017052121 0 0 44.28611017052121 54.66489695496411 -10.3787867844429
328.3142651365339 44.28611017052121 0 0 44.28611017052121 54.66489695496411 -10.3787867844429
328.368658207795 44.28924851677634 0 0 44.28924851677634 54.66803530121924 -10.3787867844429
328.368658207795 44.28924851677634 0 0 44.28924851677634 54.66803530121924 -10.3787867844429
328.368658207795 44.28924851677634 0 0 44.28924851677634 54.66803530121924 -10.3787867844429
328.368658207795 44.28924851677634 0 0 44.28924851677634 54.66803530121924 -10.3787867844429
328.368658207795 44.28924851677634 0 0 44.28924851677634 54.66803530121924 -10.3787867844429
328.368658207795 44.28924851677634 0 0 44.28924851677634 54.66803530121924 -10.3787867844429
328.368658207795 44.28924851677634 0 0 44.28924851677634 54.66803530121924 -10.3787867844429
328.368658207795 44.28924851677634 0 0 44.28924851677634 54.66803530121924 -10.3787867844429
328.368658207795 44.28924851677634 0 0 44.28924851677634 54.66803530121924 -10.3787867844429
328.368658207795 44.28924851677634 0 0 44.28924851677634 54.66803530121924 -10.3787867844429
328.368658207795 44.28924851677634 0 0 44.28924851677634 54.66803530121924 -10.3787867844429
328.3898989600033 44.29048106041951 0 0 44.29048106041951 54.6692678448624 -10.3787867844429
328.3898989600033 44.29048106041951 0 0 44.29048106041951 54.6692678448624 -10.3787867844429
328.3898989600033 44.29048106041951 0 0 44.29048106041951 54.6692678448624 -10.3787867844429
328.3898989600033 44.29048106041951 0 0 44.29048106041951 54.6692678448624 -10.3787867844429
328.3898989600033 44.29048106041951 0 0 44.29048106041951 54.6692678448624 -10.3787867844429
328.3898989600033 44.29048106041951 0 0 44.29048106041951 54.6692678448624 -10.3787867844429
328.3898989600033 44.29048106041951 0 0 44.29048106041951 54.6692678448624 -10.3787867844429
328.3898989600033 44.29048106041951 0 0 44.29048106041951 54.6692678448624 -10.3787867844429
328.3898989600033 44.29048106041951 0 0 44.29048106041951 54.6692678448624 -10.3787867844429
328.3898989600033 44.29048106041951 0 0 44.29048106041951 54.6692678448624 -10.3787867844429
328.3898989600033 44.29048106041951 0 0 44.29048106041951 54.6692678448624 -10.3787867844429
328.2787344545203 44.28407384624649 0 0 44.28407384624649 54.66286063068938 -10.3787867844429
328.2787344545203 44.28407384624649 0 0 44.28407384624649 54.66286063068938 -10.3787867844429
328.2787344545203 44.28407384624649 0 0 44.28407384624649 54.66286063068938 -10.3787867844429
328.6059185275709 44.30324948606327 0 0 44.30324948606327 54.68203627050617 -10.3787867844429
328.6059185275709 44.30324948606327 0 0 44.30324948606327 54.68203627050617 -10.3787867844429
328.6059185275709 44.30324948606327 0 0 44.30324948606327 54.68203627050617 -10.3787867844429
328.6059185275709 44.30324948606327 0 0 44.30324948606327 54.68203627050617 -10.3787867844429
328.6059185275709 44.30324948606327 0 0 44.30324948606327 54.68203627050617 -10.3787867844429
328.6059185275709 44.30324948606327 0 0 44.30324948606327 54.68203627050617 -10.3787867844429
328.6059185275709 44.30324948606327 0 0 44.30324948606327 54.68203627050617 -10.3787867844429
328.6059185275709 44.30324948606327 0 0 44.30324948606327 54.68203627050617 -10.3787867844429
328.6059185275709 44.30324948606327 0 0 44.30324948606327 54.68203627050617 -10.3787867844429
328.6059185275709 44.30324948606327 0 0 44.30324948606327 54.68203627050617 -10.3787867844429
328.6059185275709 44.30324948606327 0 0 44.30324948606327 54.68203627050617 -10.3787867844429
328.6059185275709 44.30324948606327 0 0 44.30324948606327 54.68203627050617 -10.3787867844429
328.6059185275709 44.30324948606327 0 0 44.30324948606327 54.68203627050617 -10.3787867844429
328.5852849300664 44.30201091290897 0 0 44.30201091290897 54.68079769735187 -10.3787867844429
328.5852849300664 44.30201091290897 0 0 44.30201091290897 54.68079769735187 -10.3787867844429
328.6201930204755 44.30410876961899 0 0 44.30410876961899 54.68289555406189 -10.3787867844429
328.6201930204755 44.30410876961899 0 0 44.30410876961899 54.68289555406189 -10.3787867844429
328.6201930204755 44.30410876961899 0 0 44.30410876961899 54.68289555406189 -10.3787867844429
328.6201930204755 44.30410876961899 0 0 44.30410876961899 54.68289555406189 -10.3787867844429
328.8184408191746 44.31625585846247 0 0 44.31625585846247 54.69504264290537 -10.3787867844429
328.8184408191746 44.31625585846247 0 0 44.31625585846247 54.69504264290537 -10.3787867844429
328.8184408191746 44.31625585846247 0 0 44.31625585846247 54.69504264290537 -10.3787867844429
328.8184408191746 44.31625585846247 0 0 44.31625585846247 54.69504264290537 -10.3787867844429
328.8184408191746 44.31625585846247 0 0 44.31625585846247 54.69504264290537 -10.3787867844429
328.8184408191746 44.31625585846247 0 0 44.31625585846247 54.69504264290537 -10.3787867844429
328.8184408191746 44.31625585846247 0 0 44.31625585846247 54.69504264290537 -10.3787867844429
328.8184408191746 44.31625585846247 0 0 44.31625585846247 54.69504264290537 -10.3787867844429
328.8184408191746 44.31625585846247 0 0 44.31625585846247 54.69504264290537 -10.3787867844429
328.8184408191746 44.31625585846247 0 0 44.31625585846247 54.69504264290537 -10.3787867844429
328.8184408191746 44.31625585846247 0 0 44.31625585846247 54.69504264290537 -10.3787867844429
328.7188349363824 44.3101021716929 0 0 44.3101021716929 54.68888895613581 -10.3787867844429
328.7188349363824 44.3101021716929 0 0 44.3101021716929 54.68888895613581 -10.3787867844429
328.7188349363824 44.3101021716929 0 0 44.3101021716929 54.68888895613581 -10.3787867844429
328.7188349363824 44.3101021716929 0 0 44.3101021716929 54.68888895613581 -10.3787867844429
328.7188349363824 44.3101021716929 0 0 44.3101021716929 54.68888895613581 -10.3787867844429
328.7188349363824 44.3101021716929 0 0 44.3101021716929 54.68888895613581 -10.3787867844429
328.7188349363824 44.3101021716929 0 0 44.3101021716929 54.68888895613581 -10.3787867844429
328.7188349363824 44.3101021716929 0 0 44.3101021716929 54.68888895613581 -10.3787867844429
328.7188349363824 44.3101021716929 0 0 44.3101021716929 54.68888895613581 -10.3787867844429
328.7188349363824 44.3101021716929 0 0 44.3101021716929 54.68888895613581 -10.3787867844429
328.7188349363824 44.3101021716929 0 0 44.3101021716929 54.68888895613581 -10.3787867844429
328.7188349363824 44.3101021716929 0 0 44.3101021716929 54.68888895613581 -10.3787867844429
328.7188349363824 44.3101021716929 0 0 44.3101021716929 54.68888895613581 -10.3787867844429
328.7188349363824 44.3101021716929 0 0 44.3101021716929 54.68888895613581 -10.3787867844429
328.7188349363824 44.3101021716929 0 0 44.3101021716929 54.68888895613581 -10.3787867844429
328.7188349363824 44.3101021716929 0 0 44.3101021716929 54.68888895613581 -10.3787867844429
328.7188349363824 44.3101021716929 0 0 44.3101021716929 54.68888895613581 -10.3787867844429
328.7188349363824 44.3101021716929 0 0 44.3101021716929 54.68888895613581 -10.3787867844429
328.7188349363824 44.3101021716929 0 0 44.3101021716929 54.68888895613581 -10.3787867844429
328.7188349363824 44.3101021716929 0 0 44.3101021716929 54.68888895613581 -10.3787867844429
328.7188349363824 44.3101021716929 0 0 44.3101021716929 54.68888895613581 -10.3787867844429
328.7188349363824 44.3101021716929 0 0 44.3101021716929 54.68888895613581 -10.3787867844429
328.7188349363824 44.3101021716929 0 0 44.3101021716929 54.68888895613581 -10.3787867844429
328.7188349363824 44.3101021716929 0 0 44.3101021716929 54.68888895613581 -10.3787867844429
328.7188349363824 44.3101021716929 0 0 44.3101021716929 54.68888895613581 -10.3787867844429
328.7188349363824 44.3101021716929 0 0 44.3101021716929 54.68888895613581 -10.3787867844429
328.7188349363824 44.3101021716929 0 0 44.3101021716929 54.68888895613581 -10.3787867844429
328.7188349363824 44.3101021716929 0 0 44.3101021716929 54.68888895613581 -10.3787867844429
328.7188349363824 44.3101021716929 0 0 44.3101021716929 54.68888895613581 -10.3787867844429
328.7188349363824 44.3101021716929 0 0 44.3101021716929 54.68888895613581 -10.3787867844429
328.7188349363824 44.3101021716929 0 0 44.3101021716929 54.68888895613581 -10.3787867844429
328.7928429283891 44.31466437643006 0 0 44.31466437643006 54.69345116087296 -10.3787867844429
328.7884706852253 44.31439324574697 0 0 44.31439324574697 54.69318003018986 -10.3787867844429
328.7884706852253 44.31439324574697 0 0 44.31439324574697 54.69318003018986 -10.3787867844429
328.7884706852253 44.31439324574697 0 0 44.31439324574697 54.69318003018986 -10.3787867844429
328.7884706852253 44.31439324574697 0 0 44.31439324574697 54.69318003018986 -10.3787867844429
328.7884706852253 44.31439324574697 0 0 44.31439324574697 54.69318003018986 -10.3787867844429
328.7884706852253 44.31439324574697 0 0 44.31439324574697 54.69318003018986 -10.3787867844429
328.7884706852253 44.31439324574697 0 0 44.31439324574697 54.69318003018986 -10.3787867844429
328.7884706852253 44.31439324574697 0 0 44.31439324574697 54.69318003018986 -10.3787867844429
328.7884706852253 44.31439324574697 0 0 44.31439324574697 54.69318003018986 -10.3787867844429
328.7884706852253 44.31439324574697 0 0 44.31439324574697 54.69318003018986 -10.3787867844429
328.7884706852253 44.31439324574697 0 0 44.31439324574697 54.69318003018986 -10.3787867844429
328.7884706852253 44.31439324574697 0 0 44.31439324574697 54.69318003018986 -10.3787867844429
328.7884706852253 44.31439324574697 0 0 44.31439324574697 54.69318003018986 -10.3787867844429
329.0158522597933 44.32877462696395 0 0 44.32877462696395 54.70756141140684 -10.3787867844429
329.0158522597933 44.32877462696395 0 0 44.32877462696395 54.70756141140684 -10.3787867844429
329.0158522597933 44.32877462696395 0 0 44.32877462696395 54.70756141140684 -10.3787867844429
329.0158522597933 44.32877462696395 0 0 44.32877462696395 54.70756141140684 -10.3787867844429
329.0158522597933 44.32877462696395 0 0 44.32877462696395 54.70756141140684 -10.3787867844429
329.0158522597933 44.32877462696395 0 0 44.32877462696395 54.70756141140684 -10.3787867844429
329.0158522597933 44.32877462696395 0 0 44.32877462696395 54.70756141140684 -10.3787867844429
329.0158522597933 44.32877462696395 0 0 44.32877462696395 54.70756141140684 -10.3787867844429
329.0158522597933 44.32877462696395 0 0 44.32877462696395 54.70756141140684 -10.3787867844429
329.0158522597933 44.32877462696395 0 0 44.32877462696395 54.70756141140684 -10.3787867844429
329.0158522597933 44.32877462696395 0 0 44.32877462696395 54.70756141140684 -10.3787867844429
329.0158522597933 44.32877462696395 0 0 44.32877462696395 54.70756141140684 -10.3787867844429
329.0158522597933 44.32877462696395 0 0 44.32877462696395 54.70756141140684 -10.3787867844429
329.0158522597933 44.32877462696395 0 0 44.32877462696395 54.70756141140684 -10.3787867844429
329.0158522597933 44.32877462696395 0 0 44.32877462696395 54.70756141140684 -10.3787867844429
329.0158522597933 44.32877462696395 0 0 44.32877462696395 54.70756141140684 -10.3787867844429
329.0158522597933 44.32877462696395 0 0 44.32877462696395 54.70756141140684 -10.3787867844429
329.0158522597933 44.32877462696395 0 0 44.32877462696395 54.70756141140684 -10.3787867844429
329.0407244733613 44.33038403327502 0 0 44.33038403327502 54.70917081771792 -10.3787867844429
329.0407244733613 44.33038403327502 0 0 44.33038403327502 54.70917081771792 -10.3787867844429
329.0407244733613 44.33038403327502 0 0 44.33038403327502 54.70917081771792 -10.3787867844429
329.0407244733613 44.33038403327502 0 0 44.33038403327502 54.70917081771792 -10.3787867844429
329.0407244733613 44.33038403327502 0 0 44.33038403327502 54.70917081771792 -10.3787867844429
329.0407244733613 44.33038403327502 0 0 44.33038403327502 54.70917081771792 -10.3787867844429
329.0407244733613 44.33038403327502 0 0 44.33038403327502 54.70917081771792 -10.3787867844429
329.0407244733613 44.33038403327502 0 0 44.33038403327502 54.70917081771792 -10.3787867844429
329.0407244733613 44.33038403327502 0 0 44.33038403327502 54.70917081771792 -10.3787867844429
329.0407244733613 44.33038403327502 0 0 44.33038403327502 54.70917081771792 -10.3787867844429
329.0407244733613 44.33038403327502 0 0 44.33038403327502 54.70917081771792 -10.3787867844429
328.9584363451784 44.32508755948 0 0 44.32508755948 54.7038743439229 -10.3787867844429
328.9584363451784 44.32508755948 0 0 44.32508755948 54.7038743439229 -10.3787867844429
328.9584363451784 44.32508755948 0 0 44.32508755948 54.7038743439229 -10.3787867844429
328.9584363451784 44.32508755948 0 0 44.32508755948 54.7038743439229 -10.3787867844429
328.9584363451784 44.32508755948 0 0 44.32508755948 54.7038743439229 -10.3787867844429
328.9584363451784 44.32508755948 0 0 44.32508755948 54.7038743439229 -10.3787867844429
328.9584363451784 44.32508755948 0 0 44.32508755948 54.7038743439229 -10.3787867844429
328.9584363451784 44.32508755948 0 0 44.32508755948 54.7038743439229 -10.3787867844429
328.9584363451784 44.32508755948 0 0 44.32508755948 54.7038743439229 -10.3787867844429
328.9584363451784 44.32508755948 0 0 44.32508755948 54.7038743439229 -10.3787867844429
328.9584363451784 44.32508755948 0 0 44.32508755948 54.7038743439229 -10.3787867844429
328.9584363451784 44.32508755948 0 0 44.32508755948 54.7038743439229 -10.3787867844429
328.9584363451784 44.32508755948 0 0 44.32508755948 54.7038743439229 -10.3787867844429
328.9584363451784 44.32508755948 0 0 44.32508755948 54.7038743439229 -10.3787867844429
328.9584363451784 44.32508755948 0 0 44.32508755948 54.7038743439229 -10.3787867844429
328.9584363451784 44.32508755948 0 0 44.32508755948 54.7038743439229 -10.3787867844429
328.9584363451784 44.32508755948 0 0 44.32508755948 54.7038743439229 -10.3787867844429
328.9584363451784 44.32508755948 0 0 44.32508755948 54.7038743439229 -10.3787867844429
328.9584363451784 44.32508755948 0 0 44.32508755948 54.7038743439229 -10.3787867844429
328.9584363451784 44.32508755948 0 0 44.32508755948 54.7038743439229 -10.3787867844429
328.9584363451784 44.32508755948 0 0 44.32508755948 54.7038743439229 -10.3787867844429
328.9584363451784 44.32508755948 0 0 44.32508755948 54.7038743439229 -10.3787867844429
328.9584363451784 44.32508755948 0 0 44.32508755948 54.7038743439229 -10.3787867844429
328.9584363451784 44.32508755948 0 0 44.32508755948 54.7038743439229 -10.3787867844429
329.0568767432773 44.33143321545407 0 0 44.33143321545407 54.71021999989696 -10.3787867844429
329.0568767432773 44.33143321545407 0 0 44.33143321545407 54.71021999989696 -10.3787867844429
329.0568767432773 44.33143321545407 0 0 44.33143321545407 54.71021999989696 -10.3787867844429
329.0568767432773 44.33143321545407 0 0 44.33143321545407 54.71021999989696 -10.3787867844429
329.0568767432773 44.33143321545407 0 0 44.33143321545407 54.71021999989696 -10.3787867844429
329.0568767432773 44.33143321545407 0 0 44.33143321545407 54.71021999989696 -10.3787867844429
329.0568767432773 44.33143321545407 0 0 44.33143321545407 54.71021999989696 -10.3787867844429
329.0568767432773 44.33143321545407 0 0 44.33143321545407 54.71021999989696 -10.3787867844429
329.0568767432773 44.33143321545407 0 0 44.33143321545407 54.71021999989696 -10.3787867844429
329.0568767432773 44.33143321545407 0 0 44.33143321545407 54.71021999989696 -10.3787867844429
329.0568767432773 44.33143321545407 0 0 44.33143321545407 54.71021999989696 -10.3787867844429
329.0568767432773 44.33143321545407 0 0 44.33143321545407 54.71021999989696 -10.3787867844429
329.0568767432773 44.33143321545407 0 0 44.33143321545407 54.71021999989696 -10.3787867844429
329.0568767432773 44.33143321545407 0 0 44.33143321545407 54.71021999989696 -10.3787867844429
329.0568767432773 44.33143321545407 0 0 44.33143321545407 54.71021999989696 -10.3787867844429
329.0568767432773 44.33143321545407 0 0 44.33143321545407 54.71021999989696 -10.3787867844429
329.0568767432773 44.33143321545407 0 0 44.33143321545407 54.71021999989696 -10.3787867844429
329.0568767432773 44.33143321545407 0 0 44.33143321545407 54.71021999989696 -10.3787867844429
329.0568767432773 44.33143321545407 0 0 44.33143321545407 54.71021999989696 -10.3787867844429
329.0568767432773 44.33143321545407 0 0 44.33143321545407 54.71021999989696 -10.3787867844429
329.0568767432773 44.33143321545407 0 0 44.33143321545407 54.71021999989696 -10.3787867844429
329.0568767432773 44.33143321545407 0 0 44.33143321545407 54.71021999989696 -10.3787867844429
329.0568767432773 44.33143321545407 0 0 44.33143321545407 54.71021999989696 -10.3787867844429
329.0568767432773 44.33143321545407 0 0 44.33143321545407 54.71021999989696 -10.3787867844429
329.0568767432773 44.33143321545407 0 0 44.33143321545407 54.71021999989696 -10.3787867844429
329.0568767432773 44.33143321545407 0 0 44.33143321545407 54.71021999989696 -10.3787867844429
329.0568767432773 44.33143321545407 0 0 44.33143321545407 54.71021999989696 -10.3787867844429
329.0568767432773 44.33143321545407 0 0 44.33143321545407 54.71021999989696 -10.3787867844429
329.0568767432773 44.33143321545407 0 0 44.33143321545407 54.71021999989696 -10.3787867844429
329.0568767432773 44.33143321545407 0 0 44.33143321545407 54.71021999989696 -10.3787867844429
329.0568767432773 44.33143321545407 0 0 44.33143321545407 54.71021999989696 -10.3787867844429
329.0568767432773 44.33143321545407 0 0 44.33143321545407 54.71021999989696 -10.3787867844429
329.0568767432773 44.33143321545407 0 0 44.33143321545407 54.71021999989696 -10.3787867844429
329.0568767432773 44.33143321545407 0 0 44.33143321545407 54.71021999989696 -10.3787867844429
329.0568767432773 44.33143321545407 0 0 44.33143321545407 54.71021999989696 -10.3787867844429
329.0568767432773 44.33143321545407 0 0 44.33143321545407 54.71021999989696 -10.3787867844429
329.0568767432773 44.33143321545407 0 0 44.33143321545407 54.71021999989696 -10.3787867844429
329.0568767432773 44.33143321545407 0 0 44.33143321545407 54.71021999989696 -10.3787867844429
329.0568767432773 44.33143321545407 0 0 44.33143321545407 54.71021999989696 -10.3787867844429
329.0568767432773 44.33143321545407 0 0 44.33143321545407 54.71021999989696 -10.3787867844429
329.0568767432773 44.33143321545407 0 0 44.33143321545407 54.71021999989696 -10.3787867844429
329.0568767432773 44.33143321545407 0 0 44.33143321545407 54.71021999989696 -10.3787867844429
329.0568767432773 44.33143321545407 0 0 44.33143321545407 54.71021999989696 -10.3787867844429
329.0568767432773 44.33143321545407 0 0 44.33143321545407 54.71021999989696 -10.3787867844429
329.0568767432773 44.33143321545407 0 0 44.33143321545407 54.71021999989696 -10.3787867844429
329.0568767432773 44.33143321545407 0 0 44.33143321545407 54.71021999989696 -10.3787867844429
329.0568767432773 44.33143321545407 0 0 44.33143321545407 54.71021999989696 -10.3787867844429
329.0568767432773 44.33143321545407 0 0 44.33143321545407 54.71021999989696 -10.3787867844429
329.0568767432773 44.33143321545407 0 0 44.33143321545407 54.71021999989696 -10.3787867844429
329.0568767432773 44.33143321545407 0 0 44.33143321545407 54.71021999989696 -10.3787867844429
329.0568767432773 44.33143321545407 0 0 44.33143321545407 54.71021999989696 -10.3787867844429
329.0568767432773 44.33143321545407 0 0 44.33143321545407 54.71021999989696 -10.3787867844429
329.0568767432773 44.33143321545407 0 0 44.33143321545407 54.71021999989696 -10.3787867844429
329.0568767432773 44.33143321545407 0 0 44.33143321545407 54.71021999989696 -10.3787867844429
329.0568767432773 44.33143321545407 0 0 44.33143321545407 54.71021999989696 -10.3787867844429
329.0568767432773 44.33143321545407 0 0 44.33143321545407 54.71021999989696 -10.3787867844429
329.0568767432773 44.33143321545407 0 0 44.33143321545407 54.71021999989696 -10.3787867844429
329.0568767432773 44.33143321545407 0 0 44.33143321545407 54.71021999989696 -10.3787867844429
329.0568767432773 44.33143321545407 0 0 44.33143321545407 54.71021999989696 -10.3787867844429
329.0568767432773 44.33143321545407 0 0 44.33143321545407 54.71021999989696 -10.3787867844429
329.0568767432773 44.33143321545407 0 0 44.33143321545407 54.71021999989696 -10.3787867844429
329.0568767432773 44.33143321545407 0 0 44.33143321545407 54.71021999989696 -10.3787867844429
329.0568767432773 44.33143321545407 0 0 44.33143321545407 54.71021999989696 -10.3787867844429
329.0568767432773 44.33143321545407 0 0 44.33143321545407 54.71021999989696 -10.3787867844429
329.0568767432773 44.33143321545407 0 0 44.33143321545407 54.71021999989696 -10.3787867844429
329.0568767432773 44.33143321545407 0 0 44.33143321545407 54.71021999989696 -10.3787867844429
329.0568767432773 44.33143321545407 0 0 44.33143321545407 54.71021999989696 -10.3787867844429
329.0568767432773 44.33143321545407 0 0 44.33143321545407 54.71021999989696 -10.3787867844429
329.0568767432773 44.33143321545407 0 0 44.33143321545407 54.71021999989696 -10.3787867844429
329.0568767432773 44.33143321545407 0 0 44.33143321545407 54.71021999989696 -10.3787867844429
329.0568767432773 44.33143321545407 0 0 44.33143321545407 54.71021999989696 -10.3787867844429
329.0568767432773 44.33143321545407 0 0 44.33143321545407 54.71021999989696 -10.3787867844429
329.0568767432773 44.33143321545407 0 0 44.33143321545407 54.71021999989696 -10.3787867844429
329.0568767432773 44.33143321545407 0 0 44.33143321545407 54.71021999989696 -10.3787867844429
329.0568767432773 44.33143321545407 0 0 44.33143321545407 54.71021999989696 -10.3787867844429
329.0568767432773 44.33143321545407 0 0 44.33143321545407 54.71021999989696 -10.3787867844429
329.0568767432773 44.33143321545407 0 0 44.33143321545407 54.71021999989696 -10.3787867844429
329.0568767432773 44.33143321545407 0 0 44.33143321545407 54.71021999989696 -10.3787867844429
329.0568767432773 44.33143321545407 0 0 44.33143321545407 54.71021999989696 -10.3787867844429
329.0568767432773 44.33143321545407 0 0 44.33143321545407 54.71021999989696 -10.3787867844429
329.0568767432773 44.33143321545407 0 0 44.33143321545407 54.71021999989696 -10.3787867844429
329.0568767432773 44.33143321545407 0 0 44.33143321545407 54.71021999989696 -10.3787867844429
329.0568767432773 44.33143321545407 0 0 44.33143321545407 54.71021999989696 -10.3787867844429
329.0568767432773 44.33143321545407 0 0 44.33143321545407 54.71021999989696 -10.3787867844429
329.0568767432773 44.33143321545407 0 0 44.33143321545407 54.71021999989696 -10.3787867844429
329.0568767432773 44.33143321545407 0 0 44.33143321545407 54.71021999989696 -10.3787867844429
329.0568767432773 44.33143321545407 0 0 44.33143321545407 54.71021999989696 -10.3787867844429
329.0568767432773 44.33143321545407 0 0 44.33143321545407 54.71021999989696 -10.3787867844429
329.0568767432773 44.33143321545407 0 0 44.33143321545407 54.71021999989696 -10.3787867844429
329.0568767432773 44.33143321545407 0 0 44.33143321545407 54.71021999989696 -10.3787867844429
329.0568767432773 44.33143321545407 0 0 44.33143321545407 54.71021999989696 -10.3787867844429
329.0568767432773 44.33143321545407 0 0 44.33143321545407 54.71021999989696 -10.3787867844429
329.0568767432773 44.33143321545407 0 0 44.33143321545407 54.71021999989696 -10.3787867844429
329.0568767432773 44.33143321545407 0 0 44.33143321545407 54.71021999989696 -10.3787867844429
329.0568767432773 44.33143321545407 0 0 44.33143321545407 54.71021999989696 -10.3787867844429
329.0568767432773 44.33143321545407 0 0 44.33143321545407 54.71021999989696 -10.3787867844429
329.0568767432773 44.33143321545407 0 0 44.33143321545407 54.71021999989696 -10.3787867844429
329.0568767432773 44.33143321545407 0 0 44.33143321545407 54.71021999989696 -10.3787867844429
328.8215208569389 44.31644782766698 0 0 44.31644782766698 54.69523461210987 -10.3787867844429
328.8215208569389 44.31644782766698 0 0 44.31644782766698 54.69523461210987 -10.3787867844429
328.8215208569389 44.31644782766698 0 0 44.31644782766698 54.69523461210987 -10.3787867844429
328.8215208569389 44.31644782766698 0 0 44.31644782766698 54.69523461210987 -10.3787867844429
328.8215208569389 44.31644782766698 0 0 44.31644782766698 54.69523461210987 -10.3787867844429
328.8215208569389 44.31644782766698 0 0 44.31644782766698 54.69523461210987 -10.3787867844429
328.8215208569389 44.31644782766698 0 0 44.31644782766698 54.69523461210987 -10.3787867844429
328.8215208569389 44.31644782766698 0 0 44.31644782766698 54.69523461210987 -10.3787867844429
328.8215208569389 44.31644782766698 0 0 44.31644782766698 54.69523461210987 -10.3787867844429
328.8215208569389 44.31644782766698 0 0 44.31644782766698 54.69523461210987 -10.3787867844429
328.8215208569389 44.31644782766698 0 0 44.31644782766698 54.69523461210987 -10.3787867844429
328.8215208569389 44.31644782766698 0 0 44.31644782766698 54.69523461210987 -10.3787867844429
328.8215208569389 44.31644782766698 0 0 44.31644782766698 54.69523461210987 -10.3787867844429
328.8215208569389 44.31644782766698 0 0 44.31644782766698 54.69523461210987 -10.3787867844429
328.8215208569389 44.31644782766698 0 0 44.31644782766698 54.69523461210987 -10.3787867844429
328.8215208569389 44.31644782766698 0 0 44.31644782766698 54.69523461210987 -10.3787867844429
328.8215208569389 44.31644782766698 0 0 44.31644782766698 54.69523461210987 -10.3787867844429
328.8215208569389 44.31644782766698 0 0 44.31644782766698 54.69523461210987 -10.3787867844429
328.8215208569389 44.31644782766698 0 0 44.31644782766698 54.69523461210987 -10.3787867844429
328.8215208569389 44.31644782766698 0 0 44.31644782766698 54.69523461210987 -10.3787867844429
328.8215208569389 44.31644782766698 0 0 44.31644782766698 54.69523461210987 -10.3787867844429
328.8215208569389 44.31644782766698 0 0 44.31644782766698 54.69523461210987 -10.3787867844429
328.8215208569389 44.31644782766698 0 0 44.31644782766698 54.69523461210987 -10.3787867844429
328.8215208569389 44.31644782766698 0 0 44.31644782766698 54.69523461210987 -10.3787867844429
328.8215208569389 44.31644782766698 0 0 44.31644782766698 54.69523461210987 -10.3787867844429
328.8215208569389 44.31644782766698 0 0 44.31644782766698 54.69523461210987 -10.3787867844429
328.8215208569389 44.31644782766698 0 0 44.31644782766698 54.69523461210987 -10.3787867844429
328.8215208569389 44.31644782766698 0 0 44.31644782766698 54.69523461210987 -10.3787867844429
328.8215208569389 44.31644782766698 0 0 44.31644782766698 54.69523461210987 -10.3787867844429
328.8215208569389 44.31644782766698 0 0 44.31644782766698 54.69523461210987 -10.3787867844429
328.8215208569389 44.31644782766698 0 0 44.31644782766698 54.69523461210987 -10.3787867844429
328.8215208569389 44.31644782766698 0 0 44.31644782766698 54.69523461210987 -10.3787867844429
328.8215208569389 44.31644782766698 0 0 44.31644782766698 54.69523461210987 -10.3787867844429
328.2376253924019 44.13438270522516 0 0 44.13438270522516 54.51316948966807 -10.3787867844429
328.2376253924019 44.13438270522516 0 0 44.13438270522516 54.51316948966807 -10.3787867844429
328.2376253924019 44.13438270522516 0 0 44.13438270522516 54.51316948966807 -10.3787867844429
328.2376253924019 44.13438270522516 0 0 44.13438270522516 54.51316948966807 -10.3787867844429
328.2376253924019 44.13438270522516 0 0 44.13438270522516 54.51316948966807 -10.3787867844429
328.3252897278325 44.13983533495853 0 0 44.13983533495853 54.51862211940143 -10.3787867844429
328.3252897278325 44.13983533495853 0 0 44.13983533495853 54.51862211940143 -10.3787867844429
328.3252897278325 44.13983533495853 0 0 44.13983533495853 54.51862211940143 -10.3787867844429
328.3252897278325 44.13983533495853 0 0 44.13983533495853 54.51862211940143 -10.3787867844429
328.3252897278325 44.13983533495853 0 0 44.13983533495853 54.51862211940143 -10.3787867844429
328.3252897278325 44.13983533495853 0 0 44.13983533495853 54.51862211940143 -10.3787867844429
328.3252897278325 44.13983533495853 0 0 44.13983533495853 54.51862211940143 -10.3787867844429
328.3252897278325 44.13983533495853 0 0 44.13983533495853 54.51862211940143 -10.3787867844429
328.3252897278325 44.13983533495853 0 0 44.13983533495853 54.51862211940143 -10.3787867844429
328.3252897278325 44.13983533495853 0 0 44.13983533495853 54.51862211940143 -10.3787867844429
328.3252897278325 44.13983533495853 0 0 44.13983533495853 54.51862211940143 -10.3787867844429
328.3252897278325 44.13983533495853 0 0 44.13983533495853 54.51862211940143 -10.3787867844429
328.3252897278325 44.13983533495853 0 0 44.13983533495853 54.51862211940143 -10.3787867844429
328.3252897278325 44.13983533495853 0 0 44.13983533495853 54.51862211940143 -10.3787867844429
328.3252897278325 44.13983533495853 0 0 44.13983533495853 54.51862211940143 -10.3787867844429
328.3252897278325 44.13983533495853 0 0 44.13983533495853 54.51862211940143 -10.3787867844429
328.3252897278325 44.13983533495853 0 0 44.13983533495853 54.51862211940143 -10.3787867844429
328.3252897278325 44.13983533495853 0 0 44.13983533495853 54.51862211940143 -10.3787867844429
328.3252897278325 44.13983533495853 0 0 44.13983533495853 54.51862211940143 -10.3787867844429
328.3252897278325 44.13983533495853 0 0 44.13983533495853 54.51862211940143 -10.3787867844429
328.3252897278325 44.13983533495853 0 0 44.13983533495853 54.51862211940143 -10.3787867844429
328.3252897278325 44.13983533495853 0 0 44.13983533495853 54.51862211940143 -10.3787867844429
328.3252897278325 44.13983533495853 0 0 44.13983533495853 54.51862211940143 -10.3787867844429
328.3252897278325 44.13983533495853 0 0 44.13983533495853 54.51862211940143 -10.3787867844429
328.3252897278325 44.13983533495853 0 0 44.13983533495853 54.51862211940143 -10.3787867844429
328.3252897278325 44.13983533495853 0 0 44.13983533495853 54.51862211940143 -10.3787867844429
328.3252897278325 44.13983533495853 0 0 44.13983533495853 54.51862211940143 -10.3787867844429
328.3252897278325 44.13983533495853 0 0 44.13983533495853 54.51862211940143 -10.3787867844429
328.3252897278325 44.13983533495853 0 0 44.13983533495853 54.51862211940143 -10.3787867844429
328.3252897278325 44.13983533495853 0 0 44.13983533495853 54.51862211940143 -10.3787867844429
328.3252897278325 44.13983533495853 0 0 44.13983533495853 54.51862211940143 -10.3787867844429
328.3252897278325 44.13983533495853 0 0 44.13983533495853 54.51862211940143 -10.3787867844429
328.3252897278325 44.13983533495853 0 0 44.13983533495853 54.51862211940143 -10.3787867844429
328.3252897278325 44.13983533495853 0 0 44.13983533495853 54.51862211940143 -10.3787867844429
328.3252897278325 44.13983533495853 0 0 44.13983533495853 54.51862211940143 -10.3787867844429
328.3252897278325 44.13983533495853 0 0 44.13983533495853 54.51862211940143 -10.3787867844429
328.3252897278325 44.13983533495853 0 0 44.13983533495853 54.51862211940143 -10.3787867844429
328.3252897278325 44.13983533495853 0 0 44.13983533495853 54.51862211940143 -10.3787867844429
328.3252897278325 44.13983533495853 0 0 44.13983533495853 54.51862211940143 -10.3787867844429
328.3252897278325 44.13983533495853 0 0 44.13983533495853 54.51862211940143 -10.3787867844429
328.3252897278325 44.13983533495853 0 0 44.13983533495853 54.51862211940143 -10.3787867844429
328.3252897278325 44.13983533495853 0 0 44.13983533495853 54.51862211940143 -10.3787867844429
328.3252897278325 44.13983533495853 0 0 44.13983533495853 54.51862211940143 -10.3787867844429
328.3252897278325 44.13983533495853 0 0 44.13983533495853 54.51862211940143 -10.3787867844429
328.3252897278325 44.13983533495853 0 0 44.13983533495853 54.51862211940143 -10.3787867844429
328.3252897278325 44.13983533495853 0 0 44.13983533495853 54.51862211940143 -10.3787867844429
328.3252897278325 44.13983533495853 0 0 44.13983533495853 54.51862211940143 -10.3787867844429
328.3252897278325 44.13983533495853 0 0 44.13983533495853 54.51862211940143 -10.3787867844429
328.3252897278325 44.13983533495853 0 0 44.13983533495853 54.51862211940143 -10.3787867844429
328.3252897278325 44.13983533495853 0 0 44.13983533495853 54.51862211940143 -10.3787867844429
328.3252897278325 44.13983533495853 0 0 44.13983533495853 54.51862211940143 -10.3787867844429
328.3252897278325 44.13983533495853 0 0 44.13983533495853 54.51862211940143 -10.3787867844429
328.3252897278325 44.13983533495853 0 0 44.13983533495853 54.51862211940143 -10.3787867844429
328.3252897278325 44.13983533495853 0 0 44.13983533495853 54.51862211940143 -10.3787867844429
328.3252897278325 44.13983533495853 0 0 44.13983533495853 54.51862211940143 -10.3787867844429
328.3252897278325 44.13983533495853 0 0 44.13983533495853 54.51862211940143 -10.3787867844429
328.3252897278325 44.13983533495853 0 0 44.13983533495853 54.51862211940143 -10.3787867844429
328.3252897278325 44.13983533495853 0 0 44.13983533495853 54.51862211940143 -10.3787867844429
328.3252897278325 44.13983533495853 0 0 44.13983533495853 54.51862211940143 -10.3787867844429
328.3252897278325 44.13983533495853 0 0 44.13983533495853 54.51862211940143 -10.3787867844429
328.3252897278325 44.13983533495853 0 0 44.13983533495853 54.51862211940143 -10.3787867844429
328.3252897278325 44.13983533495853 0 0 44.13983533495853 54.51862211940143 -10.3787867844429
328.3252897278325 44.13983533495853 0 0 44.13983533495853 54.51862211940143 -10.3787867844429
328.3252897278325 44.13983533495853 0 0 44.13983533495853 54.51862211940143 -10.3787867844429
328.3252897278325 44.13983533495853 0 0 44.13983533495853 54.51862211940143 -10.3787867844429
328.3252897278325 44.13983533495853 0 0 44.13983533495853 54.51862211940143 -10.3787867844429
328.3252897278325 44.13983533495853 0 0 44.13983533495853 54.51862211940143 -10.3787867844429
328.3252897278325 44.13983533495853 0 0 44.13983533495853 54.51862211940143 -10.3787867844429
328.3252897278325 44.13983533495853 0 0 44.13983533495853 54.51862211940143 -10.3787867844429
328.3252897278325 44.13983533495853 0 0 44.13983533495853 54.51862211940143 -10.3787867844429
328.3252897278325 44.13983533495853 0 0 44.13983533495853 54.51862211940143 -10.3787867844429
328.3252897278325 44.13983533495853 0 0 44.13983533495853 54.51862211940143 -10.3787867844429
328.3252897278325 44.13983533495853 0 0 44.13983533495853 54.51862211940143 -10.3787867844429
328.3252897278325 44.13983533495853 0 0 44.13983533495853 54.51862211940143 -10.3787867844429
328.3464420118028 44.14116356658188 0 0 44.14116356658188 54.51995035102478 -10.3787867844429
328.3464420118028 44.14116356658188 0 0 44.14116356658188 54.51995035102478 -10.3787867844429
328.3464420118028 44.14116356658188 0 0 44.14116356658188 54.51995035102478 -10.3787867844429
328.3464420118028 44.14116356658188 0 0 44.14116356658188 54.51995035102478 -10.3787867844429
328.3464420118028 44.14116356658188 0 0 44.14116356658188 54.51995035102478 -10.3787867844429
328.3464420118028 44.14116356658188 0 0 44.14116356658188 54.51995035102478 -10.3787867844429
328.3464420118028 44.14116356658188 0 0 44.14116356658188 54.51995035102478 -10.3787867844429
328.3464420118028 44.14116356658188 0 0 44.14116356658188 54.51995035102478 -10.3787867844429
328.3464420118028 44.14116356658188 0 0 44.14116356658188 54.51995035102478 -10.3787867844429
328.3464420118028 44.14116356658188 0 0 44.14116356658188 54.51995035102478 -10.3787867844429
