domain units: Hz
measurement data type: std::complex<double>
segment length (sec): 4
sampling rate (Hz): 1024
domain bounds (Hz): [0, 512.25)
support bounds (Hz): [20, 512)support indexes: [80, 2048)
---------------
domainValue measuredValue
0 (0,0)
0.25 (0,0)
0.5 (0,0)
0.75 (0,0)
1 (0,0)
1.25 (0,0)
1.5 (0,0)
1.75 (0,0)
2 (0,0)
2.25 (0,0)
2.5 (0,0)
2.75 (0,0)
3 (0,0)
3.25 (0,0)
3.5 (0,0)
3.75 (0,0)
4 (0,0)
4.25 (0,0)
4.5 (0,0)
4.75 (0,0)
5 (0,0)
5.25 (0,0)
5.5 (0,0)
5.75 (0,0)
6 (0,0)
6.25 (0,0)
6.5 (0,0)
6.75 (0,0)
7 (0,0)
7.25 (0,0)
7.5 (0,0)
7.75 (0,0)
8 (0,0)
8.25 (0,0)
8.5 (0,0)
8.75 (0,0)
9 (0,0)
9.25 (0,0)
9.5 (0,0)
9.75 (0,0)
10 (0,0)
10.25 (0,0)
10.5 (0,0)
10.75 (0,0)
11 (0,0)
11.25 (0,0)
11.5 (0,0)
11.75 (0,0)
12 (0,0)
12.25 (0,0)
12.5 (0,0)
12.75 (0,0)
13 (0,0)
13.25 (0,0)
13.5 (0,0)
13.75 (0,0)
14 (0,0)
14.25 (0,0)
14.5 (0,0)
14.75 (0,0)
15 (0,0)
15.25 (0,0)
15.5 (0,0)
15.75 (0,0)
16 (0,0)
16.25 (0,0)
16.5 (0,0)
16.75 (0,0)
17 (0,0)
17.25 (0,0)
17.5 (0,0)
17.75 (0,0)
18 (0,0)
18.25 (0,0)
18.5 (0,0)
18.75 (0,0)
19 (0,0)
19.25 (0,0)
19.5 (0,0)
19.75 (0,0)
20 (1.513183419954365,-0.4164894864953761)
20.25 (0.4084331864454868,0.4485797651236434)
20.5 (1.526556613355244,0.5570317169924142)
20.75 (-0.8749089581756454,0.5372673656734739)
21 (-1.935183989226998,-0.05209507700051021)
21.25 (3.295585918241127,-0.4235832082102533)
21.5 (-1.501489220818196,-0.09426903423356273)
21.75 (-1.212733383194286,-0.2715901600281799)
22 (-0.6622610753330466,-0.3920487922897622)
22.25 (1.129853439372934,1.633665207601236)
22.5 (-0.507814666424934,-0.3564818212812236)
22.75 (-1.751017763685323,-1.257024127632832)
23 (-0.06639937960927941,-1.252156709625444)
23.25 (0.9290467164773013,0.3166532162379945)
23.5 (-0.4803209730170072,-0.3741693685932441)
23.75 (0.5415515847669591,1.024091069594793)
24 (1.693394262794565,0.9280502545255425)
24.25 (-0.4460975370165179,-1.96668138946496)
24.5 (-0.05939332715030827,0.1096641711185005)
24.75 (0.4353210371037354,1.593418334176014)
25 (0.1309397948979834,0.411369262644083)
25.25 (0.004771482661746239,0.655395445703966)
25.5 (-0.1342276205164218,-0.388030446060097)
25.75 (-1.522410228645667,0.2629418666627776)
26 (-0.5725488740726133,-0.1131637038024192)
26.25 (1.009827575655428,0.1211282744510036)
26.5 (0.5671733985857307,0.5370450483940987)
26.75 (-0.4434104531610077,-1.114329763279128)
27 (1.033145423739297,0.0658656476801284)
27.25 (-0.7774246308734585,0.5262728034509579)
27.5 (0.1537641963101889,-0.4314434441007856)
27.75 (-0.342320500209397,0.03953271855569518)
28 (1.42935915132521,0.7123757183471521)
28.25 (-1.057396107682355,-1.419584472547751)
28.5 (0.3701035339906313,-1.02393099178216)
28.75 (-0.8200873000975627,-1.656161786703615)
29 (0.2866328101873504,0.7657981379878914)
29.25 (-0.4672780084401427,0.351868321139057)
29.5 (-0.3869936909423711,-0.7666907859672123)
29.75 (0.660398294807525,1.602071688975699)
30 (-1.063956610447208,0.2886684527933037)
30.25 (1.075006607831954,0.6536228173895678)
30.5 (-2.11582209187593,0.6390404977956764)
30.75 (1.922545766148547,0.6076408263313225)
31 (-0.2434972958495194,0.06491300952561334)
31.25 (2.669213484029247,-0.7829831954359062)
31.5 (-2.251610587157867,1.757815437854042)
31.75 (1.999601258397942,-2.227581786271688)
32 (-1.377109739944742,-1.042988451240496)
32.25 (-0.3793468636925941,3.020072939180373)
32.5 (-0.6037748105239886,-0.04802714430417138)
32.75 (-0.4301575936406503,-1.319461433893694)
33 (-0.8596695317900449,-2.105466231864284)
33.25 (2.02731123693082,0.368622655426768)
33.5 (-1.069669013089774,0.623467771957095)
33.75 (1.484104380725229,0.3922617214295082)
34 (-0.9688257477048419,-1.244679156244036)
34.25 (0.5790397790003223,0.6231474313902818)
34.5 (-2.007253232940261,0.1645734239885221)
34.75 (2.231917658548082,0.6183947176564768)
35 (0.08500284390076897,-1.870371004519282)
35.25 (-1.167200773932353,1.270787437413792)
35.5 (0.01797701169900323,0.650594729519735)
35.75 (0.5055171364064054,0.6950660985416368)
36 (-0.6878486525933799,0.5559632049485221)
36.25 (1.118032844899393,0.3707170923340315)
36.5 (-0.4521603471170729,-1.946847065762162)
36.75 (0.6887009292311366,0.4211533020804962)
37 (0.1098257468950053,-0.9052197967049683)
37.25 (-0.9365589463162468,-0.6361962620999495)
37.5 (1.436431922043135,-0.752045419256908)
37.75 (-0.2155248865479603,3.176354561053424)
38 (-1.670285568223193,0.1474797966141133)
38.25 (0.6941536686884924,-0.4586832052146386)
38.5 (-0.6813392099810476,-1.263748135098485)
38.75 (-0.4579951618584505,0.179934712039977)
39 (0.1815637139853882,-0.6226031391831577)
39.25 (0.781196388434596,0.4726036053602653)
39.5 (-0.2316039733040161,0.005512931424062614)
39.75 (0.06544992098165228,0.1416244260449547)
40 (0.3445644590662393,0.3413741108720101)
40.25 (1.048867872001448,-0.6908833982205201)
40.5 (0.5746405422512555,-0.8671299304499772)
40.75 (-0.7130068217005653,-0.4031367604480404)
41 (-1.205711848390286,0.3234966436713234)
41.25 (-1.408103772009135,0.637853639281011)
41.5 (0.8365971839153186,2.233844600454173)
41.75 (-0.1670832708559332,0.596604933403787)
42 (1.966145572886056,-0.4767895150774794)
42.25 (-0.20461989798885,-1.120921559441794)
42.5 (-1.906514114184485,-0.5052202208029801)
42.75 (1.047911272537658,-0.8150627377299715)
43 (-0.9970551854814937,0.3224596654539005)
43.25 (0.6590197447366306,0.04601295199351121)
43.5 (0.4278515792700782,-0.9410468553059804)
43.75 (1.145252583657652,0.3323593226291167)
44 (-1.502607352418649,1.417975861389899)
44.25 (1.754404707108937,0.08104642836337787)
44.5 (-0.613953111611502,-0.5713319108089503)
44.75 (0.05456229442428373,0.427659780761419)
45 (-1.502437194460717,-1.046203899149605)
45.25 (1.259049905956376,1.363613630985387)
45.5 (-2.019871152869806,-0.755324269194417)
45.75 (1.050253946880624,-0.787832773229184)
46 (-1.255899758129308,0.6868091163384641)
46.25 (1.713346905034636,-0.008336146871739671)
46.5 (0.1226555629476758,-0.01220564135147826)
46.75 (0.7047039870971458,0.100023140266739)
47 (-0.4837238060114104,-0.4321256508867021)
47.25 (0.731980934464907,2.258016144697205)
47.5 (-2.806290093920688,-2.560576385953998)
47.75 (2.645316931452122,-1.275428063074545)
48 (-0.6126907162614343,1.265764147476618)
48.25 (0.8773483320774513,0.6812988515449468)
48.5 (-1.46548203284976,0.7479463275010595)
48.75 (-0.07088650941052714,1.249639187659496)
49 (-0.3651378328070077,-1.717263685257849)
49.25 (1.20847417858784,-0.5285012114216742)
49.5 (-0.8899517564251611,-1.004344046530874)
49.75 (0.2765044886238307,0.6431573988455626)
50 (-1.73966320721723,0.9557539304773675)
50.25 (1.013966945552224,0.5199352924376297)
50.5 (-0.9451415080169132,0.2328174757938457)
50.75 (0.147142354693438,0.4361933435066682)
51 (0.02842605941920858,-1.421980321862821)
51.25 (1.754092834567556,2.552065329609198)
51.5 (1.496530533536183,-1.69995821318353)
51.75 (1.987817203119855,-0.7002305609739741)
52 (-2.939177652480101,-0.1318370856410626)
52.25 (-0.3255863375370977,-0.3004966158674195)
52.5 (0.2556434469080028,-2.040554004067307)
52.75 (-1.48327389375699,1.441677191002555)
53 (0.7331694240956768,1.193222356381683)
53.25 (0.4726328784977172,0.2878832461523779)
53.5 (-0.02657676335815451,-0.6655734598115578)
53.75 (-0.3748562407687211,0.5039013680341747)
54 (-0.3634320267777998,-1.077875255378879)
54.25 (0.340917779878935,1.726996958107893)
54.5 (1.153452838121875,-1.234201275910621)
54.75 (-1.088867099606977,0.006400660746643933)
55 (-1.120150914664679,0.9288284623024665)
55.25 (1.232696120997673,1.05307704658195)
55.5 (-0.7299077923669487,-0.4859422653785413)
55.75 (-0.4373194248014063,-0.8291455951400094)
56 (1.44737769836064,-1.875793068199441)
56.25 (-1.064355511159053,1.614898279750596)
56.5 (-1.155637278217259,-0.1415758325144405)
56.75 (1.239792394352637,-0.7497118399416176)
57 (0.1235044010563237,0.07466218564576362)
57.25 (0.6473427418647637,0.8076976707863806)
57.5 (-1.661465194160852,-1.442534027799592)
57.75 (1.326388756765436,1.562960781407426)
58 (1.060495975789888,-0.008863634200701633)
58.25 (1.30709338386266,-0.6321603522743243)
58.5 (-0.7807396249324157,-1.479857522866389)
58.75 (0.1103455812850721,1.609221186750046)
59 (-0.9964416631677615,1.020882499516734)
59.25 (0.09065620087950972,0.07819097053782761)
59.5 (-1.091337896865829,-0.1498721632206642)
59.75 (-0.133111811440383,-0.06169073139767632)
60 (0.7977445514468189,0.1765263631509804)
60.25 (-0.69621692329701,0.1034172273829756)
60.5 (-0.5247484297993783,-0.9126282381021686)
60.75 (-0.1953818949748502,-0.4405860862174916)
61 (-0.2376821479447448,-1.153509634173977)
61.25 (0.636958580329354,1.254926933506311)
61.5 (-0.05479241351877617,0.2470313182084057)
61.75 (1.506195997097961,-0.1944388919628535)
62 (-0.4901934259030015,-0.03290051782940887)
62.25 (0.1446804904340129,0.6239007820863982)
62.5 (1.361722542355736,-0.9377278726494443)
62.75 (-1.478540585152062,0.5453309698705758)
63 (-0.8037696958684057,1.341165268854261)
63.25 (0.4460507301670505,-0.5997995586422655)
63.5 (-0.4724660894744735,-0.9139908175185818)
63.75 (-1.124807735476705,1.889920307622886)
64 (0.4690403172489064,-1.020418773275076)
64.25 (2.151739470303696,0.1468707682676895)
64.5 (-0.548179364409633,-0.8037302828222422)
64.75 (0.5098734323826541,0.612064857394122)
65 (-0.3114612083806504,-1.281276009019936)
65.25 (-0.5277406425451073,1.305363234238713)
65.5 (-0.02521881104503056,-1.854740751660903)
65.75 (0.1135478209631364,1.497468115065138)
66 (-0.7771385669736947,-0.142004079457451)
66.25 (1.479098960083884,0.1317611034503735)
66.5 (-0.55371704629005,-1.299946618934328)
66.75 (-0.06496015855072465,0.8218548194682525)
67 (-1.019930570668103,-0.9456433779378011)
67.25 (1.371652588098041,0.2380481819287356)
67.5 (0.04565941505415214,0.9841664449450831)
67.75 (-0.07686743004298122,-0.4290505930590859)
68 (-0.8375807644430099,-1.052147232125042)
68.25 (0.8403648788549091,0.6025390300455994)
68.5 (-1.023424478208811,-0.06134724632065461)
68.75 (0.8628138982964267,0.6578004261401724)
69 (-0.2119781007595482,-0.4065646051206905)
69.25 (-0.07899084265788127,1.321794056866569)
69.5 (-1.430622302914067,-1.28248233721582)
69.75 (0.5758392850430311,1.118750444492843)
70 (-0.7210909029745127,0.4277075668130293)
70.25 (0.9460512955882823,0.5267307072977964)
70.5 (0.04157010429614263,-1.99068462180974)
70.75 (-0.2762583163051719,1.859394222594342)
71 (-0.634171169133355,-0.411638669907323)
71.25 (2.093569892815564,0.118332393246433)
71.5 (0.5707693072724483,-2.483130421317883)
71.75 (-0.2100162083196908,0.1656565152569159)
72 (-0.6962402611531213,0.417849434838155)
72.25 (-0.4214178864409535,2.128522418274463)
72.5 (-0.2088464224771829,-0.02859937502469487)
72.75 (-0.02840029755769731,-0.5849078589471782)
73 (-0.004715223907233687,-1.219583646604774)
73.25 (1.537176885347144,-0.2130248445862737)
73.5 (-0.7591917730627294,-0.6984110108672892)
73.75 (-1.10311430901809,0.7129784845837703)
74 (0.06156449379333605,-1.756638843618666)
74.25 (-0.2896175240489887,2.585075550512533)
74.5 (0.8262439245439035,0.8204406296480764)
74.75 (0.6796530290040339,-0.5107842561695433)
75 (-1.180812944311793,-0.7495494584948685)
75.25 (1.667598092481541,1.039330996730982)
75.5 (-0.1594371829062659,-0.868578605836794)
75.75 (-0.5374250930565908,1.476286720422164)
76 (-0.03227842665037107,-1.200077602190616)
76.25 (1.017896722669007,0.5662694075397806)
76.5 (-1.531757927606725,0.5125404649294586)
76.75 (0.3411164699970279,-0.6803718521362412)
77 (-0.9887788000880676,-1.863213987122459)
77.25 (-0.02770049437384883,1.515925577473037)
77.5 (1.664635273530746,0.7704863332539771)
77.75 (0.2702079626752823,-0.4348069530451451)
78 (-0.9325738565963934,-1.583083941897351)
78.25 (-0.3702764171436189,1.205012309494412)
78.5 (-1.34809287584406,0.6656144638816273)
78.75 (2.11511292755005,-0.3456815059959148)
79 (-2.075848655485013,-0.8683252303762138)
79.25 (0.84192027943162,-1.184341356433313)
79.5 (1.035320132901837,-0.8565933459665711)
79.75 (0.7886397253961906,0.636622262340759)
80 (-0.9173934669066658,0.758299071071185)
80.25 (1.576953512530983,1.230269371954773)
80.5 (-1.04164644596859,0.5215434838780546)
80.75 (-0.3135406895765342,2.198477939437549)
81 (-1.256515888790389,-1.831265657870512)
81.25 (1.388295666313087,-0.0707062173091937)
81.5 (-0.3016081340969243,-1.756562079513826)
81.75 (0.2339106694913337,1.840910370954669)
82 (-2.405387550021973,-2.234965908018198)
82.25 (2.031657654743734,0.2276337806578771)
82.5 (0.4113562084255565,0.08689935650906529)
82.75 (0.3692791766610884,1.389011298057234)
83 (-0.5911914709022902,-1.196372946086071)
83.25 (0.2773634431382171,0.255309255622232)
83.5 (-1.763088867005842,0.3271657959851555)
83.75 (-0.05655196726924799,1.467138843408197)
84 (-0.2734863494315037,-1.109990962087482)
84.25 (0.6457119217507389,-0.4314070328294519)
84.5 (0.088087492102215,-0.9134701182161449)
84.75 (1.488114070060159,0.5508133262905288)
85 (-1.323042409707551,-0.06722590963752541)
85.25 (0.3426923816853613,0.953863069954576)
85.5 (0.1499157135715146,-0.2977838097768392)
85.75 (0.1061889127815173,-0.07896944951142591)
86 (1.01859088655829,-0.189194567706219)
86.25 (0.6833465671722545,0.4271978169843397)
86.5 (-2.305435114314009,1.067267992065573)
86.75 (1.888016652866459,-0.4077178912368791)
87 (-1.292774776535117,-0.4339242618009972)
87.25 (-1.342539992665049,1.65332969756645)
87.5 (-1.07767041327631,-0.7351166082640723)
87.75 (1.500800552038515,0.3082274867607268)
88 (-0.1525368965461209,-1.033646348891259)
88.25 (1.557160601911168,0.1342364998820337)
88.5 (-1.426223445232635,-1.798649655927386)
88.75 (1.850754601915162,0.2915631717903462)
89 (0.435597762150328,-0.1865028363268184)
89.25 (0.5085459948519323,0.2741785035758844)
89.5 (-2.453278900089977,-0.4473571230905855)
89.75 (0.6574553694670439,0.4355080449617494)
90 (-1.759509939261401,0.2316069486857799)
90.25 (0.4244032404656367,0.9973817319979674)
90.5 (0.02047532773643669,0.680876800876777)
90.75 (2.098827777461449,-1.675169532074394)
91 (-3.719963486825367,1.975145047450762)
91.25 (2.518805876033099,-0.2188791818449365)
91.5 (0.4456041497997954,-2.656715221887214)
91.75 (1.783565651512559,1.415798090205095)
92 (-2.761216133839241,-0.6411649028912019)
92.25 (2.375495700156253,-0.1575392750905765)
92.5 (-2.565589796064043,0.5497035503080017)
92.75 (1.751251928129093,0.6725510521443171)
93 (-0.107416688427743,-0.01342935548582151)
93.25 (-0.565542193438174,-0.8645277643359338)
93.5 (-0.4620482109699668,-0.441048169538558)
93.75 (0.413856526844125,-0.2586216268731949)
94 (-1.826618493250798,0.5533882068223438)
94.25 (1.285939328975652,-1.025901322844253)
94.5 (-0.7016732523556208,1.190642364373122)
94.75 (0.368197686356495,0.8678706073583345)
95 (0.4970060441337744,1.604479551046463)
95.25 (1.742090563787731,-0.4022585930475068)
95.5 (0.04521590992700031,0.008171806683580987)
95.75 (-0.2646854574061105,-1.619161704796899)
96 (-1.0205684181624,-0.5997136926088973)
96.25 (0.6534509000416513,-0.7853331358901755)
96.5 (-0.165265848890792,0.6883334838099204)
96.75 (-0.6729365598112795,0.3385529607918262)
97 (-0.8358722415961147,-0.9953015649463325)
97.25 (0.4299931068078421,-0.07340143578275209)
97.5 (1.252057244326103,1.26850223449555)
97.75 (-0.5521287039603786,-0.117277881637184)
98 (-1.055699169776481,0.3136269920636323)
98.25 (0.1934107341044546,0.4483314269029369)
98.5 (0.3458282888973242,-0.1395342382074319)
98.75 (1.55752094484526,0.7080050330935861)
99 (-2.619040108132284,0.1806685153866987)
99.25 (1.266830161708408,-1.603518970903788)
99.5 (-1.058448551135932,-0.9915551217584718)
99.75 (2.282174750229514,0.4544785036892844)
100 (-0.2906482101553772,0.5664926908080649)
100.25 (0.8051307385363795,-0.8733991065458023)
100.5 (-2.286325632435101,-0.2965311026196452)
100.75 (-0.2313887518209973,-0.04388457327160936)
101 (0.1089120516916415,-0.2480066944885474)
101.25 (-1.057629017416866,0.7256221831001255)
101.5 (0.7913445178505145,1.281988479019315)
101.75 (2.130990014686446,1.091069164074885)
102 (-2.450887824123562,0.8286588545783714)
102.25 (0.604058217628212,-0.6267457849556473)
102.5 (-0.06192249928532437,-0.3498727806531062)
102.75 (2.17253626932695,-2.307377155500254)
103 (-0.9078844958660948,1.811904085257089)
103.25 (-0.6828650072944304,-0.2265984557184474)
103.5 (-0.5884557255921852,-1.211539501316313)
103.75 (1.999798958884693,-1.589982919235724)
104 (-1.376655881820897,1.599314820570721)
104.25 (-1.149828952974302,1.900360955801232)
104.5 (-0.5136287901266623,-0.5480472348969946)
104.75 (2.59456225747631,0.03618476807490166)
105 (-0.730924172930006,-0.4026628791303665)
105.25 (-0.1229073553735524,-0.4504596439868891)
105.5 (-0.1010799461348882,0.1763763622620586)
105.75 (1.904195621753578,0.1050411481001737)
106 (-0.3312830647561272,-0.04599701168428948)
106.25 (0.4517632035911979,-0.07526070607107824)
106.5 (-2.379363928093566,0.2275803893861979)
106.75 (1.250310013681082,-0.3615322774919414)
107 (-1.204737298057764,0.1192788960823549)
107.25 (-0.3590806915830736,-1.282303919247804)
107.5 (0.2557668037773472,1.137488323535847)
107.75 (0.1840605844295512,-0.765780465648675)
108 (1.8265376756347,1.188454351383457)
108.25 (0.7475224940321845,-0.455659816673121)
108.5 (-2.571313699042316,2.195530565702764)
108.75 (-2.030669390156282,-1.27808724031498)
109 (1.465966706805632,0.554858924239146)
109.25 (0.0413608384228632,-0.8948432570201225)
109.5 (-0.1164076033467162,0.156850457686579)
109.75 (1.636938578840514,-0.2515470914861029)
110 (0.01192939839895816,1.107400354241831)
110.25 (-0.3670135021820063,-1.271337824043896)
110.5 (0.4861939774584617,-2.113468407063563)
110.75 (-1.722477828420782,-0.2248877101517746)
111 (1.970051428381252,2.151212198750225)
111.25 (-0.9650595676673127,-0.7918219781392389)
111.5 (0.5549733628856734,0.9598580896561687)
111.75 (-0.1937429273200459,-1.483524739925701)
112 (1.079503052452851,0.2569266174218117)
112.25 (0.6639626167374716,1.318506067762666)
112.5 (0.1532711569523352,0.01859853094259504)
112.75 (-1.680948208569909,-1.412544408850882)
113 (-1.131645404674491,2.02104616797032)
113.25 (-0.6756128257811503,-1.787894391828909)
113.5 (-0.9010995273609469,0.8606131438159601)
113.75 (0.6987916637783835,0.8790883001191429)
114 (0.1112296051719867,-0.1070523113860639)
114.25 (-1.371970910722913,-0.5602571552218343)
114.5 (2.138044425689493,0.436512687648524)
114.75 (-0.01922517033620402,0.9561573304842339)
115 (1.868328001801366,0.4249432393125367)
115.25 (0.8861228779819554,-0.7292353067640889)
115.5 (0.05698125014238534,-1.425406353337755)
115.75 (-1.464182764176019,0.860785997897243)
116 (0.3456816459117147,-0.6975904997091286)
116.25 (-1.132536215595261,-0.1575264379513359)
116.5 (0.6512678213340195,-0.5986038775249581)
116.75 (-1.071817806557337,-0.9775527695117328)
117 (1.91233347581669,1.399462140433621)
117.25 (-0.3232832159733101,-1.204366921253341)
117.5 (-0.4439755055998779,1.132528414508868)
117.75 (-0.7128304260165296,-1.914318478277727)
118 (-0.3950259460503356,1.346386831551066)
118.25 (0.08086850930660996,0.7455220296607566)
118.5 (-0.9790607774933709,0.8712103803703832)
118.75 (-0.241975654066856,-0.1513652534020853)
119 (2.500591080545234,-0.4577419758032938)
119.25 (-0.7861820479357254,2.823105807185311)
119.5 (-0.7147726696764982,0.1015815660190782)
119.75 (-0.9370875325877421,-2.215579872166777)
120 (0.7950982825255142,0.3466965893356108)
120.25 (0.3014308465985367,-0.9121757984934308)
120.5 (-0.2488332626073838,-1.637883157746281)
120.75 (1.452899367906523,1.873694627943016)
121 (-0.3938235681579467,0.7318497710138144)
121.25 (-1.412065898405391,-0.1752316925445821)
121.5 (1.433918260464246,-0.9059004336616643)
121.75 (1.103315812863241,0.04749882348660484)
122 (-0.5569085246386141,-0.5428823247938981)
122.25 (-1.616374557818641,-0.2474466392918734)
122.5 (0.4363181279420221,-0.04245948151450743)
122.75 (0.1725301380118068,0.5210503693470498)
123 (0.9885560498071736,-0.03956010924190518)
123.25 (-1.610897610293371,-0.06615685185234547)
123.5 (-0.1778327970168603,-0.830457989620895)
123.75 (-0.4202133272015162,0.6127186360015525)
124 (1.965587035959292,-0.6152655225908991)
124.25 (-1.292527230131276,1.009240734051705)
124.5 (-0.1935921478151092,-1.508635450485363)
124.75 (1.807782664186773,2.680261314028737)
125 (-0.6165000514697814,0.6086338828732842)
125.25 (-0.8266241451026681,0.3103417427306968)
125.5 (0.7816559120199768,-1.044328038441407)
125.75 (-0.7781553173084915,-0.7030751893063695)
126 (0.5584910004427346,-0.1535190256824131)
126.25 (-1.433536118577731,-2.197985202943082)
126.5 (1.45774706773385,-0.1618562746687294)
126.75 (0.3810931642034984,2.01556399923822)
127 (-0.3335717365335047,0.8219408917014644)
127.25 (-1.280078488002985,0.3357348706959421)
127.5 (-0.8834303890760389,1.351292461654532)
127.75 (0.6950267131989072,0.2863085346220042)
128 (2.166336482055718,-0.9907853237359429)
128.25 (0.379081780912934,-1.391545702948713)
128.5 (-0.01851013763637857,-0.8713304185745019)
128.75 (-0.8203678939632625,0.2420610519923579)
129 (-1.181008323234187,-0.0280214645664203)
129.25 (-1.687429969864447,1.710462417326035)
129.5 (3.506883534443136,-1.388589073498788)
129.75 (-2.434268263527793,-0.009937825918260205)
130 (1.311842224185285,-0.425434744592617)
130.25 (-1.726921451362072,-0.9133473373827407)
130.5 (0.7802310366363706,0.8320639336607297)
130.75 (-0.1173816667368409,0.3113798017785601)
131 (1.959163791604857,0.7666286108937426)
131.25 (1.471156398939945,0.8060308634096773)
131.5 (-1.118687652375876,-0.6801387488469687)
131.75 (-0.6805400358254218,-0.9163282209613147)
132 (0.8121731774605074,-0.603364837859796)
132.25 (-1.055845918574517,0.9690242233514156)
132.5 (0.7870587547639959,0.086295907559333)
132.75 (-1.38166403765626,0.4575410729997637)
133 (-1.422410647351445,-1.029241651992863)
133.25 (1.669767498426318,0.4051186221103213)
133.5 (-0.5186938103862666,0.1280458167269093)
133.75 (-0.9032277434804312,-0.7611192173726641)
134 (1.122146385933465,0.4586481756709956)
134.25 (-0.1621589222289399,0.142777775082645)
134.5 (1.579719278033695,-0.1328250234878508)
134.75 (-0.7061682103233218,0.6352394925076251)
135 (0.6985364982600355,0.4041079018011609)
135.25 (-0.6088290551528155,0.8117804915144906)
135.5 (-1.41264745487427,-1.283764139333968)
135.75 (0.4891080224511584,-1.475868687758559)
136 (1.883222961768135,0.3229456264148797)
136.25 (-0.84981463561284,-0.003119170017565732)
136.5 (-0.8246506388981252,-0.9727939398057283)
136.75 (-0.2600805556864051,0.5909456414222406)
137 (0.4693502425055065,0.06737033367806745)
137.25 (0.3042810172803895,0.5816672442734536)
137.5 (0.4236184610396684,0.8110116683085143)
137.75 (-1.982067281367125,0.4188378815922929)
138 (2.315801626013502,1.905900626900034)
138.25 (-0.9469676508888851,0.6177597843355862)
138.5 (1.067376733822529,-1.980646698013996)
138.75 (-1.578934163382279,-1.084675112412823)
139 (-1.156147607137644,-0.5936576131966278)
139.25 (2.478380670901126,0.133766467287005)
139.5 (0.9999400623157336,-0.1706984313177614)
139.75 (-1.067391657770022,-0.1771197655356399)
140 (-0.9478548612162339,0.3690341391033152)
140.25 (-0.01349602061511471,-0.7526083485935627)
140.5 (-1.545613128062576,1.333237992648263)
140.75 (2.251727113930803,1.926505725450412)
141 (-1.062380825884838,-0.5128126382127326)
141.25 (-0.7382997286815085,0.0535476691206874)
141.5 (0.464924220884225,-0.06219617178631307)
141.75 (0.9564294791494703,0.4044813403984964)
142 (-0.8705815740365525,-1.121985288454713)
142.25 (1.873279599905687,-0.4844288327163057)
142.5 (-1.928615249721852,-0.1319194696172807)
142.75 (-0.005485603241254642,-1.326634641790094)
143 (-0.374377014018633,-0.4352288550160687)
143.25 (1.326184370988761,-0.2628468030391444)
143.5 (-0.8778326055679474,1.039310101318365)
143.75 (0.8685247296214462,1.481086139390541)
144 (2.05311347648355,-0.3708124826808047)
144.25 (-1.695059566572966,-2.746909331830538)
144.5 (-1.201349012319429,1.356474632114011)
144.75 (1.279592575534201,0.5072335994851013)
145 (-0.480800832075178,0.6971697805407494)
145.25 (0.8974832493039169,0.0661490470227835)
145.5 (-1.143767277937074,-1.176274138426359)
145.75 (0.2428043431994356,2.58665630496018)
146 (0.7442383226811827,0.5930471430282728)
146.25 (-1.836506478641688,0.05973824597110364)
146.5 (-0.07579840869536385,-1.985446044150651)
146.75 (0.4284608914685267,-0.1505950773842273)
147 (0.1055507314317243,-1.290217316583053)
147.25 (-0.6187376212866637,-0.319547134968435)
147.5 (0.07114783223997843,-1.229483093382252)
147.75 (1.98371412595844,-0.01284863312667291)
148 (-0.3817948302307783,3.23122467672547)
148.25 (-0.3170915905279562,0.115656077477604)
148.5 (-0.6928578889274002,-0.8614419415147255)
148.75 (0.1952883143274395,1.447468003641174)
149 (-0.03162037306851038,0.3252202173640414)
149.25 (1.547762427206265,0.08673356827048045)
149.5 (-0.3592323162908463,-0.08059368597976653)
149.75 (-1.332783505994641,0.04206988772003826)
150 (-1.047601922789178,-1.425474476591021)
150.25 (1.219311292618077,-0.7993644592339365)
150.5 (-0.004411370793563912,-0.3341301739707483)
150.75 (1.594671407066864,0.1150638217052283)
151 (-0.3992238754131058,0.6613388105373372)
151.25 (0.1602322528502208,-0.6040748055094503)
151.5 (-0.06175464101872567,-0.1066081164912602)
151.75 (0.6023546993319769,-1.675048784105245)
152 (-2.677549378590211,1.309514165342561)
152.25 (-0.5366947885011452,0.9192931040440464)
152.5 (0.1417006260198543,-0.2885442971541001)
152.75 (0.4658378466159922,2.571846429576363)
153 (0.7837985672835779,0.1621232637933615)
153.25 (0.1841125916502384,-1.431282974149256)
153.5 (0.9058331106075969,-0.898495174744063)
153.75 (-0.9845786383892363,0.7930427281365749)
154 (0.236961708100866,-0.1009418863420859)
154.25 (2.649517768325457,-1.852551325977467)
154.5 (-1.951590121784823,1.277837823791891)
154.75 (-0.2045663558024592,0.412580267951854)
155 (-2.800363951251826,0.3532936131350362)
155.25 (1.309854827488103,0.3960758882123747)
155.5 (-1.084616376257104,-1.513166011409713)
155.75 (0.3032531916792822,1.869994091192191)
156 (0.350672721689506,-1.613377712519642)
156.25 (1.28174821902796,-1.107758309300966)
156.5 (-0.2785337415109315,0.3071764081319536)
156.75 (0.9494512710438957,1.943991331797601)
157 (0.1558170821005236,-1.083119001035736)
157.25 (-0.1904628936825833,-1.168850109639322)
157.5 (-0.956607617711062,0.2070368237369022)
157.75 (0.4065442260960129,0.549819818167599)
158 (-0.9421639700203525,1.084022698461217)
158.25 (0.11242210966103,1.573494313572299)
158.5 (-0.02196232751891548,-0.2805940423781256)
158.75 (-0.02330742286879229,-0.04126148617085973)
159 (0.4934828818142696,-1.949879301867297)
159.25 (-0.03320902033926755,0.0100204543684378)
159.5 (0.1722505769271592,-1.318606979599463)
159.75 (-0.3767473976580583,-0.3971309145745593)
160 (0.8924040417039395,-0.2203140477095121)
160.25 (-0.1687413206974442,0.8256840658539299)
160.5 (1.396933493386298,1.832113552684139)
160.75 (1.614481438314926,0.06325921629063946)
161 (-0.5431143138474006,0.7263025389508191)
161.25 (0.002987491725787558,-1.353608621333805)
161.5 (-1.23819007087876,0.4496247428359929)
161.75 (-1.379639206232001,0.7314043087670743)
162 (-1.769454779176809,-0.4202310570761473)
162.25 (0.9438527034031148,-1.147720242652804)
162.5 (0.3417641364416317,1.170181126307841)
162.75 (-0.5658658369746098,-2.43387993279552)
163 (-1.865364473026785,1.119991827098104)
163.25 (2.657616911038658,-0.4085163823663345)
163.5 (-0.9956749180566258,1.024712791011649)
163.75 (0.6509318555371677,-0.204701214098724)
164 (1.855770758976914,0.1008586707841549)
164.25 (0.09943337078948246,-1.0076512713918)
164.5 (-1.748074899048224,1.657204508026495)
164.75 (0.316536802340548,-0.9413801372088858)
165 (-0.05677810432611458,-0.3187187283230201)
165.25 (1.119400620970847,0.04374532830056812)
165.5 (-0.8638631642427007,-0.6354814524328146)
165.75 (-0.4553151087601929,-1.106748538930644)
166 (-0.9982312628969757,0.7436446256969039)
166.25 (0.008424007652626018,1.062402065501929)
166.5 (0.6518426538068018,0.01716143682891507)
166.75 (0.5571065470090449,1.127089763774914)
167 (-0.3739280284584074,1.304372560172682)
167.25 (-0.03679807919255813,1.879336944352901)
167.5 (0.7234362221219182,-1.24474284340003)
167.75 (-1.378146088399957,-1.404502086942413)
168 (-0.6069715952378606,-0.8866095383191935)
168.25 (1.840415128471208,-0.7204849452946094)
168.5 (1.615042333414608,-0.8708595162278626)
168.75 (0.5204350199108321,0.8924501652915562)
169 (-1.534998347273582,0.6439990977404272)
169.25 (-1.406997526057956,1.154295426036823)
169.5 (1.305762734483234,-1.122461959943736)
169.75 (-0.6034731214753438,0.8218350291045314)
170 (0.08127072390755574,-0.4573644737280063)
170.25 (0.6576351800539174,-1.97888149302281)
170.5 (-1.039282960931452,0.5333675441113045)
170.75 (0.4624930632372214,0.9972784552722713)
171 (0.9857558645919154,-0.189289753387594)
171.25 (-2.055319919450408,-0.3240150948126549)
171.5 (0.3148737850776094,0.3221596634140714)
171.75 (0.2877630575832234,-0.5418708162699367)
172 (-0.668332048761082,1.51187759246268)
172.25 (0.4550482706139758,-0.3829082633928803)
172.5 (-0.4247005386332021,-1.86625844675254)
172.75 (-0.7041111157817422,-0.02662626793939217)
173 (0.7175310728594083,-0.1902799874355258)
173.25 (0.8127659247033988,1.388361105507538)
173.5 (0.2197089115816316,0.8114720964340142)
173.75 (1.982152290804009,-2.17354608261344)
174 (-0.9635056248843369,-0.2615747885478538)
174.25 (-1.373596526197455,0.8957894438753832)
174.5 (-0.3130121600801716,0.603934070521764)
174.75 (-0.5033956240724472,1.775558369243326)
175 (0.6423092637402602,0.3628650110646797)
175.25 (1.081895617267388,-2.587026670815626)
175.5 (0.4265002832884628,0.9768955545684513)
175.75 (-0.6179076699435925,1.090858195601539)
176 (0.6924516565778481,-0.7665879603085126)
176.25 (-0.07888729700980979,-0.1001625316103641)
176.5 (-0.8527188531524504,-0.9845571976638917)
176.75 (-1.323934280399211,-0.299756171738229)
177 (1.068416948014333,-0.3923449044868846)
177.25 (-0.853719319922741,0.2907866856875546)
177.5 (0.7168828346676615,0.761993204385864)
177.75 (-1.09596052535283,0.6266110146244228)
178 (-1.229320287906055,0.8134518742469089)
178.25 (1.029224049092567,-0.7904877306161651)
178.5 (1.698211578481169,0.8628740100087319)
178.75 (0.7385236169009459,0.6644024740856915)
179 (-0.2432710048355791,-1.456586317735597)
179.25 (-0.7467545805776328,-0.2182596034554171)
179.5 (0.9852415322129039,-0.9290183452297306)
179.75 (0.4058599966943878,0.9179745448912032)
180 (1.511173115683113,-1.658221561259943)
180.25 (-0.9074336748377216,0.02745442175161273)
180.5 (-1.931626732921001,0.6413549647779793)
180.75 (-1.199092785483835,-0.6270096138251317)
181 (-0.7832475793716072,-0.1474661694016196)
181.25 (1.220907217346478,2.015806474795379)
181.5 (0.2211186294542086,0.8401170486349847)
181.75 (0.7693293083051628,1.066315169844603)
182 (-1.817334172175332,-2.345913938131659)
182.25 (0.7587990752337982,0.2047202093845498)
182.5 (1.552019692072552,0.1247357116607014)
182.75 (0.3104920308553886,-0.1924845314876237)
183 (0.2178079773462301,1.233151377644686)
183.25 (-1.992780561672588,-0.6794273130437086)
183.5 (-2.069297299889428,-1.60561410448972)
183.75 (0.8409939263552975,0.6230771827178445)
184 (1.580626389123133,-1.316302005218398)
184.25 (1.527707992833273,-0.8589069326591616)
184.5 (-0.5203764686033251,2.221928632981758)
184.75 (1.193881776455453,-0.7983677874645111)
185 (-0.2671038533833848,-0.664277082860676)
185.25 (-0.7731858068399157,1.048144921038514)
185.5 (-0.7998667776497258,0.4529868302702112)
185.75 (-0.4524107955817516,0.7317631399401925)
186 (0.9583574882575707,0.4931699796447117)
186.25 (-2.630269598065357,-1.713071319279643)
186.5 (1.051928491256351,0.03636571859097795)
186.75 (-0.4034486899691788,-0.09197195569298776)
187 (1.849628127564882,-0.1324022438837956)
187.25 (0.6179169639252114,0.7180833508792841)
187.5 (-0.1208396008467658,0.3674227340692847)
187.75 (-0.4191298394918683,-0.5884677347008964)
188 (-1.859064339816696,1.661437761879891)
188.25 (0.3369823605916034,-0.2642556458475069)
188.5 (3.18496419900791,-0.9689715001722954)
188.75 (-0.4555112691791378,-0.3098922236987856)
189 (0.4482945686491491,0.09781400707598602)
189.25 (-1.264032240327928,0.8919312663129584)
189.5 (-0.6591426901646887,0.1875336413509871)
189.75 (-0.08760284557798416,-1.976608216528725)
190 (-1.320315435313171,0.8604847395277685)
190.25 (1.597754357198448,-0.4555106932534778)
190.5 (-1.980330734443177,0.404435700231651)
190.75 (-0.7614856843415895,0.5803715808789109)
191 (1.367890717134052,-0.1989542844191004)
191.25 (-0.5603038918220193,0.2633489350874377)
191.5 (0.7208611597221155,-0.6694497064832248)
191.75 (1.639186139152043,-0.2819529885647539)
192 (-0.3860821901157722,0.03174443763345292)
192.25 (0.8698401966620835,-0.1618010206189683)
192.5 (-1.521705263019676,-1.04149065719423)
192.75 (0.6761320837879216,0.9576423781217439)
193 (0.8374646013724474,-1.583168378776189)
193.25 (-0.9211742521113155,2.538882137032541)
193.5 (0.9692138494109507,0.7443817884014592)
193.75 (-0.2481592672537396,-1.185880590964849)
194 (-1.400917272394083,0.923118844673943)
194.25 (-1.416452673140445,0.02202241942912447)
194.5 (-0.3454294799007424,-1.076401073250551)
194.75 (0.1592262569353534,0.1513643599609846)
195 (0.5837574314574802,0.02529100818386563)
195.25 (0.3369519549115464,1.175921506959711)
195.5 (1.633971286017098,0.4273664493032921)
195.75 (-0.2441193460365736,-1.278160008164688)
196 (0.9300577550764803,-0.100111093014607)
196.25 (-0.4915456250167931,0.822849521777015)
196.5 (-0.1762182300384198,-0.2214573472477064)
196.75 (-0.99045894410561,-0.8927056243760261)
197 (1.421514541894134,-0.1767277143992799)
197.25 (0.507989056866916,0.4153692481862227)
197.5 (-1.527442441198071,-0.7022408050688366)
197.75 (-0.3196575365106871,-0.229538819683588)
198 (-0.1551538769685504,-0.5207200684269969)
198.25 (0.7060636333522138,0.705366560570025)
198.5 (0.01213313013277679,1.626412680414668)
198.75 (-0.1417125585755531,-1.586003843747744)
199 (-0.5876112263747242,-0.9233957562819795)
199.25 (-0.430082342014946,1.947643014932705)
199.5 (-0.1769628549400681,0.8661121248239424)
199.75 (0.6884519370209655,-1.296726950068658)
200 (0.01054713252740169,0.4149813351708523)
200.25 (0.8531904745891501,-2.028538367723886)
200.5 (0.5264408096889409,1.099235498973038)
200.75 (-1.313321284177186,0.6021551587957692)
201 (-0.1362417310843452,-0.486713531839406)
201.25 (-1.001898921845897,0.2708908900080429)
201.5 (0.9490627451153729,-1.338092956462689)
201.75 (0.1159332221237725,-0.3360150920153478)
202 (-0.5587541001206215,1.124332924394537)
202.25 (-0.5789177956753389,-0.3966112520915357)
202.5 (0.001217411789713716,2.043608580136272)
202.75 (2.075305743313512,1.040720472942231)
203 (0.6693319033758032,-0.1740368164185967)
203.25 (0.4044495157898639,-0.348359146028534)
203.5 (0.4745961857647402,-0.9755066136138172)
203.75 (-2.385129930182503,-0.49602611411979)
204 (-0.1281573770176552,-0.7866494132174676)
204.25 (-0.8891772451868268,-0.2268437010829819)
204.5 (-1.183423172790102,-1.373335560830907)
204.75 (2.372125152222741,0.01849036268838903)
205 (2.161294743630415,1.327460731151983)
205.25 (-1.140953458486682,2.189649567640558)
205.5 (-0.4814948681193423,0.4731735796714327)
205.75 (-0.2516160674586931,-0.4451652764951796)
206 (-0.9612212899619724,-0.2330326368545857)
206.25 (-1.610608846432646,-0.1464632410529884)
206.5 (1.745302343726276,0.276779277261221)
206.75 (0.8523675385966557,-0.2489244326015854)
207 (0.705829042344435,-0.1487612187627008)
207.25 (-1.472225417238934,-1.232269326534912)
207.5 (0.655935133349117,0.5152735717353013)
207.75 (1.025430759065835,-0.07597171322971268)
208 (-0.2169258757772528,0.7269904832568603)
208.25 (0.02273944146192521,0.05758710656037452)
208.5 (-1.945655588903935,-0.9951522919391804)
208.75 (1.468286881873504,-0.4237333364524473)
209 (-1.125593043593451,1.310081975314402)
209.25 (0.6793484683313316,-1.960668568745031)
209.5 (0.5284852101339497,-0.7696231307504191)
209.75 (-0.2510276331743241,0.8943798644417063)
210 (-1.671409676189928,0.6491517673447132)
210.25 (1.041884786999882,1.327789432344883)
210.5 (-1.017720745317084,1.189296410393659)
210.75 (1.900906518931225,0.6441641369689625)
211 (0.2570635014558537,-1.651928249531941)
211.25 (0.0795624774283599,-1.767947161099605)
211.5 (-0.4204710863003143,0.407786161030079)
211.75 (0.2127667442724304,-1.39362781795988)
212 (-1.085871784574344,1.389949775705963)
212.25 (0.5924507759332611,-0.4796909781548448)
212.5 (-0.4881031573982725,0.8881792730069262)
212.75 (0.3304512030869396,0.023435459014926)
213 (1.583406289079072,-0.2953602787161671)
213.25 (-1.513670145630579,-0.6050529162390879)
213.5 (-0.06137764423312928,0.8377700860027748)
213.75 (-2.043112509820839,0.3974553551640468)
214 (0.5303743920007085,0.4861804165376745)
214.25 (0.6055509993340791,0.1846633220862071)
214.5 (0.3325732024745808,-1.282279897839882)
214.75 (0.6153336844621067,0.2942737961881356)
215 (0.5031598637869069,-1.175993249858666)
215.25 (-1.824096125664489,0.1420462344953516)
215.5 (0.1110373403258773,-0.449861789232181)
215.75 (1.871335956143673,1.72310162110277)
216 (-0.9352432554485519,-0.2083695935613023)
216.25 (0.444030795552705,1.335098625753048)
216.5 (-1.570808995262182,-0.5146577491863086)
216.75 (0.9634592724537513,-0.7700568513424709)
217 (1.102142343944716,-0.6660843713318958)
217.25 (0.6420531482697472,-0.1649110829256088)
217.5 (-2.794565161480061,2.44012210938303)
217.75 (1.287284267469935,-0.5158409003015957)
218 (-0.580358258289892,-0.1041411946744471)
218.25 (0.6133790614653716,-2.089220600301231)
218.5 (0.06615253996373227,-1.812386107040384)
218.75 (-0.2833275369388326,1.611417304556497)
219 (-1.094020689017992,0.5270229683280454)
219.25 (0.9738276034309552,0.2900420996890422)
219.5 (1.180101086853296,0.1177510826820832)
219.75 (1.208014952361209,1.331736180790908)
220 (-0.4667535749498062,-0.6661640479285925)
220.25 (-0.9494493066683601,-0.4235110511095767)
220.5 (0.8045098502710368,-0.2519765308446786)
220.75 (-2.305754797667984,0.6401656806814492)
221 (-0.2489963360729706,0.5983091614014947)
221.25 (0.7118272383840732,-0.3736109852410995)
221.5 (0.2091267011018563,-0.331563193416068)
221.75 (0.04821406736613193,0.3476781235010235)
222 (1.149198106537517,0.05680214611991543)
222.25 (-0.2106281323433094,0.6716682351448159)
222.5 (-0.7057752845642912,-0.9210455889169135)
222.75 (0.4927975864688672,-0.774854084723645)
223 (0.1538118812377992,-0.6818713363121585)
223.25 (-0.104583086409674,0.2447463418120169)
223.5 (0.1808063604095212,0.7037447057604247)
223.75 (-0.9045239638517787,-1.274120632140001)
224 (-0.5808616965885766,1.364392873705489)
224.25 (1.355185859513637,2.269570114644503)
224.5 (-0.8667156002362674,-0.1074318383130204)
224.75 (0.4111662880470476,-1.374243234272458)
225 (-0.7043475016557997,-1.044644008942127)
225.25 (0.05039411452328575,0.2900840853605386)
225.5 (-0.9223365723459116,-0.2894434938990874)
225.75 (1.591216110271875,-0.7193195757678161)
226 (-1.34363051161373,1.022572695314375)
226.25 (0.866420282275308,0.4104573289965102)
226.5 (0.319629705667709,-0.2644509231319084)
226.75 (-1.045053279297639,2.594517081954357)
227 (1.303742489892099,-1.700384820352352)
227.25 (-1.059553026554491,-1.488697895894609)
227.5 (0.9025240871508075,-1.099585501469105)
227.75 (1.380326477571759,0.1986396608858272)
228 (-0.6067228790802841,-0.2818824156249029)
228.25 (-1.098250363017287,0.8777230308348689)
228.5 (0.07984879464820294,0.7275310934211856)
228.75 (0.4360071271825335,1.20350816328116)
229 (-0.9752419146327876,-0.2571097019886817)
229.25 (-0.1196381673643976,-1.700756626843551)
229.5 (0.7275264110538282,-0.3421326662189699)
229.75 (0.8076837144500004,0.184933392358419)
230 (0.3579626826552496,0.367069037096887)
230.25 (-1.879672044599177,0.5777172100566478)
230.5 (-0.8117963812944772,0.2246158181892204)
230.75 (1.547398342668612,0.2805345457305384)
231 (-0.4331767767778297,-0.5845749706811685)
231.25 (1.171235037877128,0.1475758058504345)
231.5 (-0.2338587468148627,0.1159885151989817)
231.75 (-0.8200831939795822,0.4560995256164813)
232 (0.9123084276059815,-0.9578607912287421)
232.25 (-0.1616380798745488,0.1353413195099192)
232.5 (-1.491817018731808,-1.170611535878261)
232.75 (0.97978116541705,0.2107083700873586)
233 (-0.7164761806325872,0.3538914215896374)
233.25 (1.133566915092187,0.04296679138212168)
233.5 (-0.5100497419450742,0.7685520905411981)
233.75 (-0.3665441388627284,-0.1364522380539955)
234 (0.6089882186561534,0.7652015747187291)
234.25 (0.3923976773089512,0.7809058254393708)
234.5 (-0.3214883409836186,-1.022925424502863)
234.75 (-1.440099077221476,0.1114672650156448)
235 (1.125498958746925,0.2683318864405022)
235.25 (-1.343348871358114,0.1952267453985574)
235.5 (1.123388678104601,-1.575873707818441)
235.75 (0.3752133848647408,0.3538768743571964)
236 (-0.1449266253839151,0.4334299747741624)
236.25 (0.6708565504273505,-1.061178880605825)
236.5 (0.571409151576478,2.013921527100032)
236.75 (-0.3109211922871766,-1.126064017745871)
237 (-0.6170644212688977,1.282556364926352)
237.25 (0.7504413858082783,-0.09121182642627249)
237.5 (-1.174004245174413,0.5502318780914837)
237.75 (-0.8422729065642356,-1.038003919442992)
238 (-0.1588369583114791,-0.9476604127310194)
238.25 (0.1545855987293898,0.3437904217043611)
238.5 (0.2207904600752426,-1.155295293560293)
238.75 (0.8488461214642234,0.9711220986298861)
239 (-0.9263032879651496,-0.4550032209802767)
239.25 (1.808968290806937,0.1545570488652463)
239.5 (0.7761326291773087,0.04741675174240074)
239.75 (0.04349824646659271,-1.546149924822039)
240 (-0.6225785646775573,0.4317624992538966)
240.25 (-0.1899233435191057,-0.5620534574032591)
240.5 (0.3343328169208825,0.5219702955712844)
240.75 (-0.5627837133164638,1.648768976664275)
241 (-1.191090267571963,0.5857588284174388)
241.25 (0.3849005258769356,-0.5464687032527904)
241.5 (0.04490907547766698,0.6595536075953059)
241.75 (1.452247580178735,0.5412111763758459)
242 (1.321503521737956,-0.6578077782762921)
242.25 (-2.10948092798537,-1.576592927027377)
242.5 (-1.263075334153498,0.6025601881398738)
242.75 (0.1523918862979668,0.1864974626246957)
243 (1.426346624413281,0.9740483451606771)
243.25 (0.2453028839249765,0.3068187512795609)
243.5 (-1.498253128989778,-0.3622387565318046)
243.75 (-1.471031533180252,-0.8092634236648878)
244 (-0.003526573272583536,-0.6159167540121282)
244.25 (0.7853341071023388,0.3765627085322209)
244.5 (0.01895927919752928,0.4071836350853652)
244.75 (-0.126287312030023,-1.073316691886009)
245 (1.666476257818568,-0.3777272460932139)
245.25 (0.9561275035877727,-1.084222501139571)
245.5 (0.6462171905026669,0.4511306711165138)
245.75 (-0.257427966348988,0.7200704370191541)
246 (-3.189454268289208,2.000929404253431)
246.25 (-0.2483591415876654,1.13131357450656)
246.5 (2.074389244244168,-1.007310645966383)
246.75 (-0.4412469702994003,-1.069507291439123)
247 (-0.2943891302723548,-0.02383729613616988)
247.25 (-0.2966600951632454,0.06842950318379458)
247.5 (1.915485076106736,-0.9082809860272065)
247.75 (-0.2186547580144693,-0.9770386806125025)
248 (-1.302339422186263,0.6290889671832698)
248.25 (1.210419839967043,0.6153357386573306)
248.5 (0.1993529333884551,1.15959520408126)
248.75 (-1.083321713177992,-0.05508530789194124)
249 (-2.047998317009028,-0.6894324019927889)
249.25 (0.7925240844328962,0.661674953875026)
249.5 (0.8844399762382645,0.7464038992193976)
249.75 (0.96435630552936,-1.697459912449733)
250 (-1.720536684524548,-0.01260450325854524)
250.25 (-0.3762377262918284,1.019538616257803)
250.5 (0.5787063144940923,-1.288989649674001)
250.75 (-1.246052618145708,-0.3635278131863341)
251 (0.615811797838812,2.899511401510829)
251.25 (2.892696279784414,0.9283917308063815)
251.5 (-0.1650507015217576,-2.804416976241126)
251.75 (0.7884039695126958,-0.9871434585903236)
252 (-0.2039224546999941,0.5405044866732928)
252.25 (-0.9726854546680054,1.223561076841392)
252.5 (-1.374498705023756,0.00345976750528415)
252.75 (-0.7022208585155949,-0.334842482971849)
253 (1.0744875256582,-0.337243310226679)
253.25 (-1.090737579029401,-0.2987383804164346)
253.5 (0.4897195438084301,-0.3329947041593999)
253.75 (-0.2849208189944922,1.463960547681123)
254 (0.7576221603899037,-0.2103532579323246)
254.25 (-0.1614717042772367,-0.56790978332529)
254.5 (1.814398604869768,0.5738580149308966)
254.75 (0.1187791779321251,-0.7538132824176268)
255 (-0.6953810808773179,-0.0354201223248965)
255.25 (-1.288293813443568,0.03050452581208201)
255.5 (0.1348498074275492,-1.154093421166417)
255.75 (2.037349472056395,-0.1295188498610526)
256 (-1.802823871529852,1.07950585146147)
256.25 (-0.5919987330096895,0.5468768934282705)
256.5 (-1.390706102210745,-0.4449558205362336)
256.75 (1.55395454680524,1.064250802069181)
257 (0.3409172025637555,0.7797106701091043)
257.25 (-0.3688207301921782,-0.1003741211226228)
257.5 (-0.2486521257851233,-1.205002810316886)
257.75 (-0.3563958568560994,1.588188575702365)
258 (0.410049077933015,-1.550465907007172)
258.25 (0.6316123444205067,-1.036879272377903)
258.5 (1.04340417761492,-0.02242791522469124)
258.75 (1.058652639200624,0.5257212972117148)
259 (-0.6551335951594071,-1.977838042304038)
259.25 (-0.3388688518002643,0.4058533237267685)
259.5 (-0.5138714465507356,-0.6852929051128996)
259.75 (0.4872223793196033,1.864978183696542)
260 (-1.035751922472417,-0.08615903836241166)
260.25 (-0.02735797004467422,0.2917252155131895)
260.5 (-0.7792923956889225,2.017707265544914)
260.75 (-0.05885429127523413,-1.149514882192159)
261 (-0.09145507339897954,-0.1267598668693827)
261.25 (1.536159780608136,-0.04181135740046766)
261.5 (-0.9942142872459756,-0.3211787539235823)
261.75 (0.8400485947369254,0.1161716726081335)
262 (-0.370812280281909,1.646829123657703)
262.25 (-0.3935058803755885,-0.3421881157219386)
262.5 (-0.6574465692131551,-1.351627275519397)
262.75 (0.3477739367453616,-1.53049210499058)
263 (0.4413905293357729,-0.195839864068811)
263.25 (-0.3723763692373088,1.622104783668087)
263.5 (0.3803510500700429,0.2976991611543258)
263.75 (0.6385623992813728,-0.5591859524987661)
264 (0.4110890451925543,0.1273902215769955)
264.25 (-0.7985377116848993,0.5754925853689744)
264.5 (0.5676531203554884,-0.5479146603051481)
264.75 (-0.5834442988357526,1.430465271428263)
265 (-1.086768271135124,0.6512468574195984)
265.25 (0.9564858770319975,-0.7576108596196524)
265.5 (-0.3316687252799617,-1.804607890582359)
265.75 (-0.1733783421512282,0.3796917941733736)
266 (0.4924363586912765,-0.6287155720302624)
266.25 (1.805448004152497,1.052764981598969)
266.5 (0.750393600679937,-0.233725454817381)
266.75 (-1.439870415337069,-0.8743669711389497)
267 (-1.714404711334856,-2.006667811563504)
267.25 (-0.4345643653265913,1.509473292947824)
267.5 (1.853048928091162,-0.1939445306658431)
267.75 (0.5927950939334462,1.289644345938035)
268 (-0.01265900674136754,1.333633263870769)
268.25 (-0.902034130655929,0.8777291746150777)
268.5 (0.2222088153865112,-0.3730480099236762)
268.75 (-0.9822641673050874,-1.777113645001927)
269 (-1.199114305069416,0.0911343125989925)
269.25 (0.5534647901153703,0.2286419030005458)
269.5 (1.156511500977354,1.797648372107985)
269.75 (1.663044575404505,-0.182164576140202)
270 (-0.9362430805488842,-1.542361696811585)
270.25 (-2.058106044428418,0.4219413826477774)
270.5 (1.224186711826376,-0.2420978568496903)
270.75 (1.379225307855715,-0.3692190427420117)
271 (-2.350105603304818,-0.6619831604420442)
271.25 (1.158898817154058,0.7767113752104864)
271.5 (-2.496593307152136,0.363351538980241)
271.75 (1.030764695623722,-0.3604578752257183)
272 (-0.3059167885032741,-0.9440663297593387)
272.25 (0.7653083830920834,-0.1242800510614344)
272.5 (1.597829413689185,-0.4563422581515839)
272.75 (0.5286669358928531,1.756983253705042)
273 (-0.7636321342737409,1.140364647174258)
273.25 (0.2755951032864711,0.04603181803965632)
273.5 (-0.5045456875685207,-1.624308214055936)
273.75 (-1.154184318668165,-0.611438789900226)
274 (0.962697360895049,0.1338088773252429)
274.25 (-0.3827441568894736,0.07938499074099301)
274.5 (0.5001566573414306,0.3276668847922942)
274.75 (1.556195518325869,0.6448147989404086)
275 (-0.4965082027326189,0.3940714622815727)
275.25 (-0.9210534565954061,-0.1443191566284576)
275.5 (0.4814810954965588,0.1511031238261815)
275.75 (-1.367585846474498,-0.3549758476988364)
276 (-2.04429187285908,-1.434391311183773)
276.25 (1.82351100212277,0.1606902588240584)
276.5 (0.7351049225346951,-0.1432249770813273)
276.75 (0.225734033168448,0.351847640946811)
277 (1.083308614763121,-0.7095322467626571)
277.25 (-0.491102213695749,-0.2844817263508909)
277.5 (-1.714828038315333,1.088233324005885)
277.75 (0.7861352214915756,1.268235298040228)
278 (1.13349539896189,0.2685445912957664)
278.25 (-0.2020426036874599,-1.092207528691552)
278.5 (-0.7195079837184747,0.3020347614070525)
278.75 (1.160858656942823,1.189718003632703)
279 (-0.08295289953591146,-1.29334735507375)
279.25 (-1.602040933409638,-0.6633440015377797)
279.5 (-0.3348822166964316,0.7104269797993922)
279.75 (1.0437785971549,0.5849322153935624)
280 (-0.670937122564664,-0.9412740941656)
280.25 (-0.07588431709187138,0.05038804635929954)
280.5 (0.7648310902697656,1.987753365419849)
280.75 (-1.416805493517461,0.1429439752150262)
281 (0.5579955391117838,-1.528310789859838)
281.25 (-0.1238558771313757,0.6940578164603654)
281.5 (1.117989456964325,-1.532505931836093)
281.75 (-0.4556006352115488,-1.845046954128276)
282 (-1.668409433258477,-0.6361768995342164)
282.25 (2.85822209783072,0.3053489578487691)
282.5 (-0.3943110059131048,1.361716775045927)
282.75 (0.6756232978145414,0.9872236479023262)
283 (-1.6046014747904,0.5316624423941591)
283.25 (-1.120945287923356,1.073624401960769)
283.5 (1.284593356441819,-0.9559885097124281)
283.75 (1.212465878346091,-0.3932842494672428)
284 (-0.5056723109547389,-0.08658703683229954)
284.25 (-1.111153846921063,0.3116493319615034)
284.5 (-0.753704367240439,-0.3482618755114706)
284.75 (0.1171847049596155,1.859878258703551)
285 (-0.7799492909839724,-2.24942378934385)
285.25 (-0.0485489616718117,0.4935361312453855)
285.5 (1.450210925722174,0.998596993259362)
285.75 (1.31065997346118,-0.9004945345359445)
286 (-2.397582336346845,0.06283294303052814)
286.25 (0.7388401966702611,-0.03974220815695135)
286.5 (1.431909027287471,0.1250454022938743)
286.75 (0.6632993635612927,-1.553721298278489)
287 (-0.5540287405929724,0.7734012061944729)
287.25 (-0.4877746282674311,-1.056566369278321)
287.5 (1.694310085566883,0.8643719624235466)
287.75 (0.0994345925649613,0.1093082923286839)
288 (-1.521287727285888,1.286622047386792)
288.25 (-2.95355592021059,0.9342805942415491)
288.5 (-0.1025537808406893,0.1128336710373988)
288.75 (1.02394007779104,-1.347955573044743)
289 (1.257397432300607,-0.8351131511270784)
289.25 (0.2898258031534188,-0.5124678066503828)
289.5 (0.1092397340032427,1.107974408435566)
289.75 (0.07973895271981214,0.2579692919850496)
290 (0.3020943050133489,0.7611294685181261)
290.25 (-0.110877079392568,-0.54489879916676)
290.5 (-1.022476353558632,-0.8520460931993515)
290.75 (-0.7075421541413214,0.4084876671018879)
291 (0.1654209261291985,-1.132569210839468)
291.25 (1.645712876924535,-0.5469264464006164)
291.5 (-1.390371746236604,-0.6233978543931487)
291.75 (1.276417529132737,1.943887454111726)
292 (-0.2750183112479188,-0.2586536157913198)
292.25 (-1.428689693539694,0.8362669641168698)
292.5 (2.076958388344521,0.6999477306372625)
292.75 (1.987315758435619,-1.073980319429886)
293 (-1.321456411250534,0.09874091730128318)
293.25 (0.1342147837855642,-1.037418145846381)
293.5 (-0.4461285884544243,-0.1587880207580399)
293.75 (-1.591705695297222,0.674099394919036)
294 (0.9484513384062788,0.4625202400350228)
294.25 (0.957257047775917,-0.2896276847785768)
294.5 (-1.291494551275844,0.3726954594265041)
294.75 (-1.296739952211408,0.3441419513343198)
295 (-0.2557973228461033,0.731986144106579)
295.25 (-0.2493120907530824,-0.3409757188266768)
295.5 (2.063513817313323,-1.166875311418426)
295.75 (-0.9473408193004724,0.3315469596646637)
296 (0.4205832562853424,-0.1584312904659723)
296.25 (0.6923154706653362,-0.008790969271713368)
296.5 (1.487352109509452,-0.03217865162648032)
296.75 (-3.304093625576542,0.4713335046109885)
297 (0.033320158610687,1.06218859316477)
297.25 (0.3573063748174284,-1.820390938316468)
297.5 (0.2555394283405754,-1.642822958733335)
297.75 (1.296854423951546,0.3554585069991159)
298 (-0.70637967137971,1.566660462342623)
298.25 (-0.4692889547748562,0.09108282117674056)
298.5 (-0.4366345199331159,-1.040690542867853)
298.75 (-1.522574079807024,1.458466846444492)
299 (1.607841993356032,1.156278149462235)
299.25 (1.461298862113461,-1.748243129500967)
299.5 (2.485888058577237,-0.229825872637934)
299.75 (-1.43216697015205,1.133063785752032)
300 (-0.9766518991461608,0.03667332343300734)
300.25 (0.6325543402660346,0.08641378300117619)
300.5 (-1.305233241485726,0.3990725767855226)
300.75 (-0.2881447266132439,-0.1694921022192707)
301 (-1.572594560491306,-0.1760193678452605)
301.25 (0.3835396469927948,-0.9862086763613021)
301.5 (-0.96713961524284,-1.643400325752687)
301.75 (1.815104721664977,0.612993614844869)
302 (-0.07694209083088789,0.7540166442599479)
302.25 (-1.036117056541581,1.000947684078032)
302.5 (-0.1298796540224259,-1.062867445455173)
302.75 (2.15846400418453,-0.3305558034367468)
303 (0.1372147629024502,0.8395592497126823)
303.25 (1.055352781267043,-0.4015291888672444)
303.5 (0.1191111928271547,-0.224913801339998)
303.75 (-0.3281294711326598,1.168241733573593)
304 (-2.133873298002047,0.1758066459923676)
304.25 (0.6543408972633193,-0.7092270850303012)
304.5 (0.04835990934312709,-0.3924782976976303)
304.75 (-0.3164293237911323,0.3142682668671455)
305 (-0.6329666895439914,0.7798558926663272)
305.25 (0.9014215949832894,-0.1305149482284308)
305.5 (-1.43451046129129,-1.419495717704454)
305.75 (0.0838954921378036,-1.555246355016786)
306 (-0.6559242978286594,-0.4759549055011069)
306.25 (0.4975145631167417,0.595530907379094)
306.5 (-0.7637169316830296,-0.3243644880658285)
306.75 (0.4504438899829565,-0.9297936693897068)
307 (0.1479052082859123,-0.3787543698814359)
307.25 (1.121212435731476,0.7048723042027912)
307.5 (-0.4754758277213147,0.1658488253519385)
307.75 (-0.4703134125384641,-0.7230073976331679)
308 (-1.234574075675589,-0.5363716182804363)
308.25 (-0.4260117513219483,-1.228560463004416)
308.5 (0.3169632971379802,0.6037771909010594)
308.75 (-1.28339275974879,-0.1258157587749976)
309 (-0.414590651382246,1.37472269444777)
309.25 (0.06609667195565989,-0.4697927009395452)
309.5 (0.5147032830739972,1.394752745527421)
309.75 (0.2077292788416962,0.05012380453168525)
310 (0.4968059563750254,0.3079358415751767)
310.25 (1.632189307227548,-0.8496719520283658)
310.5 (-0.6953905937418102,-0.09843330873488261)
310.75 (-0.6352518966136113,-0.9148989399616385)
311 (0.5285650997645334,0.9508546243335559)
311.25 (0.1316257933175814,0.1066980737939087)
311.5 (-1.74011881459384,-0.02488989228480167)
311.75 (-0.9600798419235588,-1.169928591696097)
312 (0.4464225074526438,0.5517324918755079)
312.25 (0.7030211002118875,-0.6798434019440288)
312.5 (0.3909883930831558,-0.1121367302221945)
312.75 (1.181804871319118,1.106407643589468)
313 (1.798628375607907,0.08968900447182535)
313.25 (-0.5748069406004941,0.1874889773046421)
313.5 (-1.072362136565793,0.5430820106079409)
313.75 (-0.6765283674208322,-1.089067199982473)
314 (0.950272040610406,0.1135758774840201)
314.25 (2.219825567740077,1.416218345958905)
314.5 (1.943263696131466,1.613326466319886)
314.75 (0.2289076914508401,-0.9737488312260616)
315 (-1.361891415870043,-1.021227991203458)
315.25 (0.8742665638022642,0.9665414619706107)
315.5 (-0.9540964112369074,0.8041037338828346)
315.75 (1.119690666282418,1.229824191378318)
316 (0.5782876264016203,0.2167698642780532)
316.25 (1.970255392581748,0.5505841594409376)
316.5 (-1.559375514793216,-2.049721315266891)
316.75 (0.7319387127402066,-0.03680260703460839)
317 (1.109093048557861,0.6601983911497381)
317.25 (-0.7889038168441658,-0.4919900402140192)
317.5 (0.7752159873031331,-0.1545758077392857)
317.75 (0.4474492488178567,-0.8940547437930992)
318 (0.7746626744926962,0.2844503415083149)
318.25 (-0.595933168640954,-0.2786253219690635)
318.5 (-0.4771778604682331,0.6962711821858406)
318.75 (0.09542156095719974,-1.244667020578253)
319 (-0.02286901518121135,-0.1545447759105404)
319.25 (0.146347791940157,-0.6390283680150157)
319.5 (0.1770738520293743,0.4969270084391458)
319.75 (0.3973505201744322,2.044548157976047)
320 (-0.696992577853248,-0.07096215646928525)
320.25 (-0.4895828852553872,0.2036692851058253)
320.5 (1.207988003856905,-1.572883747438135)
320.75 (-1.109772243544906,0.9409999909825955)
321 (-0.5480467948618479,-0.206337706016692)
321.25 (-0.4409660369947558,0.9934620236576222)
321.5 (-0.6348709505946335,-1.633498723445682)
321.75 (1.743574353044274,-0.6335885284712837)
322 (0.4490379877980625,0.8098171009036361)
322.25 (-1.706257660807389,0.5929483910461703)
322.5 (1.032154284002855,0.4588113184126697)
322.75 (1.316102932091575,0.4384438144853499)
323 (0.3405733510867361,-0.9158578534788998)
323.25 (-1.036059173599113,-1.038772365134153)
323.5 (0.2538668554857388,-0.09822119628515202)
323.75 (-0.1408428944955618,0.3641240750523053)
324 (0.4419798786665244,-0.796984516360879)
324.25 (0.2427519794921327,1.171056441811284)
324.5 (0.3090587939088473,0.1776177647783613)
324.75 (-0.6557029550968371,0.5098212289467122)
325 (-1.062011274181518,1.151875561402287)
325.25 (-0.001319447235435633,0.3046976534654705)
325.5 (-0.6603123024913337,-0.2803510894922787)
325.75 (1.062087085277402,-0.08120888511200018)
326 (-2.018448120889894,-0.9095638498623745)
326.25 (0.5653364413868159,-1.138610806010577)
326.5 (0.5880084722766823,0.09059756791806088)
326.75 (-1.082329532641141,0.03799544914824086)
327 (0.4834474691533979,-1.665833510411089)
327.25 (1.104556620615654,0.5254601284846054)
327.5 (1.225954035610526,1.001882149201131)
327.75 (-0.3451574663898567,-0.1855727315421289)
328 (0.2234324202349174,0.6173928015556006)
328.25 (-0.1170594721412452,-1.322488973478639)
328.5 (-0.5224992719221901,1.793635512173633)
328.75 (-1.482329102035146,-0.191188526546511)
329 (-0.9892832732882056,0.03785817517434354)
329.25 (0.386984741548494,-0.5130758171742722)
329.5 (2.104060948617182,-1.189473835419755)
329.75 (1.031578419661752,1.490781634202717)
330 (1.328227051004314,-1.071758128559604)
330.25 (-0.1108116348803313,-0.9250140102031655)
330.5 (-1.739077953003826,0.5346641003780269)
330.75 (-0.2289847572244138,1.517465897234894)
331 (0.1506012234959461,1.354712840101369)
331.25 (-1.994468656718933,-0.08843806885160388)
331.5 (0.8520991083747387,0.3400025918921946)
331.75 (0.9724846193772014,0.1382673017951787)
332 (-0.8677053484513579,-1.036019151197029)
332.25 (0.5874603428178572,0.3321727339425158)
332.5 (0.1858938834130645,-0.3985335306021333)
332.75 (-0.235533900822287,-0.4348710012832449)
333 (-1.434294123674241,-0.9687537113319831)
333.25 (1.595482724836314,0.554867531192108)
333.5 (-0.9219858549750333,-1.114536368236141)
333.75 (-0.5270248576309522,-0.3113201241722698)
334 (1.431566031796626,0.3048850360375988)
334.25 (0.198072249190903,0.6307307097447779)
334.5 (0.006160518748363644,0.7811915903987974)
334.75 (1.177242971094476,0.7941402923722292)
335 (-2.19358950536609,0.6184270649422693)
335.25 (0.27150814083721,-1.458712807335917)
335.5 (-1.972878228634267,-0.8190147231964121)
335.75 (0.3187455719453062,0.8363020826453943)
336 (2.611606474503333,0.5437995329165088)
336.25 (-2.001490806938115,-0.7646169159699306)
336.5 (0.07469321729287574,0.8784662395398994)
336.75 (2.844285637350644,0.7229713893886325)
337 (-1.117566519164009,-0.8370763126715558)
337.25 (-0.5005916200342786,-0.7423909831028419)
337.5 (0.7882217558695023,-0.4156330219933616)
337.75 (0.5444775927746255,1.287673552756545)
338 (-0.1792881978708515,-0.383264618250859)
338.25 (-1.137832767112259,-2.36960767747611)
338.5 (-0.2168937542068083,-1.233811893439461)
338.75 (-0.7338500028750492,1.894510212186944)
339 (1.150581304342223,0.807231995755463)
339.25 (-0.25013511729826,0.970746952123654)
339.5 (0.5801681930099443,0.9091942788632509)
339.75 (-0.5605950261637911,-0.8793114789045946)
340 (0.3138990732946371,0.08438233554551178)
340.25 (0.03878841602390506,-0.6720815841834263)
340.5 (-1.184918767322173,-2.3909608274081)
340.75 (-1.175214104798433,0.7727218466896265)
341 (1.408092082102288,2.049360853020677)
341.25 (1.079082976687372,-0.2712710419641164)
341.5 (0.3044062753817222,1.728526517386131)
341.75 (-0.7059853499678818,0.4404867858698954)
342 (-0.5717641732024208,-0.7316356733771114)
342.25 (-0.8861610824759749,-0.7312386593096729)
342.5 (1.157252309044862,-0.257253257802864)
342.75 (1.332791867517001,-1.501598365847774)
343 (-0.2920320308027933,0.5563908556388575)
343.25 (0.0746147825064146,-0.3366937701067885)
343.5 (-0.410735306417156,-0.1607146574398758)
343.75 (0.2158050948165751,-0.4070013679662386)
344 (-0.006865526492082889,0.7077216857210509)
344.25 (-1.041712739652345,0.4749646893473118)
344.5 (1.613961136663702,0.06496431093564661)
344.75 (-2.355404164754854,0.6044787012166306)
345 (-0.5221199127695814,-1.450533580182509)
345.25 (1.803834698996139,0.3424827061519192)
345.5 (0.7422512556112089,0.4235590934290217)
345.75 (0.04209787282330699,0.9788188347618854)
346 (0.4784942045116382,-1.289773282283944)
346.25 (-0.4737729845943023,1.366540154115121)
346.5 (0.237350969916043,-0.9453801501665338)
346.75 (-1.874434279612845,-1.145243235912175)
347 (-1.65894668741892,0.5599906869887011)
347.25 (0.2025188154881459,-0.7604717815992279)
347.5 (0.1224050907291284,0.9515158815196207)
347.75 (0.4516306972496771,1.107460906729098)
348 (0.2614844205921614,1.388880952195005)
348.25 (0.5383322983963832,0.6269389467523362)
348.5 (0.8000065965663561,-1.106799543921031)
348.75 (-0.4731815690464994,-1.320629021619504)
349 (0.6090441006883295,-0.6594922748958151)
349.25 (0.01492590597022195,-0.444980911190814)
349.5 (1.421761938060001,1.210079284201308)
349.75 (-0.6899932991175646,-0.9619487741297919)
350 (-0.1144248501025492,0.9561957681399447)
350.25 (0.07213807236028247,0.7518201782543275)
350.5 (-0.886927797184265,-1.775376398282616)
350.75 (-0.8915661476286857,1.096853164342217)
351 (1.180666745585062,-1.314221376503634)
351.25 (-0.02712898795108613,-0.4263995888899858)
351.5 (1.430988414046673,0.3065937761022653)
351.75 (-0.7404964941625646,0.8514348712886269)
352 (-0.84065590439575,0.3205891048308092)
352.25 (0.5566112911749411,0.7042184460722205)
352.5 (-2.338973942164334,-2.33736925017421)
352.75 (1.884042224257751,0.5644006853158018)
353 (-0.9021896240293898,1.953687551373894)
353.25 (-0.06027997940025375,-0.02627838066220267)
353.5 (0.4497742832736404,-0.058809917353541)
353.75 (-0.4997621985893774,0.1510531947796094)
354 (0.3924490859467176,0.2155358868155969)
354.25 (-0.7622380632860691,-2.197119621244349)
354.5 (-0.2224122796204065,-2.411649629664173)
354.75 (1.075012095783732,3.011451599214048)
355 (-1.241187492525766,-0.7628045517985029)
355.25 (0.8611341923208355,1.578542326043484)
355.5 (0.7239962975133741,-0.1841691913543344)
355.75 (0.427228744574097,-0.08487183620783595)
356 (0.09137469824110254,-1.396892297226402)
356.25 (-0.697138021668787,-0.03367677051764676)
356.5 (1.672479079310738,2.129232634355093)
356.75 (-1.194644684302697,-1.24176188179397)
357 (1.120388579775453,0.4197551641124216)
357.25 (-1.552808407684306,0.1892392720421437)
357.5 (-0.8030843902783918,-1.76215358587122)
357.75 (0.169896570601318,0.623635548278286)
358 (0.04892321748733404,1.042027062787304)
358.25 (1.936869386348215,1.20686472406616)
358.5 (-1.129009619450784,-0.4180796131005142)
358.75 (0.1247269169741225,-0.564967186389535)
359 (-1.839552376499759,1.134705568601288)
359.25 (0.7909029212964381,-1.816158509862167)
359.5 (0.5610477630090986,-0.8262372677872357)
359.75 (0.1179874794133245,0.5364047974978066)
360 (-0.3088805794101289,0.715676634104833)
360.25 (1.18485524106674,0.3735856081516888)
360.5 (-0.2759559167896541,0.2852754665531939)
360.75 (-0.7686108447261634,-0.6366083263266034)
361 (1.612322936497988,-1.24596150224534)
361.25 (-0.9420571537712406,-0.7943070027560019)
361.5 (-0.7991383472883489,0.9586927057111694)
361.75 (1.720316498002866,0.191682929770747)
362 (-0.444231859600572,0.6335695239630907)
362.25 (0.3263382020459409,0.6744095868831724)
362.5 (-1.150639246421772,1.190910208963686)
362.75 (-0.1976472533271343,-0.4382307967596372)
363 (0.5225478580360584,-2.106836692806912)
363.25 (-0.2877656361321367,0.2981863538985061)
363.5 (0.1471063352285681,0.05871935242805849)
363.75 (-1.328205468595185,0.04533363973498606)
364 (0.7203708223012565,-1.63995530053255)
364.25 (0.1887378655800212,2.739204496129607)
364.5 (-0.696297767562514,-0.006044055544494974)
364.75 (-0.4022089595878606,0.7875898187522176)
365 (2.086857159251746,-0.8654025937724569)
365.25 (-1.211025894427531,-0.8464415061902802)
365.5 (1.115161377381338,1.389997779425606)
365.75 (0.3664724856236567,-0.2842529947753739)
366 (0.3149887380248814,-0.1405164645049592)
366.25 (-0.6825367423987654,-2.451574041469229)
366.5 (1.779021822683782,0.5549274222420421)
366.75 (-2.059233757106791,0.1264999178217739)
367 (0.07818191854112316,-0.5267986855195599)
367.25 (0.6447352824445199,-0.3243613359847768)
367.5 (-0.5944384351922117,0.3971379898618712)
367.75 (-1.91127925980285,2.675030608510631)
368 (-0.6527922366101425,0.8500245708318264)
368.25 (1.081552734239538,-1.038816725128239)
368.5 (0.6959065251972838,-1.26368436328179)
368.75 (0.4700730192467363,0.3248448922066612)
369 (0.05660924890136651,0.948338329970465)
369.25 (-0.6592703390534498,0.5168917384971382)
369.5 (-0.5034178900116564,-1.377528025303652)
369.75 (0.6913640017248311,-1.201886938786722)
370 (-0.8971347129530753,0.5750092222055888)
370.25 (0.188233031637873,-0.3853733598115908)
370.5 (1.168170056689559,-1.592530180146708)
370.75 (-0.117067627349703,0.897371085624907)
371 (0.1327163998381776,0.6594435817502168)
371.25 (0.6710526593559888,0.1246716631786756)
371.5 (-0.4381634053849447,-1.259182306289447)
371.75 (-1.659595353938894,1.646663540794181)
372 (1.157000293578823,0.962650741127753)
372.25 (-0.2551021663240794,0.01541588130999729)
372.5 (0.7457543491153084,-1.305226451229037)
372.75 (-0.5225563700424615,2.280995616913491)
373 (-0.2268517087914766,-1.052536776355169)
373.25 (-1.335920136820767,0.09439344851782784)
373.5 (1.461602877633338,-0.8380425247733454)
373.75 (1.00780010328088,0.09404369699001354)
374 (-0.1389767831738995,1.018986620683977)
374.25 (-2.349047569098531,0.2945138626053261)
374.5 (0.9582258290363137,-1.747298988352482)
374.75 (-0.2028027867286197,0.5062754942510411)
375 (1.427849297583916,0.2218466415123223)
375.25 (1.631009285257198,0.8352607285268079)
375.5 (-1.770599073564429,-0.9304761456419312)
375.75 (-0.3459255342154666,-0.09080304181888543)
376 (1.246428309306353,-0.2475888443940203)
376.25 (-0.4310849679115644,0.5195339641590252)
376.5 (-1.44451281697804,-0.6756958284406589)
376.75 (0.4491814243389911,0.3184092524535981)
377 (-1.042926669045399,0.1899282403804186)
377.25 (0.8630437277582241,-0.8456859559679051)
377.5 (-1.190826548790411,1.781529943972187)
377.75 (-0.05818146565742728,0.3720243248777734)
378 (1.577046009918428,-1.714088775931705)
378.25 (-0.5443938918045419,-0.4214235525304194)
378.5 (0.8756878647464281,-0.1593005412382877)
378.75 (-1.775107169681715,-1.037819965246242)
379 (1.020675337515676,1.896531114690754)
379.25 (1.957948660710826,-1.159388379585626)
379.5 (-1.553450512806435,0.7983945085550905)
379.75 (-0.4414000778761888,-0.04856251678055687)
380 (1.228714949053369,-0.5524670546087662)
380.25 (0.3111977158671165,0.1033323926976552)
380.5 (-1.029893236831008,0.8565640883711365)
380.75 (-0.2822640919569061,0.6122213757680475)
381 (1.810413746778213,-0.8914115432946379)
381.25 (-1.833187507565895,0.8539368898539504)
381.5 (0.3493137403181957,-0.3622937271843378)
381.75 (-0.9585330867157945,-0.19871543261856)
382 (1.11881993272094,-0.334964702555261)
382.25 (1.080784707273472,-0.7264641803263731)
382.5 (1.798417190271246,-0.04963655125814485)
382.75 (-2.142440038536702,1.08433975454827)
383 (-2.60230491317781,-0.1714468734314313)
383.25 (-0.4654452902477422,1.279854461320054)
383.5 (-0.5966131184081391,-0.9947410836715322)
383.75 (0.9083605980837919,0.1157460801680387)
384 (0.411805891911367,-0.4607520854052492)
384.25 (1.613426912366606,-0.6160099439725484)
384.5 (0.1170010622972235,-0.08960613338488423)
384.75 (-0.8648820571517023,1.659020065358755)
385 (0.51210045885856,-0.3707820904051132)
385.25 (0.3414233487544756,-0.3587573227515815)
385.5 (-0.4260993679866965,0.9511516220811569)
385.75 (0.04232367898260516,-0.2555007870287072)
386 (1.830868128015169,0.4176364815177292)
386.25 (-0.01207562434670586,-1.226339829363784)
386.5 (-0.2679401439628504,1.120277282549953)
386.75 (-2.395766664063697,-0.7683253475567842)
387 (0.1777047777860329,-1.545998274656774)
387.25 (0.3946594635986905,0.7128524214466117)
387.5 (-1.627986875507619,1.426582423941653)
387.75 (0.0366277569343678,-1.707967977649655)
388 (1.342267909486943,-0.7667548279310681)
388.25 (0.6626010503211298,0.08936683310554423)
388.5 (-1.067312217411093,0.6751018973033149)
388.75 (-0.1774095775447058,1.716771397835819)
389 (1.069940790468116,-1.243160879926565)
389.25 (0.8480902970204988,-0.1544328298571594)
389.5 (0.4150012984248608,0.1581261820905871)
389.75 (0.1364709138077019,0.6899680287165678)
390 (-0.2903589647247517,-0.1608906906004345)
390.25 (0.06857202739990818,-0.4355055503944)
390.5 (-0.7103547976416338,2.011853562537866)
390.75 (0.6394359490806352,-1.426773959409073)
391 (-1.215377856022011,-0.575820098560474)
391.25 (0.369921956587679,-1.190458164297641)
391.5 (-0.3869580134766145,1.350943410191238)
391.75 (0.1819878878781484,0.7542924195310982)
392 (-1.140292622654232,-0.9077593826280793)
392.25 (1.366171344349111,0.0152745360221087)
392.5 (-0.9287837316015559,-0.7748868270794496)
392.75 (-0.4182340802218817,1.512690815845773)
393 (-0.8792434933069481,0.5229133315052045)
393.25 (0.5862842962355217,-0.2011215213402895)
393.5 (-0.7562895144072852,-0.5708733659649887)
393.75 (1.527973760371493,-0.7561831895458726)
394 (0.544638808236361,-0.7670400978398035)
394.25 (0.8601211255836424,-0.1565944456793353)
394.5 (-0.4840252348239232,1.728791144961765)
394.75 (0.05608503446716192,0.898382139539458)
395 (0.4531092878770846,0.2257046801457832)
395.25 (-0.179960439644221,-0.003327084033779853)
395.5 (0.3019591021256951,0.6038608667323444)
395.75 (-0.6199749937216061,-1.045218153720137)
396 (-1.722278224424973,-2.048510621596846)
396.25 (0.9261971688414814,-1.908832158134683)
396.5 (0.0005879468082642154,0.5241324593090312)
396.75 (1.058317349908726,0.7956623332355076)
397 (-0.9897662609743723,0.909101996945645)
397.25 (0.446009247121943,1.069934459237602)
397.5 (-0.8789055093048427,-0.4609757797087212)
397.75 (-0.7358964660710615,0.678223067682484)
398 (-0.1044455038406982,-0.3686891933243807)
398.25 (1.083017997353796,1.256509688844667)
398.5 (1.030065048433676,-0.7910880704842346)
398.75 (-0.5294476366067746,-0.2370898202196549)
399 (0.7983323731464507,-0.281666846197023)
399.25 (-0.5166456831836285,0.04805194741365425)
399.5 (-0.1430982458192274,1.936584851295065)
399.75 (1.039867085665319,-0.8916398713600894)
400 (-0.8293276019313749,-1.174715340865291)
400.25 (1.920042527663538,-0.2905081322497614)
400.5 (-0.718985171968894,-0.6737476347955299)
400.75 (-0.7501485361710334,0.6215846335078036)
401 (-1.826506016343637,0.3142185732507324)
401.25 (0.5832628697908447,0.6799087302299983)
401.5 (-1.337264146871203,0.5810406049453679)
401.75 (0.1475637841086519,-0.7572319136713601)
402 (0.7978262521125588,-0.387773120819158)
402.25 (0.4657043320621733,0.2498739560603395)
402.5 (-0.4238642639148184,-1.373577733597256)
402.75 (1.311715919582711,-0.5959551330941266)
403 (0.3717032269623921,1.278615718683038)
403.25 (-0.6203137877669936,0.3805235893667408)
403.5 (-0.9656698729807037,-0.1194745410650271)
403.75 (1.527717383036769,-0.850049035067311)
404 (-0.5498985320829961,-1.537838973935842)
404.25 (-0.4173214624778854,2.617089755955921)
404.5 (0.440609088445629,-0.4851800704885426)
404.75 (-0.6612398680817372,0.04166378008997471)
405 (-0.5814455723805128,0.8075794596849335)
405.25 (-1.029822263940346,0.2883083470324254)
405.5 (1.218567405631348,-0.01357370530397161)
405.75 (1.783849316371472,-0.6355992408084103)
406 (0.6912276853613254,-0.7351435599422579)
406.25 (0.1962292615744627,0.3034353743387532)
406.5 (0.862406737129116,0.6263325490548078)
406.75 (-1.03876421451729,-0.2077469296027433)
407 (-0.02811329795704259,-0.1077805887535072)
407.25 (-2.984973279952903,1.321929845801721)
407.5 (0.1055886788532054,-0.4550420597685723)
407.75 (-1.273578793223023,-1.481414234762698)
408 (-0.09534434140786537,0.5401007704775561)
408.25 (0.4294134790605824,-0.8161970573317842)
408.5 (2.372863774210471,-1.230665658654817)
408.75 (0.7991252279561649,1.686462956216443)
409 (1.584201112619185,0.8083269314991571)
409.25 (-1.665340600361172,-0.01162715048462266)
409.5 (-0.2004861546711552,0.7035391400116767)
409.75 (-1.242148203815927,-0.9377339313117727)
410 (-0.2947353055028874,-0.2743987720834684)
410.25 (0.6386608201646627,1.351349856363743)
410.5 (0.7931459130313145,0.2446416380904991)
410.75 (-0.6002401603397649,-1.569622527083081)
411 (-0.2738831977057196,-0.0385651356765668)
411.25 (-0.7159186421122428,0.02315560499036107)
411.5 (-1.796147588088105,-1.525111770525387)
411.75 (1.311829704971852,1.150082076992744)
412 (1.21453839713409,2.309052439955948)
412.25 (1.134615492532506,-2.259020227407897)
412.5 (-0.6352415857855871,-0.897581583121054)
412.75 (0.142841632343711,0.192823902169874)
413 (0.4421369239183056,0.4023507909795292)
413.25 (-0.9924583002111214,0.897106323669835)
413.5 (0.5956758338287188,-0.1491196337197588)
413.75 (-0.3061783551754985,0.3925325474432063)
414 (0.1279013997671148,-0.3097978340645295)
414.25 (-0.2648588313436582,0.7700075430045431)
414.5 (2.16656897811119,-0.9712619508754982)
414.75 (-1.795143836276989,-1.418589643414705)
415 (-1.119819881759062,0.2370745424007954)
415.25 (-0.3473009172064603,2.481728964281944)
415.5 (1.272649383734028,-0.6277336964809049)
415.75 (-1.026006458433419,0.2517094907804863)
416 (1.043991748547124,-1.147899380921696)
416.25 (-0.5731573628995514,-0.01683341876122342)
416.5 (0.8022426562619662,-0.8175139253795316)
416.75 (0.02630732301131101,0.8467294472647876)
417 (0.3511464434629161,1.271195548827696)
417.25 (-0.6533098092027287,0.4007087076363552)
417.5 (-1.270002383683023,-0.4635378288692034)
417.75 (0.8365719725649137,0.1004026403880744)
418 (0.7702798092205424,-0.6704794083166645)
418.25 (-0.3764601867806605,-1.440996299758472)
418.5 (0.5873622773171151,0.9315017098826508)
418.75 (0.6330996023647723,-1.091643873878999)
419 (-1.40025001795,0.9602629525245596)
419.25 (0.5869744482096171,0.079220954885645)
419.5 (-0.8187813394912807,0.5794359362077705)
419.75 (0.7645885230521721,0.7561483849551127)
420 (-0.4722133111700252,-1.301475885480457)
420.25 (-0.5074511305741198,0.6555112439216407)
420.5 (-0.5646543702867374,-1.134932825568678)
420.75 (1.683122362675769,-0.2945270764799555)
421 (-1.520552297803415,-0.02944877842216411)
421.25 (-1.081037586231445,-0.0821592123534494)
421.5 (-0.2624759252920618,1.957315987391371)
421.75 (2.17791123303399,0.4158899875985396)
422 (0.7693310516640302,0.4683012435127037)
422.25 (0.425922589415774,-0.9347008669722632)
422.5 (-1.731919171971559,-1.529030099078357)
422.75 (-0.3096192707794477,-0.9546507114392405)
423 (0.6194836509675952,0.008150895551626788)
423.25 (0.779270121579035,0.6144589759613396)
423.5 (-1.319457122706954,1.04609126781346)
423.75 (0.5089943234264518,0.2891983384009823)
424 (0.9841486016940758,1.165107663511372)
424.25 (1.197080490247378,0.6331212248181398)
424.5 (0.1102463374835122,-0.9194175227332295)
424.75 (-0.7402334835284279,-1.280403157134501)
425 (-0.6270566897550566,-0.9613621924729242)
425.25 (-0.07812349199883367,-0.1433468454118395)
425.5 (0.2779760723264266,1.55285035056918)
425.75 (1.378567874634508,0.7475433991936715)
426 (-2.232889969386988,-1.010412827643172)
426.25 (-0.8855208081478618,-0.6172110222469874)
426.5 (-0.9667864811620364,-0.1070857252810373)
426.75 (-0.2628982861473476,-1.589987834283837)
427 (1.277771266889264,0.5950232071712219)
427.25 (0.3998866005653447,-1.061730018355253)
427.5 (0.09461243782646547,-0.2644602186280232)
427.75 (0.6965153926376401,1.546487585492817)
428 (-1.273227764054893,2.204511719432412)
428.25 (0.2270031382207864,1.354850871160032)
428.5 (0.3169211951527525,0.07140637549968826)
428.75 (0.289270327637247,-0.131329572029917)
429 (0.5028179086000425,-0.8274375519918569)
429.25 (0.04458811991472842,-0.7444450235342385)
429.5 (0.6966736525362682,1.206972598408403)
429.75 (-1.237386446943679,-1.985160698344258)
430 (-0.7646378611596311,1.153429655748386)
430.25 (0.2186949233838391,-0.9000056301245527)
430.5 (1.066759255077013,0.2398172611042731)
430.75 (0.5985467232687364,0.2766903543393278)
431 (-0.01865616137546794,0.09994098670352417)
431.25 (-0.2981382888338486,-1.04920349599154)
431.5 (-0.7454297011682428,-0.1663340533278529)
431.75 (0.02173729433462461,0.5351221269277514)
432 (-0.2282068478723761,-1.483783978487317)
432.25 (-0.7128587225568054,-0.7772557086336951)
432.5 (0.8261805817988982,0.1996074669417533)
432.75 (-0.4299022709735098,0.6191744954604962)
433 (1.113803388962691,2.615015781057228)
433.25 (-0.2457418544725119,-0.07514671212012856)
433.5 (0.9285961849556845,0.7024482918288417)
433.75 (-0.5229488717483043,-0.8379042099068817)
434 (0.02789615734235396,-1.002947859854499)
434.25 (-0.8261533359251,-0.7001350818680129)
434.5 (0.2055679101552793,-0.1847983261204112)
434.75 (0.4304092637104023,1.254440607486796)
435 (-0.2874618514342735,0.4964292377715363)
435.25 (-0.0521717897404101,-0.4697648256275694)
435.5 (-1.019664568155172,-0.05290665016752554)
435.75 (0.2118294713211268,-1.938837337455419)
436 (-1.610324081833982,0.6247010767744691)
436.25 (0.7460321539242117,0.0935128231900309)
436.5 (-0.2372398207262402,0.7345698554974694)
436.75 (1.070695042203333,0.1678103067044334)
437 (0.6673966456010426,1.018835656964908)
437.25 (0.9064290366454566,0.6644277628385782)
437.5 (1.298490846130785,0.5017360960110255)
437.75 (-0.4008759036505646,-1.613728407552286)
438 (0.1132945303507063,-1.18084516933048)
438.25 (-2.25217729819963,-0.7703030163036885)
438.5 (-0.09274241101500416,-0.1005869476790208)
438.75 (1.174079599799706,0.5440083618946122)
439 (-0.9747635819015185,0.004227824542803576)
439.25 (-0.07187247013608675,-0.1481087877990884)
439.5 (-1.258706459082251,0.6066569515703326)
439.75 (0.3815255023850572,-0.1542298877475882)
440 (1.411190664139149,1.329459189007529)
440.25 (0.9803526879859078,0.04194609333606665)
440.5 (-1.277600011766741,0.4549062236760756)
440.75 (-0.2601367455127095,-1.162957955889093)
441 (0.1831867429250197,0.3547854990124577)
441.25 (-0.1358213128288898,0.959809565863821)
441.5 (0.9733403486279533,0.4825777986302955)
441.75 (0.0544897805573845,-0.2990361373759933)
442 (-0.3705158867581673,-0.668939875282618)
442.25 (-0.2945929420421271,-0.3707523517024706)
442.5 (0.1998490357948454,-2.083429202975143)
442.75 (-0.953235625991578,1.595148199905699)
443 (0.6423166907049431,-0.7892830945036803)
443.25 (0.1968816053833827,-0.07385034219294728)
443.5 (-0.8029991253127797,-0.1326409529304762)
443.75 (0.8381773960061661,1.330088308072149)
444 (-1.243380597145552,0.3550947436175389)
444.25 (-1.009658279465252,-0.3194287267428973)
444.5 (0.09684433851265795,-1.148807200118141)
444.75 (1.429600951532378,0.2540168884776562)
445 (0.5616703856793752,-0.8216183497431819)
445.25 (0.3518353041936754,-0.8779537700434845)
445.5 (1.229028237024362,0.8223140835902731)
445.75 (-1.484874300324371,2.05427640416056)
446 (-1.09149347346136,0.3907088064646475)
446.25 (0.6726222719454436,1.671501190900336)
446.5 (-1.853366296685821,1.235089582449101)
446.75 (1.13973964430542,-2.396483041586547)
447 (1.665097324108352,-1.230729832463383)
447.25 (0.5554519615300882,-0.1775378273918583)
447.5 (0.03395860050335969,-0.494047333173543)
447.75 (-1.193909074758555,1.269596194432786)
448 (0.7815215018476582,-1.821925856122924)
448.25 (-0.27913161432093,0.2283701309737184)
448.5 (-0.2181864509419505,0.214115812100086)
448.75 (-0.1601641961311509,0.182603572495409)
449 (-0.1085548996927172,0.1417259051584325)
449.25 (-0.06597325943687728,0.09904363690806685)
449.5 (-0.03379100937331507,0.06062136313360464)
449.75 (-0.01204827341475567,0.03034877917431726)
450 (0.0003969214816124239,0.009783183897394491)
450.25 (0.005541132196844315,-0.00157114904091734)
450.5 (0.005787873398209274,-0.005640449676450966)
450.75 (0.00349071073394286,-0.005025617024564799)
451 (0.000582172777325143,-0.002293044109522378)
451.25 (-0.001655634982481937,0.000552506616816461)
451.5 (-0.002644195496806529,0.002330705392978722)
451.75 (-0.002406095177172336,0.002687509967345683)
452 (-0.001358503032709098,0.00189762559138448)
452.25 (-6.793259586072131e-05,0.0005636785264072357)
452.5 (0.0009649191526748559,-0.0006831151809725058)
452.75 (0.001445299093358911,-0.001403582011904079)
453 (0.00132870156685251,-0.001450082620954251)
453.25 (0.0007787612498769167,-0.0009467193028013499)
453.5 (7.018763039350558e-05,-0.0001856615840824527)
453.75 (-0.0005235721885485118,0.000509378996271723)
454 (-0.0008197443634243465,0.000900822684201167)
454.25 (-0.0007697760960817957,0.0009024792466572941)
454.5 (-0.0004513860684629965,0.0005810910035957261)
454.75 (-2.068144015803398e-05,0.0001057660939428157)
455 (0.0003534948701869507,-0.0003284264811029348)
455.25 (0.0005488046962525306,-0.0005727138934636768)
455.5 (0.0005237037394675638,-0.0005689590303167964)
455.75 (0.0003194399163323828,-0.0003558387590502209)
456 (3.351626312085008e-05,-4.037225401797903e-05)
456.25 (-0.0002218482327821372,0.0002496111174199339)
456.5 (-0.0003607032965422144,0.0004135314210339784)
456.75 (-0.0003495063662171936,0.0004095057178538569)
457 (-0.0002119146985281871,0.0002611317036324139)
457.25 (-1.315208270955321e-05,4.041040618049771e-05)
457.5 (0.0001681640348829103,-0.0001641661717750729)
457.75 (0.0002692191915616081,-0.0002810249112809187)
458 (0.0002632076484049468,-0.0002787987499551097)
458.25 (0.0001645590451012452,-0.0001725709799347627)
458.5 (1.911324945592002e-05,-1.297173881231191e-05)
458.75 (-0.0001157607615513925,0.0001361402255699033)
459 (-0.0001927585481297033,0.0002219434617961551)
459.25 (-0.0001903549207521045,0.0002202530387067971)
459.5 (-0.0001178266177567511,0.0001411065559280766)
459.75 (-8.645457921019635e-06,2.13467308749253e-05)
460 (9.391014319400819e-05,-9.139296971123147e-05)
460.25 (0.000153275156115703,-0.0001569666837519444)
460.5 (0.0001520443639168291,-0.0001563689498011687)
460.75 (9.639133101053306e-05,-9.645657200480137e-05)
461 (1.158386587111207e-05,-4.881869463122899e-06)
461.25 (-6.889060388340335e-05,8.190325857100725e-05)
461.5 (-0.0001161726774807162,0.0001326709205448272)
461.75 (-0.0001160333235961174,0.000132203635624495)
462 (-7.272681537125127e-05,8.531644285096032e-05)
462.25 (-5.830508541006759e-06,1.326996300029656e-05)
462.5 (5.817205167435787e-05,-5.542462690622857e-05)
462.75 (9.608526140220971e-05,-9.599432126335701e-05)
463 (9.615439421885901e-05,-9.6074089168093e-05)
463.25 (6.13970931383222e-05,-5.912667164241382e-05)
463.5 (7.305828896932506e-06,-1.832285708336363e-06)
463.75 (-4.479065712470983e-05,5.309154607533968e-05)
464 (-7.595448652739779e-05,8.565628834524159e-05)
464.25 (-7.637846022683489e-05,8.568248581747335e-05)
464.5 (-4.825821711360268e-05,5.571083216189348e-05)
464.75 (-4.072738831591173e-06,9.051450389808499e-06)
465 (3.872172227987516e-05,-3.58962754373741e-05)
465.25 (6.445641022429966e-05,-6.277493106241695e-05)
465.5 (6.485224138022967e-05,-6.308804501338961e-05)
465.75 (4.153914550623454e-05,-3.873088877695819e-05)
466 (4.748613262399438e-06,-5.13194769287896e-07)
466.25 (-3.104540069289892e-05,3.646209625484476e-05)
466.5 (-5.271618389931157e-05,5.862737506467442e-05)
466.75 (-5.322400557818357e-05,5.882853458286615e-05)
467 (-3.381329536418535e-05,3.85141855448902e-05)
467.25 (-2.960853721615743e-06,6.552964938743979e-06)
467.5 (2.716724786897309e-05,-2.448110642214704e-05)
467.75 (4.546656271175341e-05,-4.322040012617184e-05)
468 (4.590510121119353e-05,-4.358850043668012e-05)
468.25 (2.9427182791718e-05,-2.668468655454369e-05)
468.5 (3.159433427946625e-06,1.029536411521081e-07)
468.75 (-2.258202653134403e-05,2.621086721327535e-05)
469 (-3.829859797343758e-05,4.199987470262542e-05)
469.25 (-3.877278901537699e-05,4.225626239176015e-05)
469.5 (-2.47378640743978e-05,2.783258269495238e-05)
469.75 (-2.247725634885164e-06,4.946774304796439e-06)
470 (1.985225769506004e-05,-1.742202972221593e-05)
470.25 (3.337869124274532e-05,-3.103829036917927e-05)
470.5 (3.378296910186491e-05,-3.139105898573316e-05)
470.75 (2.164105744340744e-05,-1.914887973527138e-05)
471 (2.142600284803366e-06,4.023681756672015e-07)
471.25 (-1.70684682772248e-05,1.956689567395961e-05)
471.5 (-2.887170887445568e-05,3.123520554627258e-05)
471.75 (-2.928069735941474e-05,3.148182898568337e-05)
472 (-1.875576731626709e-05,2.084135472615749e-05)
472.25 (-1.785510661970808e-06,3.848609724795887e-06)
472.5 (1.497765878421618e-05,-1.285044489404733e-05)
472.75 (2.530384081815339e-05,-2.308104698609094e-05)
473 (2.56646231078444e-05,-2.339375472596419e-05)
473.25 (1.641732097462831e-05,-1.420722354621333e-05)
473.5 (1.477753722268926e-06,5.505255462776472e-07)
473.75 (-1.331388062768429e-05,1.508594076245994e-05)
474 (-2.245949975453606e-05,2.398870646303676e-05)
474.25 (-2.282008437879842e-05,2.421059406190729e-05)
474.5 (-1.468455931176745e-05,1.609427820116916e-05)
474.75 (-1.488698219494931e-06,3.064880944184494e-06)
475 (1.160830000446669e-05,-9.793016472591194e-06)
475.25 (1.972101888136623e-05,-1.770410031403975e-05)
475.5 (2.004576771840875e-05,-1.796600191221412e-05)
475.75 (1.280650707228861e-05,-1.08525982658531e-05)
476 (1.038575974410006e-06,6.256836946684448e-07)
476.25 (-1.066844830679382e-05,1.197168829402415e-05)
476.5 (-1.794858727718096e-05,1.894538153405982e-05)
476.75 (-1.827635389365124e-05,1.913082427660488e-05)
477 (-1.182919855030586e-05,1.275485567530264e-05)
477.25 (-1.303430085378726e-06,2.481377734340463e-06)
477.5 (9.194519502001085e-06,-7.686703499943635e-06)
477.75 (1.574114771453122e-05,-1.396222948755977e-05)
478 (1.60468914707913e-05,-1.417272407791027e-05)
478.25 (1.024685386897062e-05,-8.505105121501665e-06)
478.5 (7.483810507799842e-07,6.672311808515846e-07)
478.75 (-8.750850602720264e-06,9.755913418920874e-06)
479 (-1.46998527902801e-05,1.535328661382034e-05)
479.25 (-1.501241469156737e-05,1.549688574285241e-05)
479.5 (-9.789870417791328e-06,1.034499561858798e-05)
479.75 (-1.198392063011393e-06,2.031568481977933e-06)
480 (7.417395825531347e-06,-6.208979305935212e-06)
480.25 (1.282997358139793e-05,-1.12968532508604e-05)
480.5 (1.312992708832992e-05,-1.145292116560377e-05)
480.75 (8.388024005501107e-06,-6.812349470568052e-06)
481 (5.598263395696489e-07,6.956761974515784e-07)
481.25 (-7.315507049236621e-06,8.139816961420156e-06)
481.5 (-1.228983577061577e-05,1.27219644612166e-05)
481.75 (-1.260146124222621e-05,1.28174938903089e-05)
482 (-8.299074967711028e-06,8.548826958231285e-06)
482.25 (-1.152249433078778e-06,1.668109945055537e-06)
482.5 (6.062588429529809e-06,-5.150930312313474e-06)
482.75 (1.063828241929954e-05,-9.352068096378015e-06)
483 (1.094800459606729e-05,-9.45268065456219e-06)
483.25 (7.012476891446552e-06,-5.55886711354535e-06)
483.5 (4.441497491025423e-07,7.227313628275481e-07)
483.75 (-6.21264676433524e-06,6.942829873735184e-06)
484 (-1.046175167897782e-05,1.07559434931394e-05)
484.25 (-1.078899473236679e-05,1.08001149041485e-05)
484.5 (-7.196591572784041e-06,7.176030458604801e-06)
484.75 (-1.153634749904752e-06,1.361416430785056e-06)
485 (4.999074985930696e-06,-4.388326485529179e-06)
485.25 (8.950760600355245e-06,-7.912037968807934e-06)
485.5 (9.286240067295091e-06,-7.955147025999097e-06)
485.75 (5.983491877846437e-06,-4.609879471206516e-06)
486 (3.842575042962218e-07,7.564181353786732e-07)
486.25 (-5.348461066296397e-06,6.05425864820057e-06)
486.5 (-9.062301776853377e-06,9.279442593820469e-06)
486.75 (-9.425195047028151e-06,9.270546118777553e-06)
487 (-6.395402769010905e-06,6.117685504818302e-06)
487.25 (-1.20029483933216e-06,1.09336079091753e-06)
487.5 (4.152667437946421e-06,-3.855086747903473e-06)
487.75 (7.65032385270418e-06,-6.860769849219682e-06)
488 (8.028584872906859e-06,-6.841301344771987e-06)
488.25 (5.225761394324612e-06,-3.887225231727126e-06)
488.5 (3.713418492639391e-07,8.049099818847644e-07)
488.75 (-4.666306567444241e-06,5.411069329631542e-06)
489 (-7.994837237838179e-06,8.18315476609248e-06)
489.25 (-8.411885895671131e-06,8.113022807643735e-06)
489.5 (-5.833392907011283e-06,5.291833168355885e-06)
489.75 (-1.293931410398326e-06,8.467502835500721e-07)
490 (3.460066715215579e-06,-3.502886602974034e-06)
490.25 (6.642241815145246e-06,-6.111861645637673e-06)
490.5 (7.090443332551992e-06,-6.02676576270921e-06)
490.75 (4.691612733751838e-06,-3.337222265229226e-06)
491 (4.028959499990025e-07,8.777717213202163e-07)
491.25 (-4.1302361408243e-06,4.98063260925518e-06)
491.5 (-7.209639541829767e-06,7.412344742925435e-06)
491.75 (-7.712053082846055e-06,7.274660720655242e-06)
492 (-5.498621391148773e-06,4.661664369152469e-06)
492.25 (-1.448182264568962e-06,6.076082396677085e-07)
492.5 (2.881785522652556e-06,-3.315250807487967e-06)
492.75 (5.859798811429346e-06,-5.612575490756006e-06)
493 (6.393077183998149e-06,-5.437605420099653e-06)
493.25 (4.324336348665618e-06,-2.901435722727634e-06)
493.5 (4.790819269385442e-07,9.79505514051947e-07)
493.75 (-3.668505375829688e-06,4.693718685973673e-06)
494 (-6.562494571556929e-06,6.820762427773734e-06)
494.25 (-7.147135957262517e-06,6.572536816533717e-06)
494.5 (-5.250184520664636e-06,4.08225856577065e-06)
494.75 (-1.637781520324037e-06,3.449292140897475e-07)
495 (2.304373350787474e-06,-3.189834930030348e-06)
495.25 (5.095019546511745e-06,-5.174891594654015e-06)
495.5 (5.715192818247649e-06,-4.881916751821342e-06)
495.75 (3.979480647967359e-06,-2.47058231502929e-06)
496 (5.891846119979735e-07,1.08736584306734e-06)
496.25 (-3.154058999771316e-06,4.399831531254239e-06)
496.5 (-5.848991571486328e-06,6.198440769772884e-06)
496.75 (-6.516415145429499e-06,5.81878795897525e-06)
497 (-4.962065123210859e-06,3.452861920821137e-06)
497.25 (-1.823660706205183e-06,5.15207681478313e-08)
497.5 (1.683981779593107e-06,-3.05548068470462e-06)
497.75 (4.245023292702049e-06,-4.683974639385721e-06)
498 (4.938613438038015e-06,-4.25450644142065e-06)
498.25 (3.567449036199724e-06,-1.994550798759987e-06)
498.5 (7.103860799877119e-07,1.166749595816957e-06)
498.75 (-2.516975650771241e-06,3.975995819958565e-06)
499 (-4.906720132970955e-06,5.362936980439695e-06)
499.25 (-5.616843123625885e-06,4.845844837740831e-06)
499.5 (-4.44862207069106e-06,2.680604872878126e-06)
499.75 (-1.908967944579241e-06,-2.460852721445961e-07)
500 (1.010051901289552e-06,-2.787275109282712e-06)
500.25 (3.223705893339607e-06,-3.990552065382819e-06)
500.5 (3.952239685195335e-06,-3.450624222813868e-06)
500.75 (3.000847293044972e-06,-1.453337590754857e-06)
501 (7.982002609005648e-07,1.168401508572495e-06)
501.25 (-1.784287816793081e-06,3.373613100460976e-06)
501.5 (-3.783655553126249e-06,4.331563972699246e-06)
501.75 (-4.501993679814857e-06,3.729050277178856e-06)
502 (-3.741940950376239e-06,1.863964000554602e-06)
502.25 (-1.86186888109098e-06,-4.903507174233826e-07)
502.5 (3.992375955965437e-07,-2.414073711812413e-06)
502.75 (2.202915824910057e-06,-3.197457765595999e-06)
503 (2.925811985259692e-06,-2.603754324431848e-06)
503.25 (2.374478218107112e-06,-9.398525599707034e-07)
503.5 (8.288252540521346e-07,1.091786385602681e-06)
503.75 (-1.084622383994229e-06,2.681464851731686e-06)
504 (-2.644039784364893e-06,3.238231543694702e-06)
504.25 (-3.306712963460209e-06,2.608588332729893e-06)
504.5 (-2.893794515699378e-06,1.110066468193492e-06)
504.75 (-1.638913291991877e-06,-6.19479838101269e-07)
505 (-5.668806273211407e-08,-1.900819190859228e-06)
505.25 (1.256334516887468e-06,-2.28020215385334e-06)
505.5 (1.856054106785531e-06,-1.694969033923842e-06)
505.75 (1.603606741027433e-06,-4.717447969899756e-07)
506 (6.94581884741297e-07,8.342009972275002e-07)
506.25 (-4.409025892176021e-07,1.685275922016928e-06)
506.5 (-1.339264403010493e-06,1.807437571165101e-06)
506.75 (-1.685026778762861e-06,1.252780883255726e-06)
507 (-1.428413333750148e-06,3.724522369460372e-07)
507.25 (-8.005017416613033e-07,-3.807217069907138e-07)
507.5 (-1.542595889700388e-07,-7.207294026764535e-07)
507.75 (2.58573001835592e-07,-6.512280583434338e-07)
508 (3.795572766637416e-07,-3.584942299284089e-07)
508.25 (2.840060131825467e-07,-5.154277653865023e-08)
508.5 (1.120221235119e-07,1.243715011352861e-07)
508.75 (-1.462023017475365e-08,1.405590004870068e-07)
509 (-3.319038445660711e-08,5.152382158340569e-08)
509.25 (-5.835326300920171e-08,4.032034688516e-08)
509.5 (-1.736084490428162e-07,2.290382873076608e-08)
509.75 (-2.188568411292248e-07,-1.223054142872812e-07)
510 (-1.274981117407102e-07,-3.353311947629355e-07)
510.25 (1.106479408890409e-07,-4.765194123231769e-07)
510.5 (3.961470800169039e-07,-3.905470257611618e-07)
510.75 (5.493638697674125e-07,-3.371366124647621e-08)
511 (4.371036670647259e-07,4.545700921411108e-07)
511.25 (5.219824389831354e-08,8.308009072587705e-07)
511.5 (-4.632959382858315e-07,8.839561367788574e-07)
511.75 (-2.272372490018607e-08,1.431533509985783e-08)
512 (0,0)
