totalLogLikelihoodDensity totalLogPriorDensity H1NoiseLogPriorDensity L1NoiseLogPriorDensity gwLogPriorDensity gwExtrinsicLogPriorDensityTracker gwCbcLogPriorDensityTracker
82.20274479287387 41.21622357055331 0 0 41.21622357055331 51.59501035499621 -10.3787867844429
138.2012448502592 39.15690088971803 0 0 39.15690088971803 49.53568767416093 -10.3787867844429
139.2888902642471 39.1503256521719 0 0 39.1503256521719 49.5291124366148 -10.3787867844429
139.2888902642471 39.1503256521719 0 0 39.1503256521719 49.5291124366148 -10.3787867844429
139.2888902642471 39.1503256521719 0 0 39.1503256521719 49.5291124366148 -10.3787867844429
139.2888902642471 39.1503256521719 0 0 39.1503256521719 49.5291124366148 -10.3787867844429
139.2888902642471 39.1503256521719 0 0 39.1503256521719 49.5291124366148 -10.3787867844429
139.2888902642471 39.1503256521719 0 0 39.1503256521719 49.5291124366148 -10.3787867844429
139.2888902642471 39.1503256521719 0 0 39.1503256521719 49.5291124366148 -10.3787867844429
139.2888902642471 39.1503256521719 0 0 39.1503256521719 49.5291124366148 -10.3787867844429
139.2888902642471 39.1503256521719 0 0 39.1503256521719 49.5291124366148 -10.3787867844429
139.2888902642471 39.1503256521719 0 0 39.1503256521719 49.5291124366148 -10.3787867844429
139.2888902642471 39.1503256521719 0 0 39.1503256521719 49.5291124366148 -10.3787867844429
139.2888902642471 39.1503256521719 0 0 39.1503256521719 49.5291124366148 -10.3787867844429
139.2888902642471 39.1503256521719 0 0 39.1503256521719 49.5291124366148 -10.3787867844429
139.2888902642471 39.1503256521719 0 0 39.1503256521719 49.5291124366148 -10.3787867844429
139.2888902642471 39.1503256521719 0 0 39.1503256521719 49.5291124366148 -10.3787867844429
139.2888902642471 39.1503256521719 0 0 39.1503256521719 49.5291124366148 -10.3787867844429
139.2888902642471 39.1503256521719 0 0 39.1503256521719 49.5291124366148 -10.3787867844429
139.2888902642471 39.1503256521719 0 0 39.1503256521719 49.5291124366148 -10.3787867844429
139.2888902642471 39.1503256521719 0 0 39.1503256521719 49.5291124366148 -10.3787867844429
139.2888902642471 39.1503256521719 0 0 39.1503256521719 49.5291124366148 -10.3787867844429
139.2888902642471 39.1503256521719 0 0 39.1503256521719 49.5291124366148 -10.3787867844429
139.2888902642471 39.1503256521719 0 0 39.1503256521719 49.5291124366148 -10.3787867844429
139.2888902642471 39.1503256521719 0 0 39.1503256521719 49.5291124366148 -10.3787867844429
139.2888902642471 39.1503256521719 0 0 39.1503256521719 49.5291124366148 -10.3787867844429
139.2888902642471 39.1503256521719 0 0 39.1503256521719 49.5291124366148 -10.3787867844429
139.2888902642471 39.1503256521719 0 0 39.1503256521719 49.5291124366148 -10.3787867844429
139.2888902642471 39.1503256521719 0 0 39.1503256521719 49.5291124366148 -10.3787867844429
139.2888902642471 39.1503256521719 0 0 39.1503256521719 49.5291124366148 -10.3787867844429
139.2888902642471 39.1503256521719 0 0 39.1503256521719 49.5291124366148 -10.3787867844429
139.2888902642471 39.1503256521719 0 0 39.1503256521719 49.5291124366148 -10.3787867844429
139.3628241758525 39.15154060593683 0 0 39.15154060593683 49.53032739037973 -10.3787867844429
139.3628241758525 39.15154060593683 0 0 39.15154060593683 49.53032739037973 -10.3787867844429
139.3628241758525 39.15154060593683 0 0 39.15154060593683 49.53032739037973 -10.3787867844429
139.3628241758525 39.15154060593683 0 0 39.15154060593683 49.53032739037973 -10.3787867844429
139.3628241758525 39.15154060593683 0 0 39.15154060593683 49.53032739037973 -10.3787867844429
139.3628241758525 39.15154060593683 0 0 39.15154060593683 49.53032739037973 -10.3787867844429
139.3628241758525 39.15154060593683 0 0 39.15154060593683 49.53032739037973 -10.3787867844429
139.3628241758525 39.15154060593683 0 0 39.15154060593683 49.53032739037973 -10.3787867844429
139.3628241758525 39.15154060593683 0 0 39.15154060593683 49.53032739037973 -10.3787867844429
139.3628241758525 39.15154060593683 0 0 39.15154060593683 49.53032739037973 -10.3787867844429
139.3628241758525 39.15154060593683 0 0 39.15154060593683 49.53032739037973 -10.3787867844429
139.3628241758525 39.15154060593683 0 0 39.15154060593683 49.53032739037973 -10.3787867844429
139.3628241758525 39.15154060593683 0 0 39.15154060593683 49.53032739037973 -10.3787867844429
139.3628241758525 39.15154060593683 0 0 39.15154060593683 49.53032739037973 -10.3787867844429
139.3628241758525 39.15154060593683 0 0 39.15154060593683 49.53032739037973 -10.3787867844429
139.3628241758525 39.15154060593683 0 0 39.15154060593683 49.53032739037973 -10.3787867844429
139.3628241758525 39.15154060593683 0 0 39.15154060593683 49.53032739037973 -10.3787867844429
139.3628241758525 39.15154060593683 0 0 39.15154060593683 49.53032739037973 -10.3787867844429
139.3628241758525 39.15154060593683 0 0 39.15154060593683 49.53032739037973 -10.3787867844429
139.3628241758525 39.15154060593683 0 0 39.15154060593683 49.53032739037973 -10.3787867844429
139.3628241758525 39.15154060593683 0 0 39.15154060593683 49.53032739037973 -10.3787867844429
139.3628241758525 39.15154060593683 0 0 39.15154060593683 49.53032739037973 -10.3787867844429
139.3628241758525 39.15154060593683 0 0 39.15154060593683 49.53032739037973 -10.3787867844429
139.3628241758525 39.15154060593683 0 0 39.15154060593683 49.53032739037973 -10.3787867844429
139.3628241758525 39.15154060593683 0 0 39.15154060593683 49.53032739037973 -10.3787867844429
139.3628241758525 39.15154060593683 0 0 39.15154060593683 49.53032739037973 -10.3787867844429
139.3628241758525 39.15154060593683 0 0 39.15154060593683 49.53032739037973 -10.3787867844429
139.3628241758525 39.15154060593683 0 0 39.15154060593683 49.53032739037973 -10.3787867844429
139.3628241758525 39.15154060593683 0 0 39.15154060593683 49.53032739037973 -10.3787867844429
139.3628241758525 39.15154060593683 0 0 39.15154060593683 49.53032739037973 -10.3787867844429
139.3628241758525 39.15154060593683 0 0 39.15154060593683 49.53032739037973 -10.3787867844429
139.3628241758525 39.15154060593683 0 0 39.15154060593683 49.53032739037973 -10.3787867844429
139.3628241758525 39.15154060593683 0 0 39.15154060593683 49.53032739037973 -10.3787867844429
139.3628241758525 39.15154060593683 0 0 39.15154060593683 49.53032739037973 -10.3787867844429
139.3628241758525 39.15154060593683 0 0 39.15154060593683 49.53032739037973 -10.3787867844429
139.3628241758525 39.15154060593683 0 0 39.15154060593683 49.53032739037973 -10.3787867844429
139.1472676296474 39.15232309940747 0 0 39.15232309940747 49.53110988385037 -10.3787867844429
139.1472676296474 39.15232309940747 0 0 39.15232309940747 49.53110988385037 -10.3787867844429
139.1472676296474 39.15232309940747 0 0 39.15232309940747 49.53110988385037 -10.3787867844429
139.1472676296474 39.15232309940747 0 0 39.15232309940747 49.53110988385037 -10.3787867844429
139.1472676296474 39.15232309940747 0 0 39.15232309940747 49.53110988385037 -10.3787867844429
139.1472676296474 39.15232309940747 0 0 39.15232309940747 49.53110988385037 -10.3787867844429
139.1472676296474 39.15232309940747 0 0 39.15232309940747 49.53110988385037 -10.3787867844429
138.7914604932817 39.15544723375781 0 0 39.15544723375781 49.53423401820071 -10.3787867844429
138.7914604932817 39.15544723375781 0 0 39.15544723375781 49.53423401820071 -10.3787867844429
138.7914604932817 39.15544723375781 0 0 39.15544723375781 49.53423401820071 -10.3787867844429
138.7914604932817 39.15544723375781 0 0 39.15544723375781 49.53423401820071 -10.3787867844429
138.7914604932817 39.15544723375781 0 0 39.15544723375781 49.53423401820071 -10.3787867844429
138.7914604932817 39.15544723375781 0 0 39.15544723375781 49.53423401820071 -10.3787867844429
138.7914604932817 39.15544723375781 0 0 39.15544723375781 49.53423401820071 -10.3787867844429
138.7914604932817 39.15544723375781 0 0 39.15544723375781 49.53423401820071 -10.3787867844429
138.7914604932817 39.15544723375781 0 0 39.15544723375781 49.53423401820071 -10.3787867844429
138.7914604932817 39.15544723375781 0 0 39.15544723375781 49.53423401820071 -10.3787867844429
138.7914604932817 39.15544723375781 0 0 39.15544723375781 49.53423401820071 -10.3787867844429
138.7914604932817 39.15544723375781 0 0 39.15544723375781 49.53423401820071 -10.3787867844429
138.7914604932817 39.15544723375781 0 0 39.15544723375781 49.53423401820071 -10.3787867844429
138.7914604932817 39.15544723375781 0 0 39.15544723375781 49.53423401820071 -10.3787867844429
138.7914604932817 39.15544723375781 0 0 39.15544723375781 49.53423401820071 -10.3787867844429
138.7914604932817 39.15544723375781 0 0 39.15544723375781 49.53423401820071 -10.3787867844429
138.7914604932817 39.15544723375781 0 0 39.15544723375781 49.53423401820071 -10.3787867844429
138.7914604932817 39.15544723375781 0 0 39.15544723375781 49.53423401820071 -10.3787867844429
138.7914604932817 39.15544723375781 0 0 39.15544723375781 49.53423401820071 -10.3787867844429
138.7914604932817 39.15544723375781 0 0 39.15544723375781 49.53423401820071 -10.3787867844429
138.7914604932817 39.15544723375781 0 0 39.15544723375781 49.53423401820071 -10.3787867844429
139.1689922860415 39.15684838434889 0 0 39.15684838434889 49.53563516879179 -10.3787867844429
139.1689922860415 39.15684838434889 0 0 39.15684838434889 49.53563516879179 -10.3787867844429
139.1689922860415 39.15684838434889 0 0 39.15684838434889 49.53563516879179 -10.3787867844429
139.1689922860415 39.15684838434889 0 0 39.15684838434889 49.53563516879179 -10.3787867844429
139.1739226247878 39.15764253353893 0 0 39.15764253353893 49.53642931798183 -10.3787867844429
139.1739226247878 39.15764253353893 0 0 39.15764253353893 49.53642931798183 -10.3787867844429
139.1739226247878 39.15764253353893 0 0 39.15764253353893 49.53642931798183 -10.3787867844429
139.1739226247878 39.15764253353893 0 0 39.15764253353893 49.53642931798183 -10.3787867844429
139.3016125543451 39.15626517425238 0 0 39.15626517425238 49.53505195869528 -10.3787867844429
139.3016125543451 39.15626517425238 0 0 39.15626517425238 49.53505195869528 -10.3787867844429
139.3016125543451 39.15626517425238 0 0 39.15626517425238 49.53505195869528 -10.3787867844429
139.3016125543451 39.15626517425238 0 0 39.15626517425238 49.53505195869528 -10.3787867844429
139.3016125543451 39.15626517425238 0 0 39.15626517425238 49.53505195869528 -10.3787867844429
139.3016125543451 39.15626517425238 0 0 39.15626517425238 49.53505195869528 -10.3787867844429
139.3016125543451 39.15626517425238 0 0 39.15626517425238 49.53505195869528 -10.3787867844429
139.3016125543451 39.15626517425238 0 0 39.15626517425238 49.53505195869528 -10.3787867844429
139.3016125543451 39.15626517425238 0 0 39.15626517425238 49.53505195869528 -10.3787867844429
139.3261305480821 39.15674002313403 0 0 39.15674002313403 49.53552680757694 -10.3787867844429
139.3261305480821 39.15674002313403 0 0 39.15674002313403 49.53552680757694 -10.3787867844429
139.3261305480821 39.15674002313403 0 0 39.15674002313403 49.53552680757694 -10.3787867844429
139.3261305480821 39.15674002313403 0 0 39.15674002313403 49.53552680757694 -10.3787867844429
139.3261305480821 39.15674002313403 0 0 39.15674002313403 49.53552680757694 -10.3787867844429
139.3261305480821 39.15674002313403 0 0 39.15674002313403 49.53552680757694 -10.3787867844429
139.3261305480821 39.15674002313403 0 0 39.15674002313403 49.53552680757694 -10.3787867844429
139.3261305480821 39.15674002313403 0 0 39.15674002313403 49.53552680757694 -10.3787867844429
139.3261305480821 39.15674002313403 0 0 39.15674002313403 49.53552680757694 -10.3787867844429
139.3261305480821 39.15674002313403 0 0 39.15674002313403 49.53552680757694 -10.3787867844429
139.3261305480821 39.15674002313403 0 0 39.15674002313403 49.53552680757694 -10.3787867844429
139.3261305480821 39.15674002313403 0 0 39.15674002313403 49.53552680757694 -10.3787867844429
139.3261305480821 39.15674002313403 0 0 39.15674002313403 49.53552680757694 -10.3787867844429
139.3261305480821 39.15674002313403 0 0 39.15674002313403 49.53552680757694 -10.3787867844429
139.3261305480821 39.15674002313403 0 0 39.15674002313403 49.53552680757694 -10.3787867844429
139.9039278384737 39.15580906945024 0 0 39.15580906945024 49.53459585389314 -10.3787867844429
139.9039278384737 39.15580906945024 0 0 39.15580906945024 49.53459585389314 -10.3787867844429
139.9039278384737 39.15580906945024 0 0 39.15580906945024 49.53459585389314 -10.3787867844429
139.9039278384737 39.15580906945024 0 0 39.15580906945024 49.53459585389314 -10.3787867844429
139.9039278384737 39.15580906945024 0 0 39.15580906945024 49.53459585389314 -10.3787867844429
139.9039278384737 39.15580906945024 0 0 39.15580906945024 49.53459585389314 -10.3787867844429
139.9039278384737 39.15580906945024 0 0 39.15580906945024 49.53459585389314 -10.3787867844429
139.9039278384737 39.15580906945024 0 0 39.15580906945024 49.53459585389314 -10.3787867844429
139.9039278384737 39.15580906945024 0 0 39.15580906945024 49.53459585389314 -10.3787867844429
139.9039278384737 39.15580906945024 0 0 39.15580906945024 49.53459585389314 -10.3787867844429
139.9039278384737 39.15580906945024 0 0 39.15580906945024 49.53459585389314 -10.3787867844429
139.9039278384737 39.15580906945024 0 0 39.15580906945024 49.53459585389314 -10.3787867844429
139.9039278384737 39.15580906945024 0 0 39.15580906945024 49.53459585389314 -10.3787867844429
139.9039278384737 39.15580906945024 0 0 39.15580906945024 49.53459585389314 -10.3787867844429
139.9039278384737 39.15580906945024 0 0 39.15580906945024 49.53459585389314 -10.3787867844429
139.9039278384737 39.15580906945024 0 0 39.15580906945024 49.53459585389314 -10.3787867844429
139.9039278384737 39.15580906945024 0 0 39.15580906945024 49.53459585389314 -10.3787867844429
139.9039278384737 39.15580906945024 0 0 39.15580906945024 49.53459585389314 -10.3787867844429
139.9039278384737 39.15580906945024 0 0 39.15580906945024 49.53459585389314 -10.3787867844429
139.9039278384737 39.15580906945024 0 0 39.15580906945024 49.53459585389314 -10.3787867844429
139.9039278384737 39.15580906945024 0 0 39.15580906945024 49.53459585389314 -10.3787867844429
139.9039278384737 39.15580906945024 0 0 39.15580906945024 49.53459585389314 -10.3787867844429
139.9039278384737 39.15580906945024 0 0 39.15580906945024 49.53459585389314 -10.3787867844429
139.9039278384737 39.15580906945024 0 0 39.15580906945024 49.53459585389314 -10.3787867844429
139.9039278384737 39.15580906945024 0 0 39.15580906945024 49.53459585389314 -10.3787867844429
139.9039278384737 39.15580906945024 0 0 39.15580906945024 49.53459585389314 -10.3787867844429
139.9039278384737 39.15580906945024 0 0 39.15580906945024 49.53459585389314 -10.3787867844429
139.9039278384737 39.15580906945024 0 0 39.15580906945024 49.53459585389314 -10.3787867844429
139.9039278384737 39.15580906945024 0 0 39.15580906945024 49.53459585389314 -10.3787867844429
139.9039278384737 39.15580906945024 0 0 39.15580906945024 49.53459585389314 -10.3787867844429
139.9039278384737 39.15580906945024 0 0 39.15580906945024 49.53459585389314 -10.3787867844429
139.9039278384737 39.15580906945024 0 0 39.15580906945024 49.53459585389314 -10.3787867844429
139.7462883751984 39.15302876692151 0 0 39.15302876692151 49.5318155513644 -10.3787867844429
139.7462883751984 39.15302876692151 0 0 39.15302876692151 49.5318155513644 -10.3787867844429
139.7462883751984 39.15302876692151 0 0 39.15302876692151 49.5318155513644 -10.3787867844429
139.5755946876251 39.1564370451914 0 0 39.1564370451914 49.53522382963429 -10.3787867844429
139.5755946876251 39.1564370451914 0 0 39.1564370451914 49.53522382963429 -10.3787867844429
139.935593544015 39.15346397439865 0 0 39.15346397439865 49.53225075884154 -10.3787867844429
139.935593544015 39.15346397439865 0 0 39.15346397439865 49.53225075884154 -10.3787867844429
139.935593544015 39.15346397439865 0 0 39.15346397439865 49.53225075884154 -10.3787867844429
139.935593544015 39.15346397439865 0 0 39.15346397439865 49.53225075884154 -10.3787867844429
139.935593544015 39.15346397439865 0 0 39.15346397439865 49.53225075884154 -10.3787867844429
139.935593544015 39.15346397439865 0 0 39.15346397439865 49.53225075884154 -10.3787867844429
139.935593544015 39.15346397439865 0 0 39.15346397439865 49.53225075884154 -10.3787867844429
139.935593544015 39.15346397439865 0 0 39.15346397439865 49.53225075884154 -10.3787867844429
139.935593544015 39.15346397439865 0 0 39.15346397439865 49.53225075884154 -10.3787867844429
139.935593544015 39.15346397439865 0 0 39.15346397439865 49.53225075884154 -10.3787867844429
139.935593544015 39.15346397439865 0 0 39.15346397439865 49.53225075884154 -10.3787867844429
139.935593544015 39.15346397439865 0 0 39.15346397439865 49.53225075884154 -10.3787867844429
139.935593544015 39.15346397439865 0 0 39.15346397439865 49.53225075884154 -10.3787867844429
139.935593544015 39.15346397439865 0 0 39.15346397439865 49.53225075884154 -10.3787867844429
139.935593544015 39.15346397439865 0 0 39.15346397439865 49.53225075884154 -10.3787867844429
139.935593544015 39.15346397439865 0 0 39.15346397439865 49.53225075884154 -10.3787867844429
139.935593544015 39.15346397439865 0 0 39.15346397439865 49.53225075884154 -10.3787867844429
139.935593544015 39.15346397439865 0 0 39.15346397439865 49.53225075884154 -10.3787867844429
139.935593544015 39.15346397439865 0 0 39.15346397439865 49.53225075884154 -10.3787867844429
139.935593544015 39.15346397439865 0 0 39.15346397439865 49.53225075884154 -10.3787867844429
139.935593544015 39.15346397439865 0 0 39.15346397439865 49.53225075884154 -10.3787867844429
139.935593544015 39.15346397439865 0 0 39.15346397439865 49.53225075884154 -10.3787867844429
139.935593544015 39.15346397439865 0 0 39.15346397439865 49.53225075884154 -10.3787867844429
139.935593544015 39.15346397439865 0 0 39.15346397439865 49.53225075884154 -10.3787867844429
139.935593544015 39.15346397439865 0 0 39.15346397439865 49.53225075884154 -10.3787867844429
139.935593544015 39.15346397439865 0 0 39.15346397439865 49.53225075884154 -10.3787867844429
139.935593544015 39.15346397439865 0 0 39.15346397439865 49.53225075884154 -10.3787867844429
139.935593544015 39.15346397439865 0 0 39.15346397439865 49.53225075884154 -10.3787867844429
139.935593544015 39.15346397439865 0 0 39.15346397439865 49.53225075884154 -10.3787867844429
139.935593544015 39.15346397439865 0 0 39.15346397439865 49.53225075884154 -10.3787867844429
139.935593544015 39.15346397439865 0 0 39.15346397439865 49.53225075884154 -10.3787867844429
139.935593544015 39.15346397439865 0 0 39.15346397439865 49.53225075884154 -10.3787867844429
139.935593544015 39.15346397439865 0 0 39.15346397439865 49.53225075884154 -10.3787867844429
139.935593544015 39.15346397439865 0 0 39.15346397439865 49.53225075884154 -10.3787867844429
139.935593544015 39.15346397439865 0 0 39.15346397439865 49.53225075884154 -10.3787867844429
139.935593544015 39.15346397439865 0 0 39.15346397439865 49.53225075884154 -10.3787867844429
139.935593544015 39.15346397439865 0 0 39.15346397439865 49.53225075884154 -10.3787867844429
139.935593544015 39.15346397439865 0 0 39.15346397439865 49.53225075884154 -10.3787867844429
139.935593544015 39.15346397439865 0 0 39.15346397439865 49.53225075884154 -10.3787867844429
139.935593544015 39.15346397439865 0 0 39.15346397439865 49.53225075884154 -10.3787867844429
139.935593544015 39.15346397439865 0 0 39.15346397439865 49.53225075884154 -10.3787867844429
139.9444190186292 39.15352278489979 0 0 39.15352278489979 49.53230956934269 -10.3787867844429
139.9380624715984 39.15214646990523 0 0 39.15214646990523 49.53093325434813 -10.3787867844429
139.9380624715984 39.15214646990523 0 0 39.15214646990523 49.53093325434813 -10.3787867844429
139.9451027377553 39.15291165338525 0 0 39.15291165338525 49.53169843782814 -10.3787867844429
139.9451027377553 39.15291165338525 0 0 39.15291165338525 49.53169843782814 -10.3787867844429
139.9451027377553 39.15291165338525 0 0 39.15291165338525 49.53169843782814 -10.3787867844429
139.9451027377553 39.15291165338525 0 0 39.15291165338525 49.53169843782814 -10.3787867844429
139.9451027377553 39.15291165338525 0 0 39.15291165338525 49.53169843782814 -10.3787867844429
139.9451027377553 39.15291165338525 0 0 39.15291165338525 49.53169843782814 -10.3787867844429
139.9451027377553 39.15291165338525 0 0 39.15291165338525 49.53169843782814 -10.3787867844429
139.9451027377553 39.15291165338525 0 0 39.15291165338525 49.53169843782814 -10.3787867844429
139.8721227400508 39.15251569597983 0 0 39.15251569597983 49.53130248042272 -10.3787867844429
139.8721227400508 39.15251569597983 0 0 39.15251569597983 49.53130248042272 -10.3787867844429
139.8721227400508 39.15251569597983 0 0 39.15251569597983 49.53130248042272 -10.3787867844429
139.8721227400508 39.15251569597983 0 0 39.15251569597983 49.53130248042272 -10.3787867844429
139.8721227400508 39.15251569597983 0 0 39.15251569597983 49.53130248042272 -10.3787867844429
139.8721227400508 39.15251569597983 0 0 39.15251569597983 49.53130248042272 -10.3787867844429
139.8721227400508 39.15251569597983 0 0 39.15251569597983 49.53130248042272 -10.3787867844429
139.8721227400508 39.15251569597983 0 0 39.15251569597983 49.53130248042272 -10.3787867844429
139.8721227400508 39.15251569597983 0 0 39.15251569597983 49.53130248042272 -10.3787867844429
139.8721227400508 39.15251569597983 0 0 39.15251569597983 49.53130248042272 -10.3787867844429
139.8721227400508 39.15251569597983 0 0 39.15251569597983 49.53130248042272 -10.3787867844429
139.8721227400508 39.15251569597983 0 0 39.15251569597983 49.53130248042272 -10.3787867844429
139.8721227400508 39.15251569597983 0 0 39.15251569597983 49.53130248042272 -10.3787867844429
139.8721227400508 39.15251569597983 0 0 39.15251569597983 49.53130248042272 -10.3787867844429
139.670471047957 39.15213681296308 0 0 39.15213681296308 49.53092359740598 -10.3787867844429
139.670471047957 39.15213681296308 0 0 39.15213681296308 49.53092359740598 -10.3787867844429
139.6838100421081 39.15214690414902 0 0 39.15214690414902 49.53093368859192 -10.3787867844429
139.6838100421081 39.15214690414902 0 0 39.15214690414902 49.53093368859192 -10.3787867844429
139.6838100421081 39.15214690414902 0 0 39.15214690414902 49.53093368859192 -10.3787867844429
139.6838100421081 39.15214690414902 0 0 39.15214690414902 49.53093368859192 -10.3787867844429
139.6838100421081 39.15214690414902 0 0 39.15214690414902 49.53093368859192 -10.3787867844429
139.6838100421081 39.15214690414902 0 0 39.15214690414902 49.53093368859192 -10.3787867844429
139.6838100421081 39.15214690414902 0 0 39.15214690414902 49.53093368859192 -10.3787867844429
139.6838100421081 39.15214690414902 0 0 39.15214690414902 49.53093368859192 -10.3787867844429
139.6838100421081 39.15214690414902 0 0 39.15214690414902 49.53093368859192 -10.3787867844429
139.3065063137488 39.15261903343806 0 0 39.15261903343806 49.53140581788095 -10.3787867844429
139.3065063137488 39.15261903343806 0 0 39.15261903343806 49.53140581788095 -10.3787867844429
139.3245865364627 39.15312440427793 0 0 39.15312440427793 49.53191118872083 -10.3787867844429
139.3245865364627 39.15312440427793 0 0 39.15312440427793 49.53191118872083 -10.3787867844429
139.3245865364627 39.15312440427793 0 0 39.15312440427793 49.53191118872083 -10.3787867844429
139.3448880806419 39.15393065709404 0 0 39.15393065709404 49.53271744153693 -10.3787867844429
138.5990193223873 39.15675166705581 0 0 39.15675166705581 49.53553845149872 -10.3787867844429
137.6962575247543 39.15814402687936 0 0 39.15814402687936 49.53693081132225 -10.3787867844429
137.8184767219595 39.15851270869614 0 0 39.15851270869614 49.53729949313903 -10.3787867844429
137.8184767219595 39.15851270869614 0 0 39.15851270869614 49.53729949313903 -10.3787867844429
137.8184767219595 39.15851270869614 0 0 39.15851270869614 49.53729949313903 -10.3787867844429
137.7783135474824 39.15883458186285 0 0 39.15883458186285 49.53762136630574 -10.3787867844429
137.7783135474824 39.15883458186285 0 0 39.15883458186285 49.53762136630574 -10.3787867844429
137.7783135474824 39.15883458186285 0 0 39.15883458186285 49.53762136630574 -10.3787867844429
137.7236117610368 39.15827603473343 0 0 39.15827603473343 49.53706281917633 -10.3787867844429
137.7236117610368 39.15827603473343 0 0 39.15827603473343 49.53706281917633 -10.3787867844429
137.7236117610368 39.15827603473343 0 0 39.15827603473343 49.53706281917633 -10.3787867844429
139.3887102234293 39.15946186078421 0 0 39.15946186078421 49.5382486452271 -10.3787867844429
139.3887102234293 39.15946186078421 0 0 39.15946186078421 49.5382486452271 -10.3787867844429
139.7956393622594 39.15611350016682 0 0 39.15611350016682 49.53490028460972 -10.3787867844429
139.7956393622594 39.15611350016682 0 0 39.15611350016682 49.53490028460972 -10.3787867844429
139.7956393622594 39.15611350016682 0 0 39.15611350016682 49.53490028460972 -10.3787867844429
139.7956393622594 39.15611350016682 0 0 39.15611350016682 49.53490028460972 -10.3787867844429
139.7956393622594 39.15611350016682 0 0 39.15611350016682 49.53490028460972 -10.3787867844429
139.7956393622594 39.15611350016682 0 0 39.15611350016682 49.53490028460972 -10.3787867844429
139.7956393622594 39.15611350016682 0 0 39.15611350016682 49.53490028460972 -10.3787867844429
139.7956393622594 39.15611350016682 0 0 39.15611350016682 49.53490028460972 -10.3787867844429
139.7956393622594 39.15611350016682 0 0 39.15611350016682 49.53490028460972 -10.3787867844429
139.7956393622594 39.15611350016682 0 0 39.15611350016682 49.53490028460972 -10.3787867844429
140.0105200714515 39.15652769374384 0 0 39.15652769374384 49.53531447818674 -10.3787867844429
140.0105200714515 39.15652769374384 0 0 39.15652769374384 49.53531447818674 -10.3787867844429
140.0105200714515 39.15652769374384 0 0 39.15652769374384 49.53531447818674 -10.3787867844429
140.0105200714515 39.15652769374384 0 0 39.15652769374384 49.53531447818674 -10.3787867844429
140.0105200714515 39.15652769374384 0 0 39.15652769374384 49.53531447818674 -10.3787867844429
140.0105200714515 39.15652769374384 0 0 39.15652769374384 49.53531447818674 -10.3787867844429
140.0105200714515 39.15652769374384 0 0 39.15652769374384 49.53531447818674 -10.3787867844429
140.0105200714515 39.15652769374384 0 0 39.15652769374384 49.53531447818674 -10.3787867844429
140.0105200714515 39.15652769374384 0 0 39.15652769374384 49.53531447818674 -10.3787867844429
140.0105200714515 39.15652769374384 0 0 39.15652769374384 49.53531447818674 -10.3787867844429
140.0105200714515 39.15652769374384 0 0 39.15652769374384 49.53531447818674 -10.3787867844429
140.0105200714515 39.15652769374384 0 0 39.15652769374384 49.53531447818674 -10.3787867844429
140.0105200714515 39.15652769374384 0 0 39.15652769374384 49.53531447818674 -10.3787867844429
140.0105200714515 39.15652769374384 0 0 39.15652769374384 49.53531447818674 -10.3787867844429
140.0105200714515 39.15652769374384 0 0 39.15652769374384 49.53531447818674 -10.3787867844429
140.0105200714515 39.15652769374384 0 0 39.15652769374384 49.53531447818674 -10.3787867844429
140.0105200714515 39.15652769374384 0 0 39.15652769374384 49.53531447818674 -10.3787867844429
140.0105200714515 39.15652769374384 0 0 39.15652769374384 49.53531447818674 -10.3787867844429
139.3361091014234 39.15391549037427 0 0 39.15391549037427 49.53270227481718 -10.3787867844429
140.0157217150867 39.15298715004899 0 0 39.15298715004899 49.53177393449189 -10.3787867844429
139.989337508283 39.15286065092853 0 0 39.15286065092853 49.53164743537143 -10.3787867844429
139.9908018221862 39.15328601053469 0 0 39.15328601053469 49.53207279497758 -10.3787867844429
139.9757419848 39.1533613323369 0 0 39.1533613323369 49.5321481167798 -10.3787867844429
139.9780169235103 39.15642231281225 0 0 39.15642231281225 49.53520909725515 -10.3787867844429
139.9796513925205 39.1543691307054 0 0 39.1543691307054 49.5331559151483 -10.3787867844429
139.9664786597422 39.15459693183382 0 0 39.15459693183382 49.53338371627672 -10.3787867844429
139.9664786597422 39.15459693183382 0 0 39.15459693183382 49.53338371627672 -10.3787867844429
139.9629690370605 39.15797277997321 0 0 39.15797277997321 49.5367595644161 -10.3787867844429
139.9621770862081 39.15506630953176 0 0 39.15506630953176 49.53385309397466 -10.3787867844429
139.9679569214167 39.15502475177398 0 0 39.15502475177398 49.53381153621687 -10.3787867844429
139.9679569214167 39.15502475177398 0 0 39.15502475177398 49.53381153621687 -10.3787867844429
139.9679569214167 39.15502475177398 0 0 39.15502475177398 49.53381153621687 -10.3787867844429
139.9679569214167 39.15502475177398 0 0 39.15502475177398 49.53381153621687 -10.3787867844429
139.9679569214167 39.15502475177398 0 0 39.15502475177398 49.53381153621687 -10.3787867844429
139.9679569214167 39.15502475177398 0 0 39.15502475177398 49.53381153621687 -10.3787867844429
139.9679569214167 39.15502475177398 0 0 39.15502475177398 49.53381153621687 -10.3787867844429
139.9679569214167 39.15502475177398 0 0 39.15502475177398 49.53381153621687 -10.3787867844429
139.9679569214167 39.15502475177398 0 0 39.15502475177398 49.53381153621687 -10.3787867844429
139.9692639178517 39.15397433558513 0 0 39.15397433558513 49.53276112002803 -10.3787867844429
139.3186480662441 39.15666131510044 0 0 39.15666131510044 49.53544809954333 -10.3787867844429
139.3281592947306 39.15342744299249 0 0 39.15342744299249 49.53221422743539 -10.3787867844429
139.3281592947306 39.15342744299249 0 0 39.15342744299249 49.53221422743539 -10.3787867844429
139.3111432873404 39.15106500331221 0 0 39.15106500331221 49.52985178775511 -10.3787867844429
139.3146847009801 39.15020396295922 0 0 39.15020396295922 49.52899074740212 -10.3787867844429
139.3146847009801 39.15020396295922 0 0 39.15020396295922 49.52899074740212 -10.3787867844429
139.3146847009801 39.15020396295922 0 0 39.15020396295922 49.52899074740212 -10.3787867844429
139.3060905313832 39.14900544301328 0 0 39.14900544301328 49.52779222745618 -10.3787867844429
139.3060905313832 39.14900544301328 0 0 39.14900544301328 49.52779222745618 -10.3787867844429
139.301606622362 39.14960429591193 0 0 39.14960429591193 49.52839108035483 -10.3787867844429
139.2845672329224 39.14903610152822 0 0 39.14903610152822 49.52782288597113 -10.3787867844429
139.2845672329224 39.14903610152822 0 0 39.14903610152822 49.52782288597113 -10.3787867844429
139.2845672329224 39.14903610152822 0 0 39.14903610152822 49.52782288597113 -10.3787867844429
139.2845672329224 39.14903610152822 0 0 39.14903610152822 49.52782288597113 -10.3787867844429
139.2864152032952 39.14787478110587 0 0 39.14787478110587 49.52666156554877 -10.3787867844429
139.2864152032952 39.14787478110587 0 0 39.14787478110587 49.52666156554877 -10.3787867844429
139.2864152032952 39.14787478110587 0 0 39.14787478110587 49.52666156554877 -10.3787867844429
139.2864152032952 39.14787478110587 0 0 39.14787478110587 49.52666156554877 -10.3787867844429
139.2864152032952 39.14787478110587 0 0 39.14787478110587 49.52666156554877 -10.3787867844429
139.2864152032952 39.14787478110587 0 0 39.14787478110587 49.52666156554877 -10.3787867844429
139.2864152032952 39.14787478110587 0 0 39.14787478110587 49.52666156554877 -10.3787867844429
139.2864152032952 39.14787478110587 0 0 39.14787478110587 49.52666156554877 -10.3787867844429
139.2864152032952 39.14787478110587 0 0 39.14787478110587 49.52666156554877 -10.3787867844429
139.2864152032952 39.14787478110587 0 0 39.14787478110587 49.52666156554877 -10.3787867844429
139.3291703340235 39.14827124402048 0 0 39.14827124402048 49.52705802846337 -10.3787867844429
139.3291703340235 39.14827124402048 0 0 39.14827124402048 49.52705802846337 -10.3787867844429
139.3291703340235 39.14827124402048 0 0 39.14827124402048 49.52705802846337 -10.3787867844429
139.3291703340235 39.14827124402048 0 0 39.14827124402048 49.52705802846337 -10.3787867844429
139.3291703340235 39.14827124402048 0 0 39.14827124402048 49.52705802846337 -10.3787867844429
139.3291703340235 39.14827124402048 0 0 39.14827124402048 49.52705802846337 -10.3787867844429
139.3291703340235 39.14827124402048 0 0 39.14827124402048 49.52705802846337 -10.3787867844429
139.3291703340235 39.14827124402048 0 0 39.14827124402048 49.52705802846337 -10.3787867844429
139.3291703340235 39.14827124402048 0 0 39.14827124402048 49.52705802846337 -10.3787867844429
139.3291703340235 39.14827124402048 0 0 39.14827124402048 49.52705802846337 -10.3787867844429
139.3291703340235 39.14827124402048 0 0 39.14827124402048 49.52705802846337 -10.3787867844429
139.3407668286845 39.14814340674756 0 0 39.14814340674756 49.52693019119047 -10.3787867844429
139.334592625952 39.15004242654663 0 0 39.15004242654663 49.52882921098953 -10.3787867844429
139.3541404537895 39.15038563887768 0 0 39.15038563887768 49.52917242332058 -10.3787867844429
139.3498753034467 39.15050949369501 0 0 39.15050949369501 49.52929627813791 -10.3787867844429
139.3461226295797 39.15257393808773 0 0 39.15257393808773 49.53136072253062 -10.3787867844429
139.3350089481469 39.15451397031907 0 0 39.15451397031907 49.53330075476197 -10.3787867844429
139.3347036503991 39.15171574585688 0 0 39.15171574585688 49.53050253029977 -10.3787867844429
139.3347036503991 39.15171574585688 0 0 39.15171574585688 49.53050253029977 -10.3787867844429
139.347978269833 39.15201035181433 0 0 39.15201035181433 49.53079713625723 -10.3787867844429
139.3537675015164 39.15214724766004 0 0 39.15214724766004 49.53093403210294 -10.3787867844429
139.3525225020448 39.15249272816335 0 0 39.15249272816335 49.53127951260625 -10.3787867844429
139.3525225020448 39.15249272816335 0 0 39.15249272816335 49.53127951260625 -10.3787867844429
139.3525225020448 39.15249272816335 0 0 39.15249272816335 49.53127951260625 -10.3787867844429
139.2919585709865 39.15051647514656 0 0 39.15051647514656 49.52930325958945 -10.3787867844429
139.1889165067563 39.15179900791929 0 0 39.15179900791929 49.5305857923622 -10.3787867844429
139.1889165067563 39.15179900791929 0 0 39.15179900791929 49.5305857923622 -10.3787867844429
139.1889165067563 39.15179900791929 0 0 39.15179900791929 49.5305857923622 -10.3787867844429
139.1889165067563 39.15179900791929 0 0 39.15179900791929 49.5305857923622 -10.3787867844429
139.1889165067563 39.15179900791929 0 0 39.15179900791929 49.5305857923622 -10.3787867844429
139.1889165067563 39.15179900791929 0 0 39.15179900791929 49.5305857923622 -10.3787867844429
139.1889165067563 39.15179900791929 0 0 39.15179900791929 49.5305857923622 -10.3787867844429
139.1889165067563 39.15179900791929 0 0 39.15179900791929 49.5305857923622 -10.3787867844429
139.1889165067563 39.15179900791929 0 0 39.15179900791929 49.5305857923622 -10.3787867844429
139.3493264919011 39.15202909212501 0 0 39.15202909212501 49.5308158765679 -10.3787867844429
139.3493264919011 39.15202909212501 0 0 39.15202909212501 49.5308158765679 -10.3787867844429
139.3493264919011 39.15202909212501 0 0 39.15202909212501 49.5308158765679 -10.3787867844429
139.3625830544069 39.1478119778605 0 0 39.1478119778605 49.5265987623034 -10.3787867844429
139.0970082159524 39.1481656083394 0 0 39.1481656083394 49.5269523927823 -10.3787867844429
139.0970082159524 39.1481656083394 0 0 39.1481656083394 49.5269523927823 -10.3787867844429
139.0970082159524 39.1481656083394 0 0 39.1481656083394 49.5269523927823 -10.3787867844429
139.0970082159524 39.1481656083394 0 0 39.1481656083394 49.5269523927823 -10.3787867844429
139.3365963984178 39.14882575014461 0 0 39.14882575014461 49.5276125345875 -10.3787867844429
139.321823315807 39.14923415245123 0 0 39.14923415245123 49.52802093689412 -10.3787867844429
139.321823315807 39.14923415245123 0 0 39.14923415245123 49.52802093689412 -10.3787867844429
139.321823315807 39.14923415245123 0 0 39.14923415245123 49.52802093689412 -10.3787867844429
139.321823315807 39.14923415245123 0 0 39.14923415245123 49.52802093689412 -10.3787867844429
139.321823315807 39.14923415245123 0 0 39.14923415245123 49.52802093689412 -10.3787867844429
139.321823315807 39.14923415245123 0 0 39.14923415245123 49.52802093689412 -10.3787867844429
139.321823315807 39.14923415245123 0 0 39.14923415245123 49.52802093689412 -10.3787867844429
139.2413290402035 39.15179628938463 0 0 39.15179628938463 49.53058307382754 -10.3787867844429
139.2413290402035 39.15179628938463 0 0 39.15179628938463 49.53058307382754 -10.3787867844429
139.2413290402035 39.15179628938463 0 0 39.15179628938463 49.53058307382754 -10.3787867844429
139.2413290402035 39.15179628938463 0 0 39.15179628938463 49.53058307382754 -10.3787867844429
139.2413290402035 39.15179628938463 0 0 39.15179628938463 49.53058307382754 -10.3787867844429
139.2413290402035 39.15179628938463 0 0 39.15179628938463 49.53058307382754 -10.3787867844429
139.2413290402035 39.15179628938463 0 0 39.15179628938463 49.53058307382754 -10.3787867844429
139.2413290402035 39.15179628938463 0 0 39.15179628938463 49.53058307382754 -10.3787867844429
139.3160760512536 39.15259064383939 0 0 39.15259064383939 49.53137742828228 -10.3787867844429
139.3160760512536 39.15259064383939 0 0 39.15259064383939 49.53137742828228 -10.3787867844429
139.3160760512536 39.15259064383939 0 0 39.15259064383939 49.53137742828228 -10.3787867844429
139.3160760512536 39.15259064383939 0 0 39.15259064383939 49.53137742828228 -10.3787867844429
139.3160760512536 39.15259064383939 0 0 39.15259064383939 49.53137742828228 -10.3787867844429
139.3160760512536 39.15259064383939 0 0 39.15259064383939 49.53137742828228 -10.3787867844429
139.3160760512536 39.15259064383939 0 0 39.15259064383939 49.53137742828228 -10.3787867844429
139.3160760512536 39.15259064383939 0 0 39.15259064383939 49.53137742828228 -10.3787867844429
139.3160760512536 39.15259064383939 0 0 39.15259064383939 49.53137742828228 -10.3787867844429
139.3160760512536 39.15259064383939 0 0 39.15259064383939 49.53137742828228 -10.3787867844429
139.3160760512536 39.15259064383939 0 0 39.15259064383939 49.53137742828228 -10.3787867844429
139.3160760512536 39.15259064383939 0 0 39.15259064383939 49.53137742828228 -10.3787867844429
139.3160760512536 39.15259064383939 0 0 39.15259064383939 49.53137742828228 -10.3787867844429
138.6829442080237 39.15262280131034 0 0 39.15262280131034 49.53140958575324 -10.3787867844429
138.6810612777284 39.15166531685915 0 0 39.15166531685915 49.53045210130205 -10.3787867844429
138.6810612777284 39.15166531685915 0 0 39.15166531685915 49.53045210130205 -10.3787867844429
138.0302191208275 39.1528179253847 0 0 39.1528179253847 49.5316047098276 -10.3787867844429
138.0371174111263 39.15293472032191 0 0 39.15293472032191 49.53172150476481 -10.3787867844429
138.0384154556447 39.1518201365857 0 0 39.1518201365857 49.5306069210286 -10.3787867844429
138.0388449982307 39.14981387628667 0 0 39.14981387628667 49.52860066072957 -10.3787867844429
138.0388449982307 39.14981387628667 0 0 39.14981387628667 49.52860066072957 -10.3787867844429
138.0289364875697 39.14824981717572 0 0 39.14824981717572 49.52703660161863 -10.3787867844429
138.0353755213276 39.14776446095628 0 0 39.14776446095628 49.52655124539918 -10.3787867844429
138.0318055172817 39.14815424333034 0 0 39.14815424333034 49.52694102777324 -10.3787867844429
138.023233766285 39.15100513378678 0 0 39.15100513378678 49.52979191822968 -10.3787867844429
138.0094078921383 39.14931368609437 0 0 39.14931368609437 49.52810047053728 -10.3787867844429
138.0040167517775 39.15064810653773 0 0 39.15064810653773 49.52943489098062 -10.3787867844429
138.0016162729316 39.14934777177626 0 0 39.14934777177626 49.52813455621916 -10.3787867844429
138.0118334178638 39.14889928116668 0 0 39.14889928116668 49.52768606560957 -10.3787867844429
138.0118334178638 39.14889928116668 0 0 39.14889928116668 49.52768606560957 -10.3787867844429
138.0118334178638 39.14889928116668 0 0 39.14889928116668 49.52768606560957 -10.3787867844429
139.2961783024705 39.14848581088225 0 0 39.14848581088225 49.52727259532514 -10.3787867844429
139.2961783024705 39.14848581088225 0 0 39.14848581088225 49.52727259532514 -10.3787867844429
139.2961783024705 39.14848581088225 0 0 39.14848581088225 49.52727259532514 -10.3787867844429
139.2961783024705 39.14848581088225 0 0 39.14848581088225 49.52727259532514 -10.3787867844429
139.2961783024705 39.14848581088225 0 0 39.14848581088225 49.52727259532514 -10.3787867844429
139.2961783024705 39.14848581088225 0 0 39.14848581088225 49.52727259532514 -10.3787867844429
139.294879656689 39.1479841704144 0 0 39.1479841704144 49.52677095485731 -10.3787867844429
139.294879656689 39.1479841704144 0 0 39.1479841704144 49.52677095485731 -10.3787867844429
139.3176736235828 39.14700649441747 0 0 39.14700649441747 49.52579327886036 -10.3787867844429
139.3176736235828 39.14700649441747 0 0 39.14700649441747 49.52579327886036 -10.3787867844429
139.3176736235828 39.14700649441747 0 0 39.14700649441747 49.52579327886036 -10.3787867844429
139.3176736235828 39.14700649441747 0 0 39.14700649441747 49.52579327886036 -10.3787867844429
139.3076683781243 39.14538473082041 0 0 39.14538473082041 49.5241715152633 -10.3787867844429
139.3076683781243 39.14538473082041 0 0 39.14538473082041 49.5241715152633 -10.3787867844429
139.0110879200113 39.14376930968805 0 0 39.14376930968805 49.52255609413096 -10.3787867844429
139.0110879200113 39.14376930968805 0 0 39.14376930968805 49.52255609413096 -10.3787867844429
139.0110879200113 39.14376930968805 0 0 39.14376930968805 49.52255609413096 -10.3787867844429
139.0110879200113 39.14376930968805 0 0 39.14376930968805 49.52255609413096 -10.3787867844429
139.0110879200113 39.14376930968805 0 0 39.14376930968805 49.52255609413096 -10.3787867844429
139.0110879200113 39.14376930968805 0 0 39.14376930968805 49.52255609413096 -10.3787867844429
139.0110879200113 39.14376930968805 0 0 39.14376930968805 49.52255609413096 -10.3787867844429
139.0110879200113 39.14376930968805 0 0 39.14376930968805 49.52255609413096 -10.3787867844429
139.0110879200113 39.14376930968805 0 0 39.14376930968805 49.52255609413096 -10.3787867844429
139.0017583591963 39.14513093219307 0 0 39.14513093219307 49.52391771663597 -10.3787867844429
139.0017583591963 39.14513093219307 0 0 39.14513093219307 49.52391771663597 -10.3787867844429
139.0017583591963 39.14513093219307 0 0 39.14513093219307 49.52391771663597 -10.3787867844429
139.0017583591963 39.14513093219307 0 0 39.14513093219307 49.52391771663597 -10.3787867844429
138.998609236634 39.14569686864527 0 0 39.14569686864527 49.52448365308817 -10.3787867844429
138.998609236634 39.14569686864527 0 0 39.14569686864527 49.52448365308817 -10.3787867844429
138.998609236634 39.14569686864527 0 0 39.14569686864527 49.52448365308817 -10.3787867844429
138.998609236634 39.14569686864527 0 0 39.14569686864527 49.52448365308817 -10.3787867844429
138.998609236634 39.14569686864527 0 0 39.14569686864527 49.52448365308817 -10.3787867844429
138.998609236634 39.14569686864527 0 0 39.14569686864527 49.52448365308817 -10.3787867844429
138.998609236634 39.14569686864527 0 0 39.14569686864527 49.52448365308817 -10.3787867844429
138.5049677896343 39.14329072675206 0 0 39.14329072675206 49.52207751119495 -10.3787867844429
138.5332895793257 39.14347892595971 0 0 39.14347892595971 49.52226571040261 -10.3787867844429
138.5332895793257 39.14347892595971 0 0 39.14347892595971 49.52226571040261 -10.3787867844429
138.5332895793257 39.14347892595971 0 0 39.14347892595971 49.52226571040261 -10.3787867844429
138.5332895793257 39.14347892595971 0 0 39.14347892595971 49.52226571040261 -10.3787867844429
138.5332895793257 39.14347892595971 0 0 39.14347892595971 49.52226571040261 -10.3787867844429
138.5332895793257 39.14347892595971 0 0 39.14347892595971 49.52226571040261 -10.3787867844429
138.5332895793257 39.14347892595971 0 0 39.14347892595971 49.52226571040261 -10.3787867844429
138.5332895793257 39.14347892595971 0 0 39.14347892595971 49.52226571040261 -10.3787867844429
138.527865222592 39.14275267996861 0 0 39.14275267996861 49.5215394644115 -10.3787867844429
138.4978410623536 39.14306928422566 0 0 39.14306928422566 49.52185606866855 -10.3787867844429
138.4978410623536 39.14306928422566 0 0 39.14306928422566 49.52185606866855 -10.3787867844429
138.4945983912339 39.13942997691181 0 0 39.13942997691181 49.51821676135471 -10.3787867844429
138.499965618186 39.14154180896749 0 0 39.14154180896749 49.52032859341038 -10.3787867844429
139.1185793147949 39.13990642816493 0 0 39.13990642816493 49.51869321260783 -10.3787867844429
139.1185793147949 39.13990642816493 0 0 39.13990642816493 49.51869321260783 -10.3787867844429
139.1185793147949 39.13990642816493 0 0 39.13990642816493 49.51869321260783 -10.3787867844429
139.1185793147949 39.13990642816493 0 0 39.13990642816493 49.51869321260783 -10.3787867844429
139.1185793147949 39.13990642816493 0 0 39.13990642816493 49.51869321260783 -10.3787867844429
139.1012893846362 39.13986121949907 0 0 39.13986121949907 49.51864800394197 -10.3787867844429
139.1047626815786 39.14095117003878 0 0 39.14095117003878 49.51973795448167 -10.3787867844429
139.0947777401837 39.14085088958385 0 0 39.14085088958385 49.51963767402675 -10.3787867844429
139.092245805705 39.14099402137958 0 0 39.14099402137958 49.51978080582249 -10.3787867844429
139.092245805705 39.14099402137958 0 0 39.14099402137958 49.51978080582249 -10.3787867844429
139.0877462416487 39.1404870124373 0 0 39.1404870124373 49.5192737968802 -10.3787867844429
139.0859605537433 39.14227050958502 0 0 39.14227050958502 49.52105729402792 -10.3787867844429
139.0859691161334 39.14153556926141 0 0 39.14153556926141 49.52032235370431 -10.3787867844429
139.0859691161334 39.14153556926141 0 0 39.14153556926141 49.52032235370431 -10.3787867844429
139.0973976736316 39.14182284793434 0 0 39.14182284793434 49.52060963237723 -10.3787867844429
139.0912355229189 39.1430705991616 0 0 39.1430705991616 49.52185738360451 -10.3787867844429
139.1051369640017 39.14438890027452 0 0 39.14438890027452 49.52317568471742 -10.3787867844429
138.79638439941 39.14953439254491 0 0 39.14953439254491 49.5283211769878 -10.3787867844429
138.8066909340261 39.14943403522045 0 0 39.14943403522045 49.52822081966335 -10.3787867844429
138.7997441641612 39.14944186668211 0 0 39.14944186668211 49.528228651125 -10.3787867844429
138.7997441641612 39.14944186668211 0 0 39.14944186668211 49.528228651125 -10.3787867844429
138.7997441641612 39.14944186668211 0 0 39.14944186668211 49.528228651125 -10.3787867844429
138.7997441641612 39.14944186668211 0 0 39.14944186668211 49.528228651125 -10.3787867844429
138.7997441641612 39.14944186668211 0 0 39.14944186668211 49.528228651125 -10.3787867844429
138.7997441641612 39.14944186668211 0 0 39.14944186668211 49.528228651125 -10.3787867844429
138.8568530316345 39.1473852360205 0 0 39.1473852360205 49.52617202046339 -10.3787867844429
138.8568530316345 39.1473852360205 0 0 39.1473852360205 49.52617202046339 -10.3787867844429
139.99952165665 39.15294241158901 0 0 39.15294241158901 49.53172919603191 -10.3787867844429
139.99952165665 39.15294241158901 0 0 39.15294241158901 49.53172919603191 -10.3787867844429
139.99952165665 39.15294241158901 0 0 39.15294241158901 49.53172919603191 -10.3787867844429
