totalLogLikelihoodDensity totalLogPriorDensity H1NoiseLogPriorDensity L1NoiseLogPriorDensity gwLogPriorDensity gwExtrinsicLogPriorDensityTracker gwCbcLogPriorDensityTracker
95.33946125654158 44.09521409535402 0 0 44.09521409535402 54.47400087979692 -10.3787867844429
138.2012448502592 39.15690088971803 0 0 39.15690088971803 49.53568767416093 -10.3787867844429
138.2012448502592 39.15690088971803 0 0 39.15690088971803 49.53568767416093 -10.3787867844429
138.2012448502592 39.15690088971803 0 0 39.15690088971803 49.53568767416093 -10.3787867844429
138.2012448502592 39.15690088971803 0 0 39.15690088971803 49.53568767416093 -10.3787867844429
138.2012448502592 39.15690088971803 0 0 39.15690088971803 49.53568767416093 -10.3787867844429
138.2012448502592 39.15690088971803 0 0 39.15690088971803 49.53568767416093 -10.3787867844429
138.2012448502592 39.15690088971803 0 0 39.15690088971803 49.53568767416093 -10.3787867844429
138.2012448502592 39.15690088971803 0 0 39.15690088971803 49.53568767416093 -10.3787867844429
138.2012448502592 39.15690088971803 0 0 39.15690088971803 49.53568767416093 -10.3787867844429
138.2012448502592 39.15690088971803 0 0 39.15690088971803 49.53568767416093 -10.3787867844429
138.2012448502592 39.15690088971803 0 0 39.15690088971803 49.53568767416093 -10.3787867844429
138.2012448502592 39.15690088971803 0 0 39.15690088971803 49.53568767416093 -10.3787867844429
138.2012448502592 39.15690088971803 0 0 39.15690088971803 49.53568767416093 -10.3787867844429
138.2012448502592 39.15690088971803 0 0 39.15690088971803 49.53568767416093 -10.3787867844429
138.2012448502592 39.15690088971803 0 0 39.15690088971803 49.53568767416093 -10.3787867844429
138.2012448502592 39.15690088971803 0 0 39.15690088971803 49.53568767416093 -10.3787867844429
138.2012448502592 39.15690088971803 0 0 39.15690088971803 49.53568767416093 -10.3787867844429
138.2012448502592 39.15690088971803 0 0 39.15690088971803 49.53568767416093 -10.3787867844429
138.2012448502592 39.15690088971803 0 0 39.15690088971803 49.53568767416093 -10.3787867844429
138.2012448502592 39.15690088971803 0 0 39.15690088971803 49.53568767416093 -10.3787867844429
138.2012448502592 39.15690088971803 0 0 39.15690088971803 49.53568767416093 -10.3787867844429
138.2012448502592 39.15690088971803 0 0 39.15690088971803 49.53568767416093 -10.3787867844429
138.2012448502592 39.15690088971803 0 0 39.15690088971803 49.53568767416093 -10.3787867844429
138.2012448502592 39.15690088971803 0 0 39.15690088971803 49.53568767416093 -10.3787867844429
138.2012448502592 39.15690088971803 0 0 39.15690088971803 49.53568767416093 -10.3787867844429
138.2012448502592 39.15690088971803 0 0 39.15690088971803 49.53568767416093 -10.3787867844429
138.2012448502592 39.15690088971803 0 0 39.15690088971803 49.53568767416093 -10.3787867844429
138.2012448502592 39.15690088971803 0 0 39.15690088971803 49.53568767416093 -10.3787867844429
138.2012448502592 39.15690088971803 0 0 39.15690088971803 49.53568767416093 -10.3787867844429
138.2012448502592 39.15690088971803 0 0 39.15690088971803 49.53568767416093 -10.3787867844429
138.2012448502592 39.15690088971803 0 0 39.15690088971803 49.53568767416093 -10.3787867844429
138.2012448502592 39.15690088971803 0 0 39.15690088971803 49.53568767416093 -10.3787867844429
138.2012448502592 39.15690088971803 0 0 39.15690088971803 49.53568767416093 -10.3787867844429
138.2012448502592 39.15690088971803 0 0 39.15690088971803 49.53568767416093 -10.3787867844429
138.2012448502592 39.15690088971803 0 0 39.15690088971803 49.53568767416093 -10.3787867844429
138.2012448502592 39.15690088971803 0 0 39.15690088971803 49.53568767416093 -10.3787867844429
138.2012448502592 39.15690088971803 0 0 39.15690088971803 49.53568767416093 -10.3787867844429
138.2012448502592 39.15690088971803 0 0 39.15690088971803 49.53568767416093 -10.3787867844429
138.2012448502592 39.15690088971803 0 0 39.15690088971803 49.53568767416093 -10.3787867844429
138.2012448502592 39.15690088971803 0 0 39.15690088971803 49.53568767416093 -10.3787867844429
138.2012448502592 39.15690088971803 0 0 39.15690088971803 49.53568767416093 -10.3787867844429
138.2012448502592 39.15690088971803 0 0 39.15690088971803 49.53568767416093 -10.3787867844429
138.2012448502592 39.15690088971803 0 0 39.15690088971803 49.53568767416093 -10.3787867844429
138.2012448502592 39.15690088971803 0 0 39.15690088971803 49.53568767416093 -10.3787867844429
138.2012448502592 39.15690088971803 0 0 39.15690088971803 49.53568767416093 -10.3787867844429
139.0423068192616 39.15592729789617 0 0 39.15592729789617 49.53471408233907 -10.3787867844429
139.0423068192616 39.15592729789617 0 0 39.15592729789617 49.53471408233907 -10.3787867844429
139.0423068192616 39.15592729789617 0 0 39.15592729789617 49.53471408233907 -10.3787867844429
139.0423068192616 39.15592729789617 0 0 39.15592729789617 49.53471408233907 -10.3787867844429
139.0423068192616 39.15592729789617 0 0 39.15592729789617 49.53471408233907 -10.3787867844429
139.0423068192616 39.15592729789617 0 0 39.15592729789617 49.53471408233907 -10.3787867844429
139.0423068192616 39.15592729789617 0 0 39.15592729789617 49.53471408233907 -10.3787867844429
139.0423068192616 39.15592729789617 0 0 39.15592729789617 49.53471408233907 -10.3787867844429
139.0423068192616 39.15592729789617 0 0 39.15592729789617 49.53471408233907 -10.3787867844429
139.0423068192616 39.15592729789617 0 0 39.15592729789617 49.53471408233907 -10.3787867844429
139.0423068192616 39.15592729789617 0 0 39.15592729789617 49.53471408233907 -10.3787867844429
139.0423068192616 39.15592729789617 0 0 39.15592729789617 49.53471408233907 -10.3787867844429
139.0423068192616 39.15592729789617 0 0 39.15592729789617 49.53471408233907 -10.3787867844429
139.0423068192616 39.15592729789617 0 0 39.15592729789617 49.53471408233907 -10.3787867844429
139.0423068192616 39.15592729789617 0 0 39.15592729789617 49.53471408233907 -10.3787867844429
139.0423068192616 39.15592729789617 0 0 39.15592729789617 49.53471408233907 -10.3787867844429
132.2529144498736 39.1608235608014 0 0 39.1608235608014 49.5396103452443 -10.3787867844429
132.2529144498736 39.1608235608014 0 0 39.1608235608014 49.5396103452443 -10.3787867844429
132.2529144498736 39.1608235608014 0 0 39.1608235608014 49.5396103452443 -10.3787867844429
132.2529144498736 39.1608235608014 0 0 39.1608235608014 49.5396103452443 -10.3787867844429
132.2529144498736 39.1608235608014 0 0 39.1608235608014 49.5396103452443 -10.3787867844429
132.2529144498736 39.1608235608014 0 0 39.1608235608014 49.5396103452443 -10.3787867844429
127.6854158641605 39.16895470858455 0 0 39.16895470858455 49.54774149302744 -10.3787867844429
127.6854158641605 39.16895470858455 0 0 39.16895470858455 49.54774149302744 -10.3787867844429
127.6854158641605 39.16895470858455 0 0 39.16895470858455 49.54774149302744 -10.3787867844429
127.6854158641605 39.16895470858455 0 0 39.16895470858455 49.54774149302744 -10.3787867844429
127.6854158641605 39.16895470858455 0 0 39.16895470858455 49.54774149302744 -10.3787867844429
138.2306132284075 39.16865247331874 0 0 39.16865247331874 49.54743925776164 -10.3787867844429
138.2306132284075 39.16865247331874 0 0 39.16865247331874 49.54743925776164 -10.3787867844429
138.2306132284075 39.16865247331874 0 0 39.16865247331874 49.54743925776164 -10.3787867844429
138.2306132284075 39.16865247331874 0 0 39.16865247331874 49.54743925776164 -10.3787867844429
138.2306132284075 39.16865247331874 0 0 39.16865247331874 49.54743925776164 -10.3787867844429
138.2306132284075 39.16865247331874 0 0 39.16865247331874 49.54743925776164 -10.3787867844429
138.2306132284075 39.16865247331874 0 0 39.16865247331874 49.54743925776164 -10.3787867844429
138.2306132284075 39.16865247331874 0 0 39.16865247331874 49.54743925776164 -10.3787867844429
138.2306132284075 39.16865247331874 0 0 39.16865247331874 49.54743925776164 -10.3787867844429
138.2306132284075 39.16865247331874 0 0 39.16865247331874 49.54743925776164 -10.3787867844429
138.6773403606899 39.16843980297421 0 0 39.16843980297421 49.54722658741711 -10.3787867844429
138.6773403606899 39.16843980297421 0 0 39.16843980297421 49.54722658741711 -10.3787867844429
138.6773403606899 39.16843980297421 0 0 39.16843980297421 49.54722658741711 -10.3787867844429
138.6773403606899 39.16843980297421 0 0 39.16843980297421 49.54722658741711 -10.3787867844429
138.6773403606899 39.16843980297421 0 0 39.16843980297421 49.54722658741711 -10.3787867844429
138.6773403606899 39.16843980297421 0 0 39.16843980297421 49.54722658741711 -10.3787867844429
138.6773403606899 39.16843980297421 0 0 39.16843980297421 49.54722658741711 -10.3787867844429
138.6773403606899 39.16843980297421 0 0 39.16843980297421 49.54722658741711 -10.3787867844429
138.9486455910941 39.1711850788502 0 0 39.1711850788502 49.54997186329309 -10.3787867844429
137.1712201117402 39.16798282977553 0 0 39.16798282977553 49.54676961421842 -10.3787867844429
138.0970046215264 39.16981567784978 0 0 39.16981567784978 49.54860246229268 -10.3787867844429
139.1228386262244 39.17133531852768 0 0 39.17133531852768 49.55012210297058 -10.3787867844429
139.1228386262244 39.17133531852768 0 0 39.17133531852768 49.55012210297058 -10.3787867844429
139.1228386262244 39.17133531852768 0 0 39.17133531852768 49.55012210297058 -10.3787867844429
139.1228386262244 39.17133531852768 0 0 39.17133531852768 49.55012210297058 -10.3787867844429
139.1228386262244 39.17133531852768 0 0 39.17133531852768 49.55012210297058 -10.3787867844429
139.1228386262244 39.17133531852768 0 0 39.17133531852768 49.55012210297058 -10.3787867844429
139.1228386262244 39.17133531852768 0 0 39.17133531852768 49.55012210297058 -10.3787867844429
138.7552521849593 39.17924867403735 0 0 39.17924867403735 49.55803545848025 -10.3787867844429
138.7552521849593 39.17924867403735 0 0 39.17924867403735 49.55803545848025 -10.3787867844429
138.7552521849593 39.17924867403735 0 0 39.17924867403735 49.55803545848025 -10.3787867844429
138.7552521849593 39.17924867403735 0 0 39.17924867403735 49.55803545848025 -10.3787867844429
138.7552521849593 39.17924867403735 0 0 39.17924867403735 49.55803545848025 -10.3787867844429
138.5610075406308 39.17220307998177 0 0 39.17220307998177 49.55098986442467 -10.3787867844429
138.5610075406308 39.17220307998177 0 0 39.17220307998177 49.55098986442467 -10.3787867844429
138.5610075406308 39.17220307998177 0 0 39.17220307998177 49.55098986442467 -10.3787867844429
138.5610075406308 39.17220307998177 0 0 39.17220307998177 49.55098986442467 -10.3787867844429
138.5610075406308 39.17220307998177 0 0 39.17220307998177 49.55098986442467 -10.3787867844429
138.5610075406308 39.17220307998177 0 0 39.17220307998177 49.55098986442467 -10.3787867844429
138.5610075406308 39.17220307998177 0 0 39.17220307998177 49.55098986442467 -10.3787867844429
138.5610075406308 39.17220307998177 0 0 39.17220307998177 49.55098986442467 -10.3787867844429
138.5610075406308 39.17220307998177 0 0 39.17220307998177 49.55098986442467 -10.3787867844429
135.5640599768204 39.16936870033675 0 0 39.16936870033675 49.54815548477965 -10.3787867844429
135.5640599768204 39.16936870033675 0 0 39.16936870033675 49.54815548477965 -10.3787867844429
135.5640599768204 39.16936870033675 0 0 39.16936870033675 49.54815548477965 -10.3787867844429
135.5640599768204 39.16936870033675 0 0 39.16936870033675 49.54815548477965 -10.3787867844429
135.5640599768204 39.16936870033675 0 0 39.16936870033675 49.54815548477965 -10.3787867844429
135.5640599768204 39.16936870033675 0 0 39.16936870033675 49.54815548477965 -10.3787867844429
135.5640599768204 39.16936870033675 0 0 39.16936870033675 49.54815548477965 -10.3787867844429
135.5640599768204 39.16936870033675 0 0 39.16936870033675 49.54815548477965 -10.3787867844429
137.8591708308564 39.16560733178444 0 0 39.16560733178444 49.54439411622734 -10.3787867844429
137.8591708308564 39.16560733178444 0 0 39.16560733178444 49.54439411622734 -10.3787867844429
137.8591708308564 39.16560733178444 0 0 39.16560733178444 49.54439411622734 -10.3787867844429
137.8591708308564 39.16560733178444 0 0 39.16560733178444 49.54439411622734 -10.3787867844429
137.8591708308564 39.16560733178444 0 0 39.16560733178444 49.54439411622734 -10.3787867844429
137.8591708308564 39.16560733178444 0 0 39.16560733178444 49.54439411622734 -10.3787867844429
137.8591708308564 39.16560733178444 0 0 39.16560733178444 49.54439411622734 -10.3787867844429
137.8591708308564 39.16560733178444 0 0 39.16560733178444 49.54439411622734 -10.3787867844429
137.8591708308564 39.16560733178444 0 0 39.16560733178444 49.54439411622734 -10.3787867844429
137.8591708308564 39.16560733178444 0 0 39.16560733178444 49.54439411622734 -10.3787867844429
137.8591708308564 39.16560733178444 0 0 39.16560733178444 49.54439411622734 -10.3787867844429
137.8591708308564 39.16560733178444 0 0 39.16560733178444 49.54439411622734 -10.3787867844429
137.8591708308564 39.16560733178444 0 0 39.16560733178444 49.54439411622734 -10.3787867844429
137.8591708308564 39.16560733178444 0 0 39.16560733178444 49.54439411622734 -10.3787867844429
137.8591708308564 39.16560733178444 0 0 39.16560733178444 49.54439411622734 -10.3787867844429
137.8591708308564 39.16560733178444 0 0 39.16560733178444 49.54439411622734 -10.3787867844429
137.8591708308564 39.16560733178444 0 0 39.16560733178444 49.54439411622734 -10.3787867844429
137.8591708308564 39.16560733178444 0 0 39.16560733178444 49.54439411622734 -10.3787867844429
138.6988894201377 39.16504275634804 0 0 39.16504275634804 49.54382954079095 -10.3787867844429
138.6988894201377 39.16504275634804 0 0 39.16504275634804 49.54382954079095 -10.3787867844429
138.6988894201377 39.16504275634804 0 0 39.16504275634804 49.54382954079095 -10.3787867844429
138.6988894201377 39.16504275634804 0 0 39.16504275634804 49.54382954079095 -10.3787867844429
138.6988894201377 39.16504275634804 0 0 39.16504275634804 49.54382954079095 -10.3787867844429
138.6988894201377 39.16504275634804 0 0 39.16504275634804 49.54382954079095 -10.3787867844429
138.6988894201377 39.16504275634804 0 0 39.16504275634804 49.54382954079095 -10.3787867844429
138.6988894201377 39.16504275634804 0 0 39.16504275634804 49.54382954079095 -10.3787867844429
138.6988894201377 39.16504275634804 0 0 39.16504275634804 49.54382954079095 -10.3787867844429
138.6988894201377 39.16504275634804 0 0 39.16504275634804 49.54382954079095 -10.3787867844429
138.2613234794355 39.17370518382268 0 0 39.17370518382268 49.55249196826557 -10.3787867844429
138.2613234794355 39.17370518382268 0 0 39.17370518382268 49.55249196826557 -10.3787867844429
138.2613234794355 39.17370518382268 0 0 39.17370518382268 49.55249196826557 -10.3787867844429
138.2613234794355 39.17370518382268 0 0 39.17370518382268 49.55249196826557 -10.3787867844429
138.2613234794355 39.17370518382268 0 0 39.17370518382268 49.55249196826557 -10.3787867844429
138.2613234794355 39.17370518382268 0 0 39.17370518382268 49.55249196826557 -10.3787867844429
138.2613234794355 39.17370518382268 0 0 39.17370518382268 49.55249196826557 -10.3787867844429
138.2613234794355 39.17370518382268 0 0 39.17370518382268 49.55249196826557 -10.3787867844429
138.2613234794355 39.17370518382268 0 0 39.17370518382268 49.55249196826557 -10.3787867844429
138.2613234794355 39.17370518382268 0 0 39.17370518382268 49.55249196826557 -10.3787867844429
138.2613234794355 39.17370518382268 0 0 39.17370518382268 49.55249196826557 -10.3787867844429
138.2613234794355 39.17370518382268 0 0 39.17370518382268 49.55249196826557 -10.3787867844429
138.2613234794355 39.17370518382268 0 0 39.17370518382268 49.55249196826557 -10.3787867844429
138.2613234794355 39.17370518382268 0 0 39.17370518382268 49.55249196826557 -10.3787867844429
138.2613234794355 39.17370518382268 0 0 39.17370518382268 49.55249196826557 -10.3787867844429
138.2613234794355 39.17370518382268 0 0 39.17370518382268 49.55249196826557 -10.3787867844429
138.2613234794355 39.17370518382268 0 0 39.17370518382268 49.55249196826557 -10.3787867844429
138.2613234794355 39.17370518382268 0 0 39.17370518382268 49.55249196826557 -10.3787867844429
138.2613234794355 39.17370518382268 0 0 39.17370518382268 49.55249196826557 -10.3787867844429
138.2613234794355 39.17370518382268 0 0 39.17370518382268 49.55249196826557 -10.3787867844429
138.2613234794355 39.17370518382268 0 0 39.17370518382268 49.55249196826557 -10.3787867844429
138.2613234794355 39.17370518382268 0 0 39.17370518382268 49.55249196826557 -10.3787867844429
138.2613234794355 39.17370518382268 0 0 39.17370518382268 49.55249196826557 -10.3787867844429
138.2613234794355 39.17370518382268 0 0 39.17370518382268 49.55249196826557 -10.3787867844429
138.2613234794355 39.17370518382268 0 0 39.17370518382268 49.55249196826557 -10.3787867844429
138.523995474656 39.17355636893497 0 0 39.17355636893497 49.55234315337787 -10.3787867844429
138.4428037298869 39.17503811655861 0 0 39.17503811655861 49.55382490100151 -10.3787867844429
138.4428037298869 39.17503811655861 0 0 39.17503811655861 49.55382490100151 -10.3787867844429
138.4428037298869 39.17503811655861 0 0 39.17503811655861 49.55382490100151 -10.3787867844429
138.4428037298869 39.17503811655861 0 0 39.17503811655861 49.55382490100151 -10.3787867844429
138.4428037298869 39.17503811655861 0 0 39.17503811655861 49.55382490100151 -10.3787867844429
138.4428037298869 39.17503811655861 0 0 39.17503811655861 49.55382490100151 -10.3787867844429
138.4428037298869 39.17503811655861 0 0 39.17503811655861 49.55382490100151 -10.3787867844429
138.4428037298869 39.17503811655861 0 0 39.17503811655861 49.55382490100151 -10.3787867844429
138.4428037298869 39.17503811655861 0 0 39.17503811655861 49.55382490100151 -10.3787867844429
138.4428037298869 39.17503811655861 0 0 39.17503811655861 49.55382490100151 -10.3787867844429
138.4428037298869 39.17503811655861 0 0 39.17503811655861 49.55382490100151 -10.3787867844429
138.4428037298869 39.17503811655861 0 0 39.17503811655861 49.55382490100151 -10.3787867844429
137.2190035071419 39.18172308769778 0 0 39.18172308769778 49.56050987214067 -10.3787867844429
137.2190035071419 39.18172308769778 0 0 39.18172308769778 49.56050987214067 -10.3787867844429
137.2190035071419 39.18172308769778 0 0 39.18172308769778 49.56050987214067 -10.3787867844429
137.2190035071419 39.18172308769778 0 0 39.18172308769778 49.56050987214067 -10.3787867844429
137.2190035071419 39.18172308769778 0 0 39.18172308769778 49.56050987214067 -10.3787867844429
137.2190035071419 39.18172308769778 0 0 39.18172308769778 49.56050987214067 -10.3787867844429
137.2190035071419 39.18172308769778 0 0 39.18172308769778 49.56050987214067 -10.3787867844429
137.2190035071419 39.18172308769778 0 0 39.18172308769778 49.56050987214067 -10.3787867844429
137.2190035071419 39.18172308769778 0 0 39.18172308769778 49.56050987214067 -10.3787867844429
137.2190035071419 39.18172308769778 0 0 39.18172308769778 49.56050987214067 -10.3787867844429
137.2190035071419 39.18172308769778 0 0 39.18172308769778 49.56050987214067 -10.3787867844429
137.2190035071419 39.18172308769778 0 0 39.18172308769778 49.56050987214067 -10.3787867844429
137.2190035071419 39.18172308769778 0 0 39.18172308769778 49.56050987214067 -10.3787867844429
137.2190035071419 39.18172308769778 0 0 39.18172308769778 49.56050987214067 -10.3787867844429
137.2190035071419 39.18172308769778 0 0 39.18172308769778 49.56050987214067 -10.3787867844429
137.2190035071419 39.18172308769778 0 0 39.18172308769778 49.56050987214067 -10.3787867844429
137.1836233348529 39.181299472185 0 0 39.181299472185 49.5600862566279 -10.3787867844429
137.3023597790811 39.18089616629617 0 0 39.18089616629617 49.55968295073907 -10.3787867844429
137.3023597790811 39.18089616629617 0 0 39.18089616629617 49.55968295073907 -10.3787867844429
137.3023597790811 39.18089616629617 0 0 39.18089616629617 49.55968295073907 -10.3787867844429
137.3023597790811 39.18089616629617 0 0 39.18089616629617 49.55968295073907 -10.3787867844429
137.3023597790811 39.18089616629617 0 0 39.18089616629617 49.55968295073907 -10.3787867844429
137.2980543046747 39.18084298012785 0 0 39.18084298012785 49.55962976457074 -10.3787867844429
137.2980543046747 39.18084298012785 0 0 39.18084298012785 49.55962976457074 -10.3787867844429
134.916448071626 39.18630255043199 0 0 39.18630255043199 49.56508933487488 -10.3787867844429
134.916448071626 39.18630255043199 0 0 39.18630255043199 49.56508933487488 -10.3787867844429
134.916448071626 39.18630255043199 0 0 39.18630255043199 49.56508933487488 -10.3787867844429
134.916448071626 39.18630255043199 0 0 39.18630255043199 49.56508933487488 -10.3787867844429
134.916448071626 39.18630255043199 0 0 39.18630255043199 49.56508933487488 -10.3787867844429
134.916448071626 39.18630255043199 0 0 39.18630255043199 49.56508933487488 -10.3787867844429
134.916448071626 39.18630255043199 0 0 39.18630255043199 49.56508933487488 -10.3787867844429
134.916448071626 39.18630255043199 0 0 39.18630255043199 49.56508933487488 -10.3787867844429
137.4462525025085 39.18396808497278 0 0 39.18396808497278 49.56275486941567 -10.3787867844429
137.4462525025085 39.18396808497278 0 0 39.18396808497278 49.56275486941567 -10.3787867844429
139.8916147211878 39.18825098919375 0 0 39.18825098919375 49.56703777363664 -10.3787867844429
139.8916147211878 39.18825098919375 0 0 39.18825098919375 49.56703777363664 -10.3787867844429
139.8916147211878 39.18825098919375 0 0 39.18825098919375 49.56703777363664 -10.3787867844429
139.8916147211878 39.18825098919375 0 0 39.18825098919375 49.56703777363664 -10.3787867844429
139.8916147211878 39.18825098919375 0 0 39.18825098919375 49.56703777363664 -10.3787867844429
139.8916147211878 39.18825098919375 0 0 39.18825098919375 49.56703777363664 -10.3787867844429
139.8916147211878 39.18825098919375 0 0 39.18825098919375 49.56703777363664 -10.3787867844429
139.8916147211878 39.18825098919375 0 0 39.18825098919375 49.56703777363664 -10.3787867844429
139.8916147211878 39.18825098919375 0 0 39.18825098919375 49.56703777363664 -10.3787867844429
139.8916147211878 39.18825098919375 0 0 39.18825098919375 49.56703777363664 -10.3787867844429
139.8916147211878 39.18825098919375 0 0 39.18825098919375 49.56703777363664 -10.3787867844429
139.8916147211878 39.18825098919375 0 0 39.18825098919375 49.56703777363664 -10.3787867844429
139.8916147211878 39.18825098919375 0 0 39.18825098919375 49.56703777363664 -10.3787867844429
139.8916147211878 39.18825098919375 0 0 39.18825098919375 49.56703777363664 -10.3787867844429
139.8916147211878 39.18825098919375 0 0 39.18825098919375 49.56703777363664 -10.3787867844429
139.8916147211878 39.18825098919375 0 0 39.18825098919375 49.56703777363664 -10.3787867844429
139.8916147211878 39.18825098919375 0 0 39.18825098919375 49.56703777363664 -10.3787867844429
139.8916147211878 39.18825098919375 0 0 39.18825098919375 49.56703777363664 -10.3787867844429
139.8916147211878 39.18825098919375 0 0 39.18825098919375 49.56703777363664 -10.3787867844429
139.8916147211878 39.18825098919375 0 0 39.18825098919375 49.56703777363664 -10.3787867844429
139.8916147211878 39.18825098919375 0 0 39.18825098919375 49.56703777363664 -10.3787867844429
139.8916147211878 39.18825098919375 0 0 39.18825098919375 49.56703777363664 -10.3787867844429
139.8916147211878 39.18825098919375 0 0 39.18825098919375 49.56703777363664 -10.3787867844429
139.8916147211878 39.18825098919375 0 0 39.18825098919375 49.56703777363664 -10.3787867844429
139.8916147211878 39.18825098919375 0 0 39.18825098919375 49.56703777363664 -10.3787867844429
139.8916147211878 39.18825098919375 0 0 39.18825098919375 49.56703777363664 -10.3787867844429
139.8916147211878 39.18825098919375 0 0 39.18825098919375 49.56703777363664 -10.3787867844429
139.8916147211878 39.18825098919375 0 0 39.18825098919375 49.56703777363664 -10.3787867844429
139.8916147211878 39.18825098919375 0 0 39.18825098919375 49.56703777363664 -10.3787867844429
139.8916147211878 39.18825098919375 0 0 39.18825098919375 49.56703777363664 -10.3787867844429
139.8916147211878 39.18825098919375 0 0 39.18825098919375 49.56703777363664 -10.3787867844429
139.8916147211878 39.18825098919375 0 0 39.18825098919375 49.56703777363664 -10.3787867844429
139.8916147211878 39.18825098919375 0 0 39.18825098919375 49.56703777363664 -10.3787867844429
139.8916147211878 39.18825098919375 0 0 39.18825098919375 49.56703777363664 -10.3787867844429
139.8916147211878 39.18825098919375 0 0 39.18825098919375 49.56703777363664 -10.3787867844429
139.8916147211878 39.18825098919375 0 0 39.18825098919375 49.56703777363664 -10.3787867844429
139.8916147211878 39.18825098919375 0 0 39.18825098919375 49.56703777363664 -10.3787867844429
139.8916147211878 39.18825098919375 0 0 39.18825098919375 49.56703777363664 -10.3787867844429
139.8916147211878 39.18825098919375 0 0 39.18825098919375 49.56703777363664 -10.3787867844429
139.8916147211878 39.18825098919375 0 0 39.18825098919375 49.56703777363664 -10.3787867844429
139.8916147211878 39.18825098919375 0 0 39.18825098919375 49.56703777363664 -10.3787867844429
139.8916147211878 39.18825098919375 0 0 39.18825098919375 49.56703777363664 -10.3787867844429
139.8916147211878 39.18825098919375 0 0 39.18825098919375 49.56703777363664 -10.3787867844429
139.8916147211878 39.18825098919375 0 0 39.18825098919375 49.56703777363664 -10.3787867844429
139.8916147211878 39.18825098919375 0 0 39.18825098919375 49.56703777363664 -10.3787867844429
139.8916147211878 39.18825098919375 0 0 39.18825098919375 49.56703777363664 -10.3787867844429
139.8916147211878 39.18825098919375 0 0 39.18825098919375 49.56703777363664 -10.3787867844429
139.8916147211878 39.18825098919375 0 0 39.18825098919375 49.56703777363664 -10.3787867844429
139.8916147211878 39.18825098919375 0 0 39.18825098919375 49.56703777363664 -10.3787867844429
139.8902843641332 39.19403568746003 0 0 39.19403568746003 49.57282247190293 -10.3787867844429
139.9009451116267 39.19816413582006 0 0 39.19816413582006 49.57695092026296 -10.3787867844429
139.9035991025704 39.19862252435613 0 0 39.19862252435613 49.57740930879903 -10.3787867844429
139.8924109810695 39.19889161962328 0 0 39.19889161962328 49.57767840406618 -10.3787867844429
139.42017974776 39.20261251358653 0 0 39.20261251358653 49.58139929802943 -10.3787867844429
139.42017974776 39.20261251358653 0 0 39.20261251358653 49.58139929802943 -10.3787867844429
139.42017974776 39.20261251358653 0 0 39.20261251358653 49.58139929802943 -10.3787867844429
139.42017974776 39.20261251358653 0 0 39.20261251358653 49.58139929802943 -10.3787867844429
139.42017974776 39.20261251358653 0 0 39.20261251358653 49.58139929802943 -10.3787867844429
139.42017974776 39.20261251358653 0 0 39.20261251358653 49.58139929802943 -10.3787867844429
139.9578433131404 39.19340662972961 0 0 39.19340662972961 49.57219341417251 -10.3787867844429
139.9578433131404 39.19340662972961 0 0 39.19340662972961 49.57219341417251 -10.3787867844429
139.9578433131404 39.19340662972961 0 0 39.19340662972961 49.57219341417251 -10.3787867844429
139.9578433131404 39.19340662972961 0 0 39.19340662972961 49.57219341417251 -10.3787867844429
139.3659776712623 39.19002838448594 0 0 39.19002838448594 49.56881516892884 -10.3787867844429
139.3659776712623 39.19002838448594 0 0 39.19002838448594 49.56881516892884 -10.3787867844429
139.3659776712623 39.19002838448594 0 0 39.19002838448594 49.56881516892884 -10.3787867844429
139.3659776712623 39.19002838448594 0 0 39.19002838448594 49.56881516892884 -10.3787867844429
139.3659776712623 39.19002838448594 0 0 39.19002838448594 49.56881516892884 -10.3787867844429
139.3659776712623 39.19002838448594 0 0 39.19002838448594 49.56881516892884 -10.3787867844429
139.3659776712623 39.19002838448594 0 0 39.19002838448594 49.56881516892884 -10.3787867844429
139.2107505982962 39.20438990887872 0 0 39.20438990887872 49.58317669332163 -10.3787867844429
139.6256538170576 39.20311588651029 0 0 39.20311588651029 49.58190267095318 -10.3787867844429
139.6256538170576 39.20311588651029 0 0 39.20311588651029 49.58190267095318 -10.3787867844429
139.6256538170576 39.20311588651029 0 0 39.20311588651029 49.58190267095318 -10.3787867844429
139.6256538170576 39.20311588651029 0 0 39.20311588651029 49.58190267095318 -10.3787867844429
139.6256538170576 39.20311588651029 0 0 39.20311588651029 49.58190267095318 -10.3787867844429
139.6256538170576 39.20311588651029 0 0 39.20311588651029 49.58190267095318 -10.3787867844429
139.6256538170576 39.20311588651029 0 0 39.20311588651029 49.58190267095318 -10.3787867844429
139.6256538170576 39.20311588651029 0 0 39.20311588651029 49.58190267095318 -10.3787867844429
139.6256538170576 39.20311588651029 0 0 39.20311588651029 49.58190267095318 -10.3787867844429
139.6256538170576 39.20311588651029 0 0 39.20311588651029 49.58190267095318 -10.3787867844429
139.6256538170576 39.20311588651029 0 0 39.20311588651029 49.58190267095318 -10.3787867844429
139.6256538170576 39.20311588651029 0 0 39.20311588651029 49.58190267095318 -10.3787867844429
139.6256538170576 39.20311588651029 0 0 39.20311588651029 49.58190267095318 -10.3787867844429
139.6256538170576 39.20311588651029 0 0 39.20311588651029 49.58190267095318 -10.3787867844429
139.6256538170576 39.20311588651029 0 0 39.20311588651029 49.58190267095318 -10.3787867844429
139.6256538170576 39.20311588651029 0 0 39.20311588651029 49.58190267095318 -10.3787867844429
139.1820212312191 39.20114926831936 0 0 39.20114926831936 49.57993605276225 -10.3787867844429
139.1820212312191 39.20114926831936 0 0 39.20114926831936 49.57993605276225 -10.3787867844429
139.1820212312191 39.20114926831936 0 0 39.20114926831936 49.57993605276225 -10.3787867844429
139.0126768994704 39.21290085192007 0 0 39.21290085192007 49.59168763636296 -10.3787867844429
139.0126768994704 39.21290085192007 0 0 39.21290085192007 49.59168763636296 -10.3787867844429
139.0126768994704 39.21290085192007 0 0 39.21290085192007 49.59168763636296 -10.3787867844429
139.0126768994704 39.21290085192007 0 0 39.21290085192007 49.59168763636296 -10.3787867844429
139.0126768994704 39.21290085192007 0 0 39.21290085192007 49.59168763636296 -10.3787867844429
139.0126768994704 39.21290085192007 0 0 39.21290085192007 49.59168763636296 -10.3787867844429
139.0126768994704 39.21290085192007 0 0 39.21290085192007 49.59168763636296 -10.3787867844429
139.0126768994704 39.21290085192007 0 0 39.21290085192007 49.59168763636296 -10.3787867844429
139.0126768994704 39.21290085192007 0 0 39.21290085192007 49.59168763636296 -10.3787867844429
139.0126768994704 39.21290085192007 0 0 39.21290085192007 49.59168763636296 -10.3787867844429
139.0126768994704 39.21290085192007 0 0 39.21290085192007 49.59168763636296 -10.3787867844429
139.0126768994704 39.21290085192007 0 0 39.21290085192007 49.59168763636296 -10.3787867844429
139.0126768994704 39.21290085192007 0 0 39.21290085192007 49.59168763636296 -10.3787867844429
139.0126768994704 39.21290085192007 0 0 39.21290085192007 49.59168763636296 -10.3787867844429
139.0126768994704 39.21290085192007 0 0 39.21290085192007 49.59168763636296 -10.3787867844429
139.0126768994704 39.21290085192007 0 0 39.21290085192007 49.59168763636296 -10.3787867844429
139.0271599830577 39.19509918826478 0 0 39.19509918826478 49.57388597270767 -10.3787867844429
139.0271599830577 39.19509918826478 0 0 39.19509918826478 49.57388597270767 -10.3787867844429
139.0271599830577 39.19509918826478 0 0 39.19509918826478 49.57388597270767 -10.3787867844429
139.0271599830577 39.19509918826478 0 0 39.19509918826478 49.57388597270767 -10.3787867844429
139.0271599830577 39.19509918826478 0 0 39.19509918826478 49.57388597270767 -10.3787867844429
139.0271599830577 39.19509918826478 0 0 39.19509918826478 49.57388597270767 -10.3787867844429
139.0271599830577 39.19509918826478 0 0 39.19509918826478 49.57388597270767 -10.3787867844429
139.0271599830577 39.19509918826478 0 0 39.19509918826478 49.57388597270767 -10.3787867844429
139.0271599830577 39.19509918826478 0 0 39.19509918826478 49.57388597270767 -10.3787867844429
138.9321342749862 39.20058886553444 0 0 39.20058886553444 49.57937564997734 -10.3787867844429
138.9321342749862 39.20058886553444 0 0 39.20058886553444 49.57937564997734 -10.3787867844429
138.9321342749862 39.20058886553444 0 0 39.20058886553444 49.57937564997734 -10.3787867844429
138.8640415363472 39.20225505437389 0 0 39.20225505437389 49.58104183881679 -10.3787867844429
138.8554896029931 39.20546966052673 0 0 39.20546966052673 49.58425644496963 -10.3787867844429
139.0113552766382 39.21016470590116 0 0 39.21016470590116 49.58895149034407 -10.3787867844429
139.0089817729546 39.20723089411351 0 0 39.20723089411351 49.58601767855641 -10.3787867844429
138.9901406253632 39.20933843460857 0 0 39.20933843460857 49.58812521905146 -10.3787867844429
138.9901406253632 39.20933843460857 0 0 39.20933843460857 49.58812521905146 -10.3787867844429
138.9901406253632 39.20933843460857 0 0 39.20933843460857 49.58812521905146 -10.3787867844429
138.9901406253632 39.20933843460857 0 0 39.20933843460857 49.58812521905146 -10.3787867844429
138.9901406253632 39.20933843460857 0 0 39.20933843460857 49.58812521905146 -10.3787867844429
138.9901406253632 39.20933843460857 0 0 39.20933843460857 49.58812521905146 -10.3787867844429
138.9901406253632 39.20933843460857 0 0 39.20933843460857 49.58812521905146 -10.3787867844429
138.9901406253632 39.20933843460857 0 0 39.20933843460857 49.58812521905146 -10.3787867844429
138.9901406253632 39.20933843460857 0 0 39.20933843460857 49.58812521905146 -10.3787867844429
138.9901406253632 39.20933843460857 0 0 39.20933843460857 49.58812521905146 -10.3787867844429
138.9901406253632 39.20933843460857 0 0 39.20933843460857 49.58812521905146 -10.3787867844429
138.9778151599035 39.2142226062024 0 0 39.2142226062024 49.5930093906453 -10.3787867844429
138.9778151599035 39.2142226062024 0 0 39.2142226062024 49.5930093906453 -10.3787867844429
138.9916856414679 39.24447430391356 0 0 39.24447430391356 49.62326108835646 -10.3787867844429
138.9916856414679 39.24447430391356 0 0 39.24447430391356 49.62326108835646 -10.3787867844429
138.9916856414679 39.24447430391356 0 0 39.24447430391356 49.62326108835646 -10.3787867844429
138.9916856414679 39.24447430391356 0 0 39.24447430391356 49.62326108835646 -10.3787867844429
138.9916856414679 39.24447430391356 0 0 39.24447430391356 49.62326108835646 -10.3787867844429
138.9916856414679 39.24447430391356 0 0 39.24447430391356 49.62326108835646 -10.3787867844429
138.9916856414679 39.24447430391356 0 0 39.24447430391356 49.62326108835646 -10.3787867844429
138.9916856414679 39.24447430391356 0 0 39.24447430391356 49.62326108835646 -10.3787867844429
138.9916856414679 39.24447430391356 0 0 39.24447430391356 49.62326108835646 -10.3787867844429
138.9916856414679 39.24447430391356 0 0 39.24447430391356 49.62326108835646 -10.3787867844429
138.9916856414679 39.24447430391356 0 0 39.24447430391356 49.62326108835646 -10.3787867844429
138.9916856414679 39.24447430391356 0 0 39.24447430391356 49.62326108835646 -10.3787867844429
138.9916856414679 39.24447430391356 0 0 39.24447430391356 49.62326108835646 -10.3787867844429
138.9916856414679 39.24447430391356 0 0 39.24447430391356 49.62326108835646 -10.3787867844429
138.9916856414679 39.24447430391356 0 0 39.24447430391356 49.62326108835646 -10.3787867844429
138.9916856414679 39.24447430391356 0 0 39.24447430391356 49.62326108835646 -10.3787867844429
138.9916856414679 39.24447430391356 0 0 39.24447430391356 49.62326108835646 -10.3787867844429
138.9916856414679 39.24447430391356 0 0 39.24447430391356 49.62326108835646 -10.3787867844429
138.9916856414679 39.24447430391356 0 0 39.24447430391356 49.62326108835646 -10.3787867844429
138.7746152990362 39.24727451916267 0 0 39.24727451916267 49.62606130360557 -10.3787867844429
138.7746152990362 39.24727451916267 0 0 39.24727451916267 49.62606130360557 -10.3787867844429
138.7746152990362 39.24727451916267 0 0 39.24727451916267 49.62606130360557 -10.3787867844429
133.1463021430338 39.24481625673799 0 0 39.24481625673799 49.62360304118089 -10.3787867844429
133.1231394567485 39.24636009044862 0 0 39.24636009044862 49.62514687489152 -10.3787867844429
133.2133932149266 39.24665381616352 0 0 39.24665381616352 49.62544060060642 -10.3787867844429
133.2965790171484 39.24878200754812 0 0 39.24878200754812 49.62756879199102 -10.3787867844429
133.249385059772 39.25113191964894 0 0 39.25113191964894 49.62991870409184 -10.3787867844429
133.249385059772 39.25113191964894 0 0 39.25113191964894 49.62991870409184 -10.3787867844429
133.1889293589171 39.25161045547769 0 0 39.25161045547769 49.63039723992058 -10.3787867844429
133.1889293589171 39.25161045547769 0 0 39.25161045547769 49.63039723992058 -10.3787867844429
133.1889293589171 39.25161045547769 0 0 39.25161045547769 49.63039723992058 -10.3787867844429
133.1889293589171 39.25161045547769 0 0 39.25161045547769 49.63039723992058 -10.3787867844429
133.1889293589171 39.25161045547769 0 0 39.25161045547769 49.63039723992058 -10.3787867844429
133.1889293589171 39.25161045547769 0 0 39.25161045547769 49.63039723992058 -10.3787867844429
133.1889293589171 39.25161045547769 0 0 39.25161045547769 49.63039723992058 -10.3787867844429
133.1889293589171 39.25161045547769 0 0 39.25161045547769 49.63039723992058 -10.3787867844429
133.1889293589171 39.25161045547769 0 0 39.25161045547769 49.63039723992058 -10.3787867844429
133.1889293589171 39.25161045547769 0 0 39.25161045547769 49.63039723992058 -10.3787867844429
133.1889293589171 39.25161045547769 0 0 39.25161045547769 49.63039723992058 -10.3787867844429
133.1889293589171 39.25161045547769 0 0 39.25161045547769 49.63039723992058 -10.3787867844429
133.1889293589171 39.25161045547769 0 0 39.25161045547769 49.63039723992058 -10.3787867844429
133.1889293589171 39.25161045547769 0 0 39.25161045547769 49.63039723992058 -10.3787867844429
133.1889293589171 39.25161045547769 0 0 39.25161045547769 49.63039723992058 -10.3787867844429
133.1889293589171 39.25161045547769 0 0 39.25161045547769 49.63039723992058 -10.3787867844429
133.1889293589171 39.25161045547769 0 0 39.25161045547769 49.63039723992058 -10.3787867844429
133.1889293589171 39.25161045547769 0 0 39.25161045547769 49.63039723992058 -10.3787867844429
133.1889293589171 39.25161045547769 0 0 39.25161045547769 49.63039723992058 -10.3787867844429
138.8933769273708 39.25076265669937 0 0 39.25076265669937 49.62954944114226 -10.3787867844429
138.8610769530253 39.25723856597763 0 0 39.25723856597763 49.63602535042053 -10.3787867844429
138.8237432015537 39.26447299526133 0 0 39.26447299526133 49.64325977970423 -10.3787867844429
138.8237432015537 39.26447299526133 0 0 39.26447299526133 49.64325977970423 -10.3787867844429
138.8237432015537 39.26447299526133 0 0 39.26447299526133 49.64325977970423 -10.3787867844429
138.8067655174027 39.25883027081547 0 0 39.25883027081547 49.63761705525836 -10.3787867844429
138.8067655174027 39.25883027081547 0 0 39.25883027081547 49.63761705525836 -10.3787867844429
138.79970716731 39.25457376876933 0 0 39.25457376876933 49.63336055321223 -10.3787867844429
138.8377341613765 39.25388400475134 0 0 39.25388400475134 49.63267078919424 -10.3787867844429
138.7159790362436 39.25377371797339 0 0 39.25377371797339 49.63256050241629 -10.3787867844429
138.7044845102436 39.25417786425007 0 0 39.25417786425007 49.63296464869297 -10.3787867844429
138.7278313678904 39.25625174172929 0 0 39.25625174172929 49.63503852617218 -10.3787867844429
138.7278313678904 39.25625174172929 0 0 39.25625174172929 49.63503852617218 -10.3787867844429
138.6925275684072 39.25896835341864 0 0 39.25896835341864 49.63775513786153 -10.3787867844429
138.6753534499522 39.25876390889754 0 0 39.25876390889754 49.63755069334044 -10.3787867844429
138.6717277323944 39.25602734931375 0 0 39.25602734931375 49.63481413375665 -10.3787867844429
138.6717277323944 39.25602734931375 0 0 39.25602734931375 49.63481413375665 -10.3787867844429
138.6717277323944 39.25602734931375 0 0 39.25602734931375 49.63481413375665 -10.3787867844429
138.6717277323944 39.25602734931375 0 0 39.25602734931375 49.63481413375665 -10.3787867844429
138.6717277323944 39.25602734931375 0 0 39.25602734931375 49.63481413375665 -10.3787867844429
139.1702281306601 39.24903047155863 0 0 39.24903047155863 49.62781725600153 -10.3787867844429
139.1702281306601 39.24903047155863 0 0 39.24903047155863 49.62781725600153 -10.3787867844429
139.1703230825926 39.25365340991893 0 0 39.25365340991893 49.63244019436182 -10.3787867844429
139.2027730878738 39.25419751633611 0 0 39.25419751633611 49.63298430077901 -10.3787867844429
139.2027730878738 39.25419751633611 0 0 39.25419751633611 49.63298430077901 -10.3787867844429
139.2027730878738 39.25419751633611 0 0 39.25419751633611 49.63298430077901 -10.3787867844429
139.3716242279418 39.25535980701457 0 0 39.25535980701457 49.63414659145747 -10.3787867844429
139.406000655618 39.25612222186263 0 0 39.25612222186263 49.63490900630552 -10.3787867844429
139.4209884696544 39.25394931238382 0 0 39.25394931238382 49.63273609682672 -10.3787867844429
139.4209884696544 39.25394931238382 0 0 39.25394931238382 49.63273609682672 -10.3787867844429
139.4037519753504 39.25794261877891 0 0 39.25794261877891 49.63672940322181 -10.3787867844429
137.444534474277 39.25652928283382 0 0 39.25652928283382 49.63531606727673 -10.3787867844429
137.444534474277 39.25652928283382 0 0 39.25652928283382 49.63531606727673 -10.3787867844429
137.444534474277 39.25652928283382 0 0 39.25652928283382 49.63531606727673 -10.3787867844429
137.444534474277 39.25652928283382 0 0 39.25652928283382 49.63531606727673 -10.3787867844429
137.444534474277 39.25652928283382 0 0 39.25652928283382 49.63531606727673 -10.3787867844429
137.444534474277 39.25652928283382 0 0 39.25652928283382 49.63531606727673 -10.3787867844429
138.8018689988805 39.30377028568833 0 0 39.30377028568833 49.68255707013123 -10.3787867844429
138.8018689988805 39.30377028568833 0 0 39.30377028568833 49.68255707013123 -10.3787867844429
138.8018689988805 39.30377028568833 0 0 39.30377028568833 49.68255707013123 -10.3787867844429
138.8018689988805 39.30377028568833 0 0 39.30377028568833 49.68255707013123 -10.3787867844429
138.8007303019672 39.30932489707968 0 0 39.30932489707968 49.68811168152258 -10.3787867844429
138.8182052266567 39.30819179048463 0 0 39.30819179048463 49.68697857492753 -10.3787867844429
138.7963061410686 39.30699502279685 0 0 39.30699502279685 49.68578180723975 -10.3787867844429
138.8822530711874 39.30495544639946 0 0 39.30495544639946 49.68374223084236 -10.3787867844429
138.8965249156057 39.29995385048355 0 0 39.29995385048355 49.67874063492644 -10.3787867844429
138.8965249156057 39.29995385048355 0 0 39.29995385048355 49.67874063492644 -10.3787867844429
138.8965249156057 39.29995385048355 0 0 39.29995385048355 49.67874063492644 -10.3787867844429
138.8965249156057 39.29995385048355 0 0 39.29995385048355 49.67874063492644 -10.3787867844429
138.8965249156057 39.29995385048355 0 0 39.29995385048355 49.67874063492644 -10.3787867844429
138.8965249156057 39.29995385048355 0 0 39.29995385048355 49.67874063492644 -10.3787867844429
138.8965249156057 39.29995385048355 0 0 39.29995385048355 49.67874063492644 -10.3787867844429
138.8965249156057 39.29995385048355 0 0 39.29995385048355 49.67874063492644 -10.3787867844429
138.8965249156057 39.29995385048355 0 0 39.29995385048355 49.67874063492644 -10.3787867844429
138.8965249156057 39.29995385048355 0 0 39.29995385048355 49.67874063492644 -10.3787867844429
138.8965249156057 39.29995385048355 0 0 39.29995385048355 49.67874063492644 -10.3787867844429
138.8965249156057 39.29995385048355 0 0 39.29995385048355 49.67874063492644 -10.3787867844429
138.8965249156057 39.29995385048355 0 0 39.29995385048355 49.67874063492644 -10.3787867844429
138.8965249156057 39.29995385048355 0 0 39.29995385048355 49.67874063492644 -10.3787867844429
138.8965249156057 39.29995385048355 0 0 39.29995385048355 49.67874063492644 -10.3787867844429
138.8965249156057 39.29995385048355 0 0 39.29995385048355 49.67874063492644 -10.3787867844429
138.8965249156057 39.29995385048355 0 0 39.29995385048355 49.67874063492644 -10.3787867844429
138.8965249156057 39.29995385048355 0 0 39.29995385048355 49.67874063492644 -10.3787867844429
138.8965249156057 39.29995385048355 0 0 39.29995385048355 49.67874063492644 -10.3787867844429
138.8965249156057 39.29995385048355 0 0 39.29995385048355 49.67874063492644 -10.3787867844429
138.8965249156057 39.29995385048355 0 0 39.29995385048355 49.67874063492644 -10.3787867844429
138.901111886203 39.30255167781999 0 0 39.30255167781999 49.68133846226289 -10.3787867844429
138.901111886203 39.30255167781999 0 0 39.30255167781999 49.68133846226289 -10.3787867844429
138.9087009821199 39.29909907280194 0 0 39.29909907280194 49.67788585724483 -10.3787867844429
138.9087009821199 39.29909907280194 0 0 39.29909907280194 49.67788585724483 -10.3787867844429
138.869260677019 39.29611513829084 0 0 39.29611513829084 49.67490192273375 -10.3787867844429
138.869260677019 39.29611513829084 0 0 39.29611513829084 49.67490192273375 -10.3787867844429
138.869260677019 39.29611513829084 0 0 39.29611513829084 49.67490192273375 -10.3787867844429
138.869260677019 39.29611513829084 0 0 39.29611513829084 49.67490192273375 -10.3787867844429
138.869260677019 39.29611513829084 0 0 39.29611513829084 49.67490192273375 -10.3787867844429
138.869260677019 39.29611513829084 0 0 39.29611513829084 49.67490192273375 -10.3787867844429
138.8578505353872 39.30002393963585 0 0 39.30002393963585 49.67881072407874 -10.3787867844429
138.8732261550702 39.30215318278624 0 0 39.30215318278624 49.68093996722914 -10.3787867844429
138.8668744685987 39.30712309904386 0 0 39.30712309904386 49.68590988348676 -10.3787867844429
138.7978510846124 39.20421314424469 0 0 39.20421314424469 49.58299992868758 -10.3787867844429
139.5833156092702 39.1908013390818 0 0 39.1908013390818 49.5695881235247 -10.3787867844429
139.5833156092702 39.1908013390818 0 0 39.1908013390818 49.5695881235247 -10.3787867844429
139.5833156092702 39.1908013390818 0 0 39.1908013390818 49.5695881235247 -10.3787867844429
139.676335599067 39.1051200517406 0 0 39.1051200517406 49.48390683618349 -10.3787867844429
139.676335599067 39.1051200517406 0 0 39.1051200517406 49.48390683618349 -10.3787867844429
139.676335599067 39.1051200517406 0 0 39.1051200517406 49.48390683618349 -10.3787867844429
139.676335599067 39.1051200517406 0 0 39.1051200517406 49.48390683618349 -10.3787867844429
139.676335599067 39.1051200517406 0 0 39.1051200517406 49.48390683618349 -10.3787867844429
139.676335599067 39.1051200517406 0 0 39.1051200517406 49.48390683618349 -10.3787867844429
139.676335599067 39.1051200517406 0 0 39.1051200517406 49.48390683618349 -10.3787867844429
139.676335599067 39.1051200517406 0 0 39.1051200517406 49.48390683618349 -10.3787867844429
139.676335599067 39.1051200517406 0 0 39.1051200517406 49.48390683618349 -10.3787867844429
139.676335599067 39.1051200517406 0 0 39.1051200517406 49.48390683618349 -10.3787867844429
139.676335599067 39.1051200517406 0 0 39.1051200517406 49.48390683618349 -10.3787867844429
140.4659252631505 39.10272050288482 0 0 39.10272050288482 49.48150728732772 -10.3787867844429
140.4659252631505 39.10272050288482 0 0 39.10272050288482 49.48150728732772 -10.3787867844429
