totalLogLikelihoodDensity totalLogPriorDensity H1NoiseLogPriorDensity L1NoiseLogPriorDensity gwLogPriorDensity gwExtrinsicLogPriorDensityTracker gwCbcLogPriorDensityTracker
119.742377694958 43.37556684639347 0 0 43.37556684639347 53.75435363083637 -10.3787867844429
119.742377694958 43.37556684639347 0 0 43.37556684639347 53.75435363083637 -10.3787867844429
119.742377694958 43.37556684639347 0 0 43.37556684639347 53.75435363083637 -10.3787867844429
119.742377694958 43.37556684639347 0 0 43.37556684639347 53.75435363083637 -10.3787867844429
119.742377694958 43.37556684639347 0 0 43.37556684639347 53.75435363083637 -10.3787867844429
119.742377694958 43.37556684639347 0 0 43.37556684639347 53.75435363083637 -10.3787867844429
119.742377694958 43.37556684639347 0 0 43.37556684639347 53.75435363083637 -10.3787867844429
119.742377694958 43.37556684639347 0 0 43.37556684639347 53.75435363083637 -10.3787867844429
119.742377694958 43.37556684639347 0 0 43.37556684639347 53.75435363083637 -10.3787867844429
133.7637429105918 43.39385859433135 0 0 43.39385859433135 53.77264537877424 -10.3787867844429
133.7637429105918 43.39385859433135 0 0 43.39385859433135 53.77264537877424 -10.3787867844429
133.7637429105918 43.39385859433135 0 0 43.39385859433135 53.77264537877424 -10.3787867844429
133.7637429105918 43.39385859433135 0 0 43.39385859433135 53.77264537877424 -10.3787867844429
133.7637429105918 43.39385859433135 0 0 43.39385859433135 53.77264537877424 -10.3787867844429
133.7637429105918 43.39385859433135 0 0 43.39385859433135 53.77264537877424 -10.3787867844429
133.7637429105918 43.39385859433135 0 0 43.39385859433135 53.77264537877424 -10.3787867844429
133.7637429105918 43.39385859433135 0 0 43.39385859433135 53.77264537877424 -10.3787867844429
133.7637429105918 43.39385859433135 0 0 43.39385859433135 53.77264537877424 -10.3787867844429
133.7637429105918 43.39385859433135 0 0 43.39385859433135 53.77264537877424 -10.3787867844429
133.7637429105918 43.39385859433135 0 0 43.39385859433135 53.77264537877424 -10.3787867844429
133.7637429105918 43.39385859433135 0 0 43.39385859433135 53.77264537877424 -10.3787867844429
133.7637429105918 43.39385859433135 0 0 43.39385859433135 53.77264537877424 -10.3787867844429
133.7637429105918 43.39385859433135 0 0 43.39385859433135 53.77264537877424 -10.3787867844429
133.7637429105918 43.39385859433135 0 0 43.39385859433135 53.77264537877424 -10.3787867844429
133.7637429105918 43.39385859433135 0 0 43.39385859433135 53.77264537877424 -10.3787867844429
133.7637429105918 43.39385859433135 0 0 43.39385859433135 53.77264537877424 -10.3787867844429
133.7637429105918 43.39385859433135 0 0 43.39385859433135 53.77264537877424 -10.3787867844429
133.7637429105918 43.39385859433135 0 0 43.39385859433135 53.77264537877424 -10.3787867844429
133.7637429105918 43.39385859433135 0 0 43.39385859433135 53.77264537877424 -10.3787867844429
133.7637429105918 43.39385859433135 0 0 43.39385859433135 53.77264537877424 -10.3787867844429
133.7637429105918 43.39385859433135 0 0 43.39385859433135 53.77264537877424 -10.3787867844429
133.7637429105918 43.39385859433135 0 0 43.39385859433135 53.77264537877424 -10.3787867844429
133.7637429105918 43.39385859433135 0 0 43.39385859433135 53.77264537877424 -10.3787867844429
133.7637429105918 43.39385859433135 0 0 43.39385859433135 53.77264537877424 -10.3787867844429
133.7637429105918 43.39385859433135 0 0 43.39385859433135 53.77264537877424 -10.3787867844429
133.7637429105918 43.39385859433135 0 0 43.39385859433135 53.77264537877424 -10.3787867844429
133.7637429105918 43.39385859433135 0 0 43.39385859433135 53.77264537877424 -10.3787867844429
133.7637429105918 43.39385859433135 0 0 43.39385859433135 53.77264537877424 -10.3787867844429
133.7637429105918 43.39385859433135 0 0 43.39385859433135 53.77264537877424 -10.3787867844429
133.7637429105918 43.39385859433135 0 0 43.39385859433135 53.77264537877424 -10.3787867844429
133.7637429105918 43.39385859433135 0 0 43.39385859433135 53.77264537877424 -10.3787867844429
133.7637429105918 43.39385859433135 0 0 43.39385859433135 53.77264537877424 -10.3787867844429
133.7637429105918 43.39385859433135 0 0 43.39385859433135 53.77264537877424 -10.3787867844429
133.7637429105918 43.39385859433135 0 0 43.39385859433135 53.77264537877424 -10.3787867844429
133.7637429105918 43.39385859433135 0 0 43.39385859433135 53.77264537877424 -10.3787867844429
133.7637429105918 43.39385859433135 0 0 43.39385859433135 53.77264537877424 -10.3787867844429
133.7637429105918 43.39385859433135 0 0 43.39385859433135 53.77264537877424 -10.3787867844429
133.7637429105918 43.39385859433135 0 0 43.39385859433135 53.77264537877424 -10.3787867844429
133.7637429105918 43.39385859433135 0 0 43.39385859433135 53.77264537877424 -10.3787867844429
133.7637429105918 43.39385859433135 0 0 43.39385859433135 53.77264537877424 -10.3787867844429
133.7637429105918 43.39385859433135 0 0 43.39385859433135 53.77264537877424 -10.3787867844429
133.7637429105918 43.39385859433135 0 0 43.39385859433135 53.77264537877424 -10.3787867844429
133.7637429105918 43.39385859433135 0 0 43.39385859433135 53.77264537877424 -10.3787867844429
133.7637429105918 43.39385859433135 0 0 43.39385859433135 53.77264537877424 -10.3787867844429
133.7637429105918 43.39385859433135 0 0 43.39385859433135 53.77264537877424 -10.3787867844429
133.7637429105918 43.39385859433135 0 0 43.39385859433135 53.77264537877424 -10.3787867844429
135.6712370890842 43.42456138745619 0 0 43.42456138745619 53.80334817189909 -10.3787867844429
135.6712370890842 43.42456138745619 0 0 43.42456138745619 53.80334817189909 -10.3787867844429
135.6712370890842 43.42456138745619 0 0 43.42456138745619 53.80334817189909 -10.3787867844429
135.6712370890842 43.42456138745619 0 0 43.42456138745619 53.80334817189909 -10.3787867844429
135.6712370890842 43.42456138745619 0 0 43.42456138745619 53.80334817189909 -10.3787867844429
135.6712370890842 43.42456138745619 0 0 43.42456138745619 53.80334817189909 -10.3787867844429
135.6712370890842 43.42456138745619 0 0 43.42456138745619 53.80334817189909 -10.3787867844429
135.6712370890842 43.42456138745619 0 0 43.42456138745619 53.80334817189909 -10.3787867844429
135.6712370890842 43.42456138745619 0 0 43.42456138745619 53.80334817189909 -10.3787867844429
135.6712370890842 43.42456138745619 0 0 43.42456138745619 53.80334817189909 -10.3787867844429
135.6712370890842 43.42456138745619 0 0 43.42456138745619 53.80334817189909 -10.3787867844429
135.6712370890842 43.42456138745619 0 0 43.42456138745619 53.80334817189909 -10.3787867844429
135.6712370890842 43.42456138745619 0 0 43.42456138745619 53.80334817189909 -10.3787867844429
135.6712370890842 43.42456138745619 0 0 43.42456138745619 53.80334817189909 -10.3787867844429
135.6712370890842 43.42456138745619 0 0 43.42456138745619 53.80334817189909 -10.3787867844429
135.6712370890842 43.42456138745619 0 0 43.42456138745619 53.80334817189909 -10.3787867844429
135.6712370890842 43.42456138745619 0 0 43.42456138745619 53.80334817189909 -10.3787867844429
135.6712370890842 43.42456138745619 0 0 43.42456138745619 53.80334817189909 -10.3787867844429
135.6712370890842 43.42456138745619 0 0 43.42456138745619 53.80334817189909 -10.3787867844429
135.6712370890842 43.42456138745619 0 0 43.42456138745619 53.80334817189909 -10.3787867844429
135.6712370890842 43.42456138745619 0 0 43.42456138745619 53.80334817189909 -10.3787867844429
135.6712370890842 43.42456138745619 0 0 43.42456138745619 53.80334817189909 -10.3787867844429
135.6712370890842 43.42456138745619 0 0 43.42456138745619 53.80334817189909 -10.3787867844429
135.6712370890842 43.42456138745619 0 0 43.42456138745619 53.80334817189909 -10.3787867844429
135.6712370890842 43.42456138745619 0 0 43.42456138745619 53.80334817189909 -10.3787867844429
135.6712370890842 43.42456138745619 0 0 43.42456138745619 53.80334817189909 -10.3787867844429
136.93801379603 43.43616144700856 0 0 43.43616144700856 53.81494823145145 -10.3787867844429
136.93801379603 43.43616144700856 0 0 43.43616144700856 53.81494823145145 -10.3787867844429
136.93801379603 43.43616144700856 0 0 43.43616144700856 53.81494823145145 -10.3787867844429
136.93801379603 43.43616144700856 0 0 43.43616144700856 53.81494823145145 -10.3787867844429
136.93801379603 43.43616144700856 0 0 43.43616144700856 53.81494823145145 -10.3787867844429
136.93801379603 43.43616144700856 0 0 43.43616144700856 53.81494823145145 -10.3787867844429
136.93801379603 43.43616144700856 0 0 43.43616144700856 53.81494823145145 -10.3787867844429
136.93801379603 43.43616144700856 0 0 43.43616144700856 53.81494823145145 -10.3787867844429
136.93801379603 43.43616144700856 0 0 43.43616144700856 53.81494823145145 -10.3787867844429
136.93801379603 43.43616144700856 0 0 43.43616144700856 53.81494823145145 -10.3787867844429
136.93801379603 43.43616144700856 0 0 43.43616144700856 53.81494823145145 -10.3787867844429
136.93801379603 43.43616144700856 0 0 43.43616144700856 53.81494823145145 -10.3787867844429
136.93801379603 43.43616144700856 0 0 43.43616144700856 53.81494823145145 -10.3787867844429
136.93801379603 43.43616144700856 0 0 43.43616144700856 53.81494823145145 -10.3787867844429
136.93801379603 43.43616144700856 0 0 43.43616144700856 53.81494823145145 -10.3787867844429
136.93801379603 43.43616144700856 0 0 43.43616144700856 53.81494823145145 -10.3787867844429
136.93801379603 43.43616144700856 0 0 43.43616144700856 53.81494823145145 -10.3787867844429
136.93801379603 43.43616144700856 0 0 43.43616144700856 53.81494823145145 -10.3787867844429
136.93801379603 43.43616144700856 0 0 43.43616144700856 53.81494823145145 -10.3787867844429
136.93801379603 43.43616144700856 0 0 43.43616144700856 53.81494823145145 -10.3787867844429
136.93801379603 43.43616144700856 0 0 43.43616144700856 53.81494823145145 -10.3787867844429
136.93801379603 43.43616144700856 0 0 43.43616144700856 53.81494823145145 -10.3787867844429
136.93801379603 43.43616144700856 0 0 43.43616144700856 53.81494823145145 -10.3787867844429
136.93801379603 43.43616144700856 0 0 43.43616144700856 53.81494823145145 -10.3787867844429
136.93801379603 43.43616144700856 0 0 43.43616144700856 53.81494823145145 -10.3787867844429
136.93801379603 43.43616144700856 0 0 43.43616144700856 53.81494823145145 -10.3787867844429
136.93801379603 43.43616144700856 0 0 43.43616144700856 53.81494823145145 -10.3787867844429
136.93801379603 43.43616144700856 0 0 43.43616144700856 53.81494823145145 -10.3787867844429
136.93801379603 43.43616144700856 0 0 43.43616144700856 53.81494823145145 -10.3787867844429
136.93801379603 43.43616144700856 0 0 43.43616144700856 53.81494823145145 -10.3787867844429
136.93801379603 43.43616144700856 0 0 43.43616144700856 53.81494823145145 -10.3787867844429
136.93801379603 43.43616144700856 0 0 43.43616144700856 53.81494823145145 -10.3787867844429
136.93801379603 43.43616144700856 0 0 43.43616144700856 53.81494823145145 -10.3787867844429
136.93801379603 43.43616144700856 0 0 43.43616144700856 53.81494823145145 -10.3787867844429
136.93801379603 43.43616144700856 0 0 43.43616144700856 53.81494823145145 -10.3787867844429
136.93801379603 43.43616144700856 0 0 43.43616144700856 53.81494823145145 -10.3787867844429
136.93801379603 43.43616144700856 0 0 43.43616144700856 53.81494823145145 -10.3787867844429
136.93801379603 43.43616144700856 0 0 43.43616144700856 53.81494823145145 -10.3787867844429
136.93801379603 43.43616144700856 0 0 43.43616144700856 53.81494823145145 -10.3787867844429
136.93801379603 43.43616144700856 0 0 43.43616144700856 53.81494823145145 -10.3787867844429
136.93801379603 43.43616144700856 0 0 43.43616144700856 53.81494823145145 -10.3787867844429
136.93801379603 43.43616144700856 0 0 43.43616144700856 53.81494823145145 -10.3787867844429
136.93801379603 43.43616144700856 0 0 43.43616144700856 53.81494823145145 -10.3787867844429
136.93801379603 43.43616144700856 0 0 43.43616144700856 53.81494823145145 -10.3787867844429
136.93801379603 43.43616144700856 0 0 43.43616144700856 53.81494823145145 -10.3787867844429
136.93801379603 43.43616144700856 0 0 43.43616144700856 53.81494823145145 -10.3787867844429
136.93801379603 43.43616144700856 0 0 43.43616144700856 53.81494823145145 -10.3787867844429
136.93801379603 43.43616144700856 0 0 43.43616144700856 53.81494823145145 -10.3787867844429
136.93801379603 43.43616144700856 0 0 43.43616144700856 53.81494823145145 -10.3787867844429
136.93801379603 43.43616144700856 0 0 43.43616144700856 53.81494823145145 -10.3787867844429
136.93801379603 43.43616144700856 0 0 43.43616144700856 53.81494823145145 -10.3787867844429
136.93801379603 43.43616144700856 0 0 43.43616144700856 53.81494823145145 -10.3787867844429
136.93801379603 43.43616144700856 0 0 43.43616144700856 53.81494823145145 -10.3787867844429
136.93801379603 43.43616144700856 0 0 43.43616144700856 53.81494823145145 -10.3787867844429
136.93801379603 43.43616144700856 0 0 43.43616144700856 53.81494823145145 -10.3787867844429
136.93801379603 43.43616144700856 0 0 43.43616144700856 53.81494823145145 -10.3787867844429
136.93801379603 43.43616144700856 0 0 43.43616144700856 53.81494823145145 -10.3787867844429
136.93801379603 43.43616144700856 0 0 43.43616144700856 53.81494823145145 -10.3787867844429
136.93801379603 43.43616144700856 0 0 43.43616144700856 53.81494823145145 -10.3787867844429
136.93801379603 43.43616144700856 0 0 43.43616144700856 53.81494823145145 -10.3787867844429
136.93801379603 43.43616144700856 0 0 43.43616144700856 53.81494823145145 -10.3787867844429
136.93801379603 43.43616144700856 0 0 43.43616144700856 53.81494823145145 -10.3787867844429
136.93801379603 43.43616144700856 0 0 43.43616144700856 53.81494823145145 -10.3787867844429
136.93801379603 43.43616144700856 0 0 43.43616144700856 53.81494823145145 -10.3787867844429
136.93801379603 43.43616144700856 0 0 43.43616144700856 53.81494823145145 -10.3787867844429
136.93801379603 43.43616144700856 0 0 43.43616144700856 53.81494823145145 -10.3787867844429
136.93801379603 43.43616144700856 0 0 43.43616144700856 53.81494823145145 -10.3787867844429
136.93801379603 43.43616144700856 0 0 43.43616144700856 53.81494823145145 -10.3787867844429
136.93801379603 43.43616144700856 0 0 43.43616144700856 53.81494823145145 -10.3787867844429
136.93801379603 43.43616144700856 0 0 43.43616144700856 53.81494823145145 -10.3787867844429
136.93801379603 43.43616144700856 0 0 43.43616144700856 53.81494823145145 -10.3787867844429
136.93801379603 43.43616144700856 0 0 43.43616144700856 53.81494823145145 -10.3787867844429
136.93801379603 43.43616144700856 0 0 43.43616144700856 53.81494823145145 -10.3787867844429
136.93801379603 43.43616144700856 0 0 43.43616144700856 53.81494823145145 -10.3787867844429
136.93801379603 43.43616144700856 0 0 43.43616144700856 53.81494823145145 -10.3787867844429
136.93801379603 43.43616144700856 0 0 43.43616144700856 53.81494823145145 -10.3787867844429
136.93801379603 43.43616144700856 0 0 43.43616144700856 53.81494823145145 -10.3787867844429
137.2356641493781 43.44408227803078 0 0 43.44408227803078 53.82286906247368 -10.3787867844429
137.2356641493781 43.44408227803078 0 0 43.44408227803078 53.82286906247368 -10.3787867844429
137.2356641493781 43.44408227803078 0 0 43.44408227803078 53.82286906247368 -10.3787867844429
137.2356641493781 43.44408227803078 0 0 43.44408227803078 53.82286906247368 -10.3787867844429
137.2356641493781 43.44408227803078 0 0 43.44408227803078 53.82286906247368 -10.3787867844429
137.2356641493781 43.44408227803078 0 0 43.44408227803078 53.82286906247368 -10.3787867844429
137.2356641493781 43.44408227803078 0 0 43.44408227803078 53.82286906247368 -10.3787867844429
137.2356641493781 43.44408227803078 0 0 43.44408227803078 53.82286906247368 -10.3787867844429
137.2356641493781 43.44408227803078 0 0 43.44408227803078 53.82286906247368 -10.3787867844429
137.2356641493781 43.44408227803078 0 0 43.44408227803078 53.82286906247368 -10.3787867844429
137.2356641493781 43.44408227803078 0 0 43.44408227803078 53.82286906247368 -10.3787867844429
137.2356641493781 43.44408227803078 0 0 43.44408227803078 53.82286906247368 -10.3787867844429
137.2356641493781 43.44408227803078 0 0 43.44408227803078 53.82286906247368 -10.3787867844429
137.2356641493781 43.44408227803078 0 0 43.44408227803078 53.82286906247368 -10.3787867844429
137.2356641493781 43.44408227803078 0 0 43.44408227803078 53.82286906247368 -10.3787867844429
137.2356641493781 43.44408227803078 0 0 43.44408227803078 53.82286906247368 -10.3787867844429
137.2356641493781 43.44408227803078 0 0 43.44408227803078 53.82286906247368 -10.3787867844429
137.2356641493781 43.44408227803078 0 0 43.44408227803078 53.82286906247368 -10.3787867844429
137.2356641493781 43.44408227803078 0 0 43.44408227803078 53.82286906247368 -10.3787867844429
137.2356641493781 43.44408227803078 0 0 43.44408227803078 53.82286906247368 -10.3787867844429
137.2356641493781 43.44408227803078 0 0 43.44408227803078 53.82286906247368 -10.3787867844429
137.2356641493781 43.44408227803078 0 0 43.44408227803078 53.82286906247368 -10.3787867844429
137.2356641493781 43.44408227803078 0 0 43.44408227803078 53.82286906247368 -10.3787867844429
137.2356641493781 43.44408227803078 0 0 43.44408227803078 53.82286906247368 -10.3787867844429
137.2356641493781 43.44408227803078 0 0 43.44408227803078 53.82286906247368 -10.3787867844429
137.5247769981854 43.42760993912003 0 0 43.42760993912003 53.80639672356293 -10.3787867844429
137.5247769981854 43.42760993912003 0 0 43.42760993912003 53.80639672356293 -10.3787867844429
137.5247769981854 43.42760993912003 0 0 43.42760993912003 53.80639672356293 -10.3787867844429
137.5247769981854 43.42760993912003 0 0 43.42760993912003 53.80639672356293 -10.3787867844429
137.5247769981854 43.42760993912003 0 0 43.42760993912003 53.80639672356293 -10.3787867844429
137.5247769981854 43.42760993912003 0 0 43.42760993912003 53.80639672356293 -10.3787867844429
137.5247769981854 43.42760993912003 0 0 43.42760993912003 53.80639672356293 -10.3787867844429
137.5247769981854 43.42760993912003 0 0 43.42760993912003 53.80639672356293 -10.3787867844429
137.5247769981854 43.42760993912003 0 0 43.42760993912003 53.80639672356293 -10.3787867844429
137.5247769981854 43.42760993912003 0 0 43.42760993912003 53.80639672356293 -10.3787867844429
137.5247769981854 43.42760993912003 0 0 43.42760993912003 53.80639672356293 -10.3787867844429
137.5247769981854 43.42760993912003 0 0 43.42760993912003 53.80639672356293 -10.3787867844429
137.5247769981854 43.42760993912003 0 0 43.42760993912003 53.80639672356293 -10.3787867844429
137.5247769981854 43.42760993912003 0 0 43.42760993912003 53.80639672356293 -10.3787867844429
137.5247769981854 43.42760993912003 0 0 43.42760993912003 53.80639672356293 -10.3787867844429
137.5247769981854 43.42760993912003 0 0 43.42760993912003 53.80639672356293 -10.3787867844429
137.5247769981854 43.42760993912003 0 0 43.42760993912003 53.80639672356293 -10.3787867844429
137.5247769981854 43.42760993912003 0 0 43.42760993912003 53.80639672356293 -10.3787867844429
137.5247769981854 43.42760993912003 0 0 43.42760993912003 53.80639672356293 -10.3787867844429
137.3213525891595 43.42860012768855 0 0 43.42860012768855 53.80738691213145 -10.3787867844429
137.3213525891595 43.42860012768855 0 0 43.42860012768855 53.80738691213145 -10.3787867844429
137.6161734904719 43.43799692938994 0 0 43.43799692938994 53.81678371383284 -10.3787867844429
137.6161734904719 43.43799692938994 0 0 43.43799692938994 53.81678371383284 -10.3787867844429
137.6161734904719 43.43799692938994 0 0 43.43799692938994 53.81678371383284 -10.3787867844429
137.6161734904719 43.43799692938994 0 0 43.43799692938994 53.81678371383284 -10.3787867844429
137.6161734904719 43.43799692938994 0 0 43.43799692938994 53.81678371383284 -10.3787867844429
137.6161734904719 43.43799692938994 0 0 43.43799692938994 53.81678371383284 -10.3787867844429
137.6161734904719 43.43799692938994 0 0 43.43799692938994 53.81678371383284 -10.3787867844429
137.6161734904719 43.43799692938994 0 0 43.43799692938994 53.81678371383284 -10.3787867844429
137.6161734904719 43.43799692938994 0 0 43.43799692938994 53.81678371383284 -10.3787867844429
137.6161734904719 43.43799692938994 0 0 43.43799692938994 53.81678371383284 -10.3787867844429
137.6161734904719 43.43799692938994 0 0 43.43799692938994 53.81678371383284 -10.3787867844429
137.6161734904719 43.43799692938994 0 0 43.43799692938994 53.81678371383284 -10.3787867844429
137.6161734904719 43.43799692938994 0 0 43.43799692938994 53.81678371383284 -10.3787867844429
137.6161734904719 43.43799692938994 0 0 43.43799692938994 53.81678371383284 -10.3787867844429
137.6161734904719 43.43799692938994 0 0 43.43799692938994 53.81678371383284 -10.3787867844429
137.6161734904719 43.43799692938994 0 0 43.43799692938994 53.81678371383284 -10.3787867844429
137.9562990573646 43.43606381216779 0 0 43.43606381216779 53.81485059661068 -10.3787867844429
137.9562990573646 43.43606381216779 0 0 43.43606381216779 53.81485059661068 -10.3787867844429
137.9562990573646 43.43606381216779 0 0 43.43606381216779 53.81485059661068 -10.3787867844429
137.9562990573646 43.43606381216779 0 0 43.43606381216779 53.81485059661068 -10.3787867844429
137.9562990573646 43.43606381216779 0 0 43.43606381216779 53.81485059661068 -10.3787867844429
137.9562990573646 43.43606381216779 0 0 43.43606381216779 53.81485059661068 -10.3787867844429
137.9562990573646 43.43606381216779 0 0 43.43606381216779 53.81485059661068 -10.3787867844429
137.9562990573646 43.43606381216779 0 0 43.43606381216779 53.81485059661068 -10.3787867844429
137.9562990573646 43.43606381216779 0 0 43.43606381216779 53.81485059661068 -10.3787867844429
137.9562990573646 43.43606381216779 0 0 43.43606381216779 53.81485059661068 -10.3787867844429
137.4314250722416 43.39295265116856 0 0 43.39295265116856 53.77173943561145 -10.3787867844429
137.4314250722416 43.39295265116856 0 0 43.39295265116856 53.77173943561145 -10.3787867844429
137.4314250722416 43.39295265116856 0 0 43.39295265116856 53.77173943561145 -10.3787867844429
137.4314250722416 43.39295265116856 0 0 43.39295265116856 53.77173943561145 -10.3787867844429
137.4314250722416 43.39295265116856 0 0 43.39295265116856 53.77173943561145 -10.3787867844429
137.4314250722416 43.39295265116856 0 0 43.39295265116856 53.77173943561145 -10.3787867844429
137.4314250722416 43.39295265116856 0 0 43.39295265116856 53.77173943561145 -10.3787867844429
137.4314250722416 43.39295265116856 0 0 43.39295265116856 53.77173943561145 -10.3787867844429
137.4314250722416 43.39295265116856 0 0 43.39295265116856 53.77173943561145 -10.3787867844429
137.4314250722416 43.39295265116856 0 0 43.39295265116856 53.77173943561145 -10.3787867844429
137.4314250722416 43.39295265116856 0 0 43.39295265116856 53.77173943561145 -10.3787867844429
137.4314250722416 43.39295265116856 0 0 43.39295265116856 53.77173943561145 -10.3787867844429
137.4314250722416 43.39295265116856 0 0 43.39295265116856 53.77173943561145 -10.3787867844429
137.4314250722416 43.39295265116856 0 0 43.39295265116856 53.77173943561145 -10.3787867844429
137.4314250722416 43.39295265116856 0 0 43.39295265116856 53.77173943561145 -10.3787867844429
137.4314250722416 43.39295265116856 0 0 43.39295265116856 53.77173943561145 -10.3787867844429
137.4314250722416 43.39295265116856 0 0 43.39295265116856 53.77173943561145 -10.3787867844429
137.4314250722416 43.39295265116856 0 0 43.39295265116856 53.77173943561145 -10.3787867844429
137.4314250722416 43.39295265116856 0 0 43.39295265116856 53.77173943561145 -10.3787867844429
137.4314250722416 43.39295265116856 0 0 43.39295265116856 53.77173943561145 -10.3787867844429
138.2666531078977 43.39228396623793 0 0 43.39228396623793 53.77107075068083 -10.3787867844429
138.2666531078977 43.39228396623793 0 0 43.39228396623793 53.77107075068083 -10.3787867844429
138.2666531078977 43.39228396623793 0 0 43.39228396623793 53.77107075068083 -10.3787867844429
138.2666531078977 43.39228396623793 0 0 43.39228396623793 53.77107075068083 -10.3787867844429
138.3941172561794 43.39195100468484 0 0 43.39195100468484 53.77073778912774 -10.3787867844429
138.3941172561794 43.39195100468484 0 0 43.39195100468484 53.77073778912774 -10.3787867844429
138.3941172561794 43.39195100468484 0 0 43.39195100468484 53.77073778912774 -10.3787867844429
138.3941172561794 43.39195100468484 0 0 43.39195100468484 53.77073778912774 -10.3787867844429
138.3941172561794 43.39195100468484 0 0 43.39195100468484 53.77073778912774 -10.3787867844429
138.3941172561794 43.39195100468484 0 0 43.39195100468484 53.77073778912774 -10.3787867844429
138.3941172561794 43.39195100468484 0 0 43.39195100468484 53.77073778912774 -10.3787867844429
138.3941172561794 43.39195100468484 0 0 43.39195100468484 53.77073778912774 -10.3787867844429
138.3941172561794 43.39195100468484 0 0 43.39195100468484 53.77073778912774 -10.3787867844429
138.3941172561794 43.39195100468484 0 0 43.39195100468484 53.77073778912774 -10.3787867844429
138.3941172561794 43.39195100468484 0 0 43.39195100468484 53.77073778912774 -10.3787867844429
138.3941172561794 43.39195100468484 0 0 43.39195100468484 53.77073778912774 -10.3787867844429
138.3941172561794 43.39195100468484 0 0 43.39195100468484 53.77073778912774 -10.3787867844429
138.3941172561794 43.39195100468484 0 0 43.39195100468484 53.77073778912774 -10.3787867844429
138.3941172561794 43.39195100468484 0 0 43.39195100468484 53.77073778912774 -10.3787867844429
138.3941172561794 43.39195100468484 0 0 43.39195100468484 53.77073778912774 -10.3787867844429
138.3941172561794 43.39195100468484 0 0 43.39195100468484 53.77073778912774 -10.3787867844429
138.3941172561794 43.39195100468484 0 0 43.39195100468484 53.77073778912774 -10.3787867844429
138.3941172561794 43.39195100468484 0 0 43.39195100468484 53.77073778912774 -10.3787867844429
138.3941172561794 43.39195100468484 0 0 43.39195100468484 53.77073778912774 -10.3787867844429
138.3941172561794 43.39195100468484 0 0 43.39195100468484 53.77073778912774 -10.3787867844429
138.3941172561794 43.39195100468484 0 0 43.39195100468484 53.77073778912774 -10.3787867844429
138.3941172561794 43.39195100468484 0 0 43.39195100468484 53.77073778912774 -10.3787867844429
138.3941172561794 43.39195100468484 0 0 43.39195100468484 53.77073778912774 -10.3787867844429
139.1402282316967 43.39512844813802 0 0 43.39512844813802 53.77391523258092 -10.3787867844429
139.1402282316967 43.39512844813802 0 0 43.39512844813802 53.77391523258092 -10.3787867844429
139.1402282316967 43.39512844813802 0 0 43.39512844813802 53.77391523258092 -10.3787867844429
139.1402282316967 43.39512844813802 0 0 43.39512844813802 53.77391523258092 -10.3787867844429
139.1402282316967 43.39512844813802 0 0 43.39512844813802 53.77391523258092 -10.3787867844429
139.1402282316967 43.39512844813802 0 0 43.39512844813802 53.77391523258092 -10.3787867844429
139.1402282316967 43.39512844813802 0 0 43.39512844813802 53.77391523258092 -10.3787867844429
139.1402282316967 43.39512844813802 0 0 43.39512844813802 53.77391523258092 -10.3787867844429
139.1402282316967 43.39512844813802 0 0 43.39512844813802 53.77391523258092 -10.3787867844429
139.1402282316967 43.39512844813802 0 0 43.39512844813802 53.77391523258092 -10.3787867844429
139.1402282316967 43.39512844813802 0 0 43.39512844813802 53.77391523258092 -10.3787867844429
139.1402282316967 43.39512844813802 0 0 43.39512844813802 53.77391523258092 -10.3787867844429
139.1402282316967 43.39512844813802 0 0 43.39512844813802 53.77391523258092 -10.3787867844429
139.1402282316967 43.39512844813802 0 0 43.39512844813802 53.77391523258092 -10.3787867844429
139.1402282316967 43.39512844813802 0 0 43.39512844813802 53.77391523258092 -10.3787867844429
139.1402282316967 43.39512844813802 0 0 43.39512844813802 53.77391523258092 -10.3787867844429
139.1402282316967 43.39512844813802 0 0 43.39512844813802 53.77391523258092 -10.3787867844429
139.1402282316967 43.39512844813802 0 0 43.39512844813802 53.77391523258092 -10.3787867844429
139.1402282316967 43.39512844813802 0 0 43.39512844813802 53.77391523258092 -10.3787867844429
139.1402282316967 43.39512844813802 0 0 43.39512844813802 53.77391523258092 -10.3787867844429
139.1402282316967 43.39512844813802 0 0 43.39512844813802 53.77391523258092 -10.3787867844429
139.1402282316967 43.39512844813802 0 0 43.39512844813802 53.77391523258092 -10.3787867844429
139.1402282316967 43.39512844813802 0 0 43.39512844813802 53.77391523258092 -10.3787867844429
139.1402282316967 43.39512844813802 0 0 43.39512844813802 53.77391523258092 -10.3787867844429
139.1402282316967 43.39512844813802 0 0 43.39512844813802 53.77391523258092 -10.3787867844429
139.1402282316967 43.39512844813802 0 0 43.39512844813802 53.77391523258092 -10.3787867844429
139.1402282316967 43.39512844813802 0 0 43.39512844813802 53.77391523258092 -10.3787867844429
139.0875089891325 43.39518357121123 0 0 43.39518357121123 53.77397035565414 -10.3787867844429
139.0875089891325 43.39518357121123 0 0 43.39518357121123 53.77397035565414 -10.3787867844429
139.0875089891325 43.39518357121123 0 0 43.39518357121123 53.77397035565414 -10.3787867844429
139.0875089891325 43.39518357121123 0 0 43.39518357121123 53.77397035565414 -10.3787867844429
139.0875089891325 43.39518357121123 0 0 43.39518357121123 53.77397035565414 -10.3787867844429
139.0875089891325 43.39518357121123 0 0 43.39518357121123 53.77397035565414 -10.3787867844429
139.0875089891325 43.39518357121123 0 0 43.39518357121123 53.77397035565414 -10.3787867844429
139.0875089891325 43.39518357121123 0 0 43.39518357121123 53.77397035565414 -10.3787867844429
139.0875089891325 43.39518357121123 0 0 43.39518357121123 53.77397035565414 -10.3787867844429
139.0875089891325 43.39518357121123 0 0 43.39518357121123 53.77397035565414 -10.3787867844429
139.0875089891325 43.39518357121123 0 0 43.39518357121123 53.77397035565414 -10.3787867844429
139.0875089891325 43.39518357121123 0 0 43.39518357121123 53.77397035565414 -10.3787867844429
139.0875089891325 43.39518357121123 0 0 43.39518357121123 53.77397035565414 -10.3787867844429
139.0875089891325 43.39518357121123 0 0 43.39518357121123 53.77397035565414 -10.3787867844429
139.0875089891325 43.39518357121123 0 0 43.39518357121123 53.77397035565414 -10.3787867844429
139.0875089891325 43.39518357121123 0 0 43.39518357121123 53.77397035565414 -10.3787867844429
139.0875089891325 43.39518357121123 0 0 43.39518357121123 53.77397035565414 -10.3787867844429
139.0875089891325 43.39518357121123 0 0 43.39518357121123 53.77397035565414 -10.3787867844429
139.0875089891325 43.39518357121123 0 0 43.39518357121123 53.77397035565414 -10.3787867844429
139.0875089891325 43.39518357121123 0 0 43.39518357121123 53.77397035565414 -10.3787867844429
139.0875089891325 43.39518357121123 0 0 43.39518357121123 53.77397035565414 -10.3787867844429
139.0875089891325 43.39518357121123 0 0 43.39518357121123 53.77397035565414 -10.3787867844429
139.0875089891325 43.39518357121123 0 0 43.39518357121123 53.77397035565414 -10.3787867844429
139.0875089891325 43.39518357121123 0 0 43.39518357121123 53.77397035565414 -10.3787867844429
139.0875089891325 43.39518357121123 0 0 43.39518357121123 53.77397035565414 -10.3787867844429
139.0875089891325 43.39518357121123 0 0 43.39518357121123 53.77397035565414 -10.3787867844429
139.0875089891325 43.39518357121123 0 0 43.39518357121123 53.77397035565414 -10.3787867844429
139.0875089891325 43.39518357121123 0 0 43.39518357121123 53.77397035565414 -10.3787867844429
139.0875089891325 43.39518357121123 0 0 43.39518357121123 53.77397035565414 -10.3787867844429
139.0875089891325 43.39518357121123 0 0 43.39518357121123 53.77397035565414 -10.3787867844429
139.0875089891325 43.39518357121123 0 0 43.39518357121123 53.77397035565414 -10.3787867844429
139.0875089891325 43.39518357121123 0 0 43.39518357121123 53.77397035565414 -10.3787867844429
139.0875089891325 43.39518357121123 0 0 43.39518357121123 53.77397035565414 -10.3787867844429
139.0875089891325 43.39518357121123 0 0 43.39518357121123 53.77397035565414 -10.3787867844429
139.0875089891325 43.39518357121123 0 0 43.39518357121123 53.77397035565414 -10.3787867844429
139.0875089891325 43.39518357121123 0 0 43.39518357121123 53.77397035565414 -10.3787867844429
139.0875089891325 43.39518357121123 0 0 43.39518357121123 53.77397035565414 -10.3787867844429
139.0875089891325 43.39518357121123 0 0 43.39518357121123 53.77397035565414 -10.3787867844429
139.0875089891325 43.39518357121123 0 0 43.39518357121123 53.77397035565414 -10.3787867844429
139.0875089891325 43.39518357121123 0 0 43.39518357121123 53.77397035565414 -10.3787867844429
139.0875089891325 43.39518357121123 0 0 43.39518357121123 53.77397035565414 -10.3787867844429
139.0875089891325 43.39518357121123 0 0 43.39518357121123 53.77397035565414 -10.3787867844429
139.0875089891325 43.39518357121123 0 0 43.39518357121123 53.77397035565414 -10.3787867844429
139.0875089891325 43.39518357121123 0 0 43.39518357121123 53.77397035565414 -10.3787867844429
139.0875089891325 43.39518357121123 0 0 43.39518357121123 53.77397035565414 -10.3787867844429
139.0875089891325 43.39518357121123 0 0 43.39518357121123 53.77397035565414 -10.3787867844429
139.0875089891325 43.39518357121123 0 0 43.39518357121123 53.77397035565414 -10.3787867844429
139.0875089891325 43.39518357121123 0 0 43.39518357121123 53.77397035565414 -10.3787867844429
139.0875089891325 43.39518357121123 0 0 43.39518357121123 53.77397035565414 -10.3787867844429
139.0875089891325 43.39518357121123 0 0 43.39518357121123 53.77397035565414 -10.3787867844429
139.0875089891325 43.39518357121123 0 0 43.39518357121123 53.77397035565414 -10.3787867844429
139.0875089891325 43.39518357121123 0 0 43.39518357121123 53.77397035565414 -10.3787867844429
139.0875089891325 43.39518357121123 0 0 43.39518357121123 53.77397035565414 -10.3787867844429
139.0875089891325 43.39518357121123 0 0 43.39518357121123 53.77397035565414 -10.3787867844429
139.0875089891325 43.39518357121123 0 0 43.39518357121123 53.77397035565414 -10.3787867844429
139.0875089891325 43.39518357121123 0 0 43.39518357121123 53.77397035565414 -10.3787867844429
139.0875089891325 43.39518357121123 0 0 43.39518357121123 53.77397035565414 -10.3787867844429
139.0875089891325 43.39518357121123 0 0 43.39518357121123 53.77397035565414 -10.3787867844429
139.0875089891325 43.39518357121123 0 0 43.39518357121123 53.77397035565414 -10.3787867844429
139.0875089891325 43.39518357121123 0 0 43.39518357121123 53.77397035565414 -10.3787867844429
139.0875089891325 43.39518357121123 0 0 43.39518357121123 53.77397035565414 -10.3787867844429
139.0875089891325 43.39518357121123 0 0 43.39518357121123 53.77397035565414 -10.3787867844429
139.0875089891325 43.39518357121123 0 0 43.39518357121123 53.77397035565414 -10.3787867844429
139.0875089891325 43.39518357121123 0 0 43.39518357121123 53.77397035565414 -10.3787867844429
139.0875089891325 43.39518357121123 0 0 43.39518357121123 53.77397035565414 -10.3787867844429
139.0875089891325 43.39518357121123 0 0 43.39518357121123 53.77397035565414 -10.3787867844429
139.0875089891325 43.39518357121123 0 0 43.39518357121123 53.77397035565414 -10.3787867844429
139.0875089891325 43.39518357121123 0 0 43.39518357121123 53.77397035565414 -10.3787867844429
139.0875089891325 43.39518357121123 0 0 43.39518357121123 53.77397035565414 -10.3787867844429
139.0875089891325 43.39518357121123 0 0 43.39518357121123 53.77397035565414 -10.3787867844429
139.0875089891325 43.39518357121123 0 0 43.39518357121123 53.77397035565414 -10.3787867844429
139.0875089891325 43.39518357121123 0 0 43.39518357121123 53.77397035565414 -10.3787867844429
139.0875089891325 43.39518357121123 0 0 43.39518357121123 53.77397035565414 -10.3787867844429
139.0875089891325 43.39518357121123 0 0 43.39518357121123 53.77397035565414 -10.3787867844429
139.0875089891325 43.39518357121123 0 0 43.39518357121123 53.77397035565414 -10.3787867844429
139.0875089891325 43.39518357121123 0 0 43.39518357121123 53.77397035565414 -10.3787867844429
139.0875089891325 43.39518357121123 0 0 43.39518357121123 53.77397035565414 -10.3787867844429
139.0875089891325 43.39518357121123 0 0 43.39518357121123 53.77397035565414 -10.3787867844429
139.4163184550954 43.40357046562069 0 0 43.40357046562069 53.78235725006359 -10.3787867844429
139.7330902707573 43.4003660965097 0 0 43.4003660965097 53.77915288095259 -10.3787867844429
139.7330902707573 43.4003660965097 0 0 43.4003660965097 53.77915288095259 -10.3787867844429
139.7330902707573 43.4003660965097 0 0 43.4003660965097 53.77915288095259 -10.3787867844429
139.7330902707573 43.4003660965097 0 0 43.4003660965097 53.77915288095259 -10.3787867844429
139.7330902707573 43.4003660965097 0 0 43.4003660965097 53.77915288095259 -10.3787867844429
139.7330902707573 43.4003660965097 0 0 43.4003660965097 53.77915288095259 -10.3787867844429
139.7330902707573 43.4003660965097 0 0 43.4003660965097 53.77915288095259 -10.3787867844429
139.7330902707573 43.4003660965097 0 0 43.4003660965097 53.77915288095259 -10.3787867844429
139.7330902707573 43.4003660965097 0 0 43.4003660965097 53.77915288095259 -10.3787867844429
139.7330902707573 43.4003660965097 0 0 43.4003660965097 53.77915288095259 -10.3787867844429
139.7330902707573 43.4003660965097 0 0 43.4003660965097 53.77915288095259 -10.3787867844429
139.7330902707573 43.4003660965097 0 0 43.4003660965097 53.77915288095259 -10.3787867844429
139.7330902707573 43.4003660965097 0 0 43.4003660965097 53.77915288095259 -10.3787867844429
139.7330902707573 43.4003660965097 0 0 43.4003660965097 53.77915288095259 -10.3787867844429
139.7330902707573 43.4003660965097 0 0 43.4003660965097 53.77915288095259 -10.3787867844429
139.7330902707573 43.4003660965097 0 0 43.4003660965097 53.77915288095259 -10.3787867844429
139.7330902707573 43.4003660965097 0 0 43.4003660965097 53.77915288095259 -10.3787867844429
139.7330902707573 43.4003660965097 0 0 43.4003660965097 53.77915288095259 -10.3787867844429
139.7330902707573 43.4003660965097 0 0 43.4003660965097 53.77915288095259 -10.3787867844429
139.7330902707573 43.4003660965097 0 0 43.4003660965097 53.77915288095259 -10.3787867844429
139.7330902707573 43.4003660965097 0 0 43.4003660965097 53.77915288095259 -10.3787867844429
139.7330902707573 43.4003660965097 0 0 43.4003660965097 53.77915288095259 -10.3787867844429
139.7330902707573 43.4003660965097 0 0 43.4003660965097 53.77915288095259 -10.3787867844429
139.7330902707573 43.4003660965097 0 0 43.4003660965097 53.77915288095259 -10.3787867844429
139.7330902707573 43.4003660965097 0 0 43.4003660965097 53.77915288095259 -10.3787867844429
139.7330902707573 43.4003660965097 0 0 43.4003660965097 53.77915288095259 -10.3787867844429
139.7330902707573 43.4003660965097 0 0 43.4003660965097 53.77915288095259 -10.3787867844429
139.7330902707573 43.4003660965097 0 0 43.4003660965097 53.77915288095259 -10.3787867844429
139.7330902707573 43.4003660965097 0 0 43.4003660965097 53.77915288095259 -10.3787867844429
139.7330902707573 43.4003660965097 0 0 43.4003660965097 53.77915288095259 -10.3787867844429
139.7330902707573 43.4003660965097 0 0 43.4003660965097 53.77915288095259 -10.3787867844429
139.7330902707573 43.4003660965097 0 0 43.4003660965097 53.77915288095259 -10.3787867844429
139.7330902707573 43.4003660965097 0 0 43.4003660965097 53.77915288095259 -10.3787867844429
139.7330902707573 43.4003660965097 0 0 43.4003660965097 53.77915288095259 -10.3787867844429
139.7330902707573 43.4003660965097 0 0 43.4003660965097 53.77915288095259 -10.3787867844429
139.7330902707573 43.4003660965097 0 0 43.4003660965097 53.77915288095259 -10.3787867844429
139.7330902707573 43.4003660965097 0 0 43.4003660965097 53.77915288095259 -10.3787867844429
139.7330902707573 43.4003660965097 0 0 43.4003660965097 53.77915288095259 -10.3787867844429
139.7330902707573 43.4003660965097 0 0 43.4003660965097 53.77915288095259 -10.3787867844429
139.7330902707573 43.4003660965097 0 0 43.4003660965097 53.77915288095259 -10.3787867844429
139.7330902707573 43.4003660965097 0 0 43.4003660965097 53.77915288095259 -10.3787867844429
139.7330902707573 43.4003660965097 0 0 43.4003660965097 53.77915288095259 -10.3787867844429
139.7330902707573 43.4003660965097 0 0 43.4003660965097 53.77915288095259 -10.3787867844429
139.7330902707573 43.4003660965097 0 0 43.4003660965097 53.77915288095259 -10.3787867844429
139.7330902707573 43.4003660965097 0 0 43.4003660965097 53.77915288095259 -10.3787867844429
139.7330902707573 43.4003660965097 0 0 43.4003660965097 53.77915288095259 -10.3787867844429
139.7330902707573 43.4003660965097 0 0 43.4003660965097 53.77915288095259 -10.3787867844429
139.7330902707573 43.4003660965097 0 0 43.4003660965097 53.77915288095259 -10.3787867844429
139.7330902707573 43.4003660965097 0 0 43.4003660965097 53.77915288095259 -10.3787867844429
139.7330902707573 43.4003660965097 0 0 43.4003660965097 53.77915288095259 -10.3787867844429
139.7330902707573 43.4003660965097 0 0 43.4003660965097 53.77915288095259 -10.3787867844429
139.7330902707573 43.4003660965097 0 0 43.4003660965097 53.77915288095259 -10.3787867844429
139.7330902707573 43.4003660965097 0 0 43.4003660965097 53.77915288095259 -10.3787867844429
139.7330902707573 43.4003660965097 0 0 43.4003660965097 53.77915288095259 -10.3787867844429
139.7330902707573 43.4003660965097 0 0 43.4003660965097 53.77915288095259 -10.3787867844429
139.7330902707573 43.4003660965097 0 0 43.4003660965097 53.77915288095259 -10.3787867844429
139.7330902707573 43.4003660965097 0 0 43.4003660965097 53.77915288095259 -10.3787867844429
139.7330902707573 43.4003660965097 0 0 43.4003660965097 53.77915288095259 -10.3787867844429
139.7330902707573 43.4003660965097 0 0 43.4003660965097 53.77915288095259 -10.3787867844429
139.7330902707573 43.4003660965097 0 0 43.4003660965097 53.77915288095259 -10.3787867844429
139.7437604477594 43.40048773106776 0 0 43.40048773106776 53.77927451551066 -10.3787867844429
139.7437604477594 43.40048773106776 0 0 43.40048773106776 53.77927451551066 -10.3787867844429
139.7437604477594 43.40048773106776 0 0 43.40048773106776 53.77927451551066 -10.3787867844429
139.7437604477594 43.40048773106776 0 0 43.40048773106776 53.77927451551066 -10.3787867844429
139.7437604477594 43.40048773106776 0 0 43.40048773106776 53.77927451551066 -10.3787867844429
139.7437604477594 43.40048773106776 0 0 43.40048773106776 53.77927451551066 -10.3787867844429
139.818931650807 43.40823425986721 0 0 43.40823425986721 53.78702104431011 -10.3787867844429
139.7529196491094 43.41676575770046 0 0 43.41676575770046 53.79555254214335 -10.3787867844429
139.7529196491094 43.41676575770046 0 0 43.41676575770046 53.79555254214335 -10.3787867844429
140.1500060855154 43.42244320271053 0 0 43.42244320271053 53.80122998715343 -10.3787867844429
140.151223709663 43.42934806139934 0 0 43.42934806139934 53.80813484584223 -10.3787867844429
140.151223709663 43.42934806139934 0 0 43.42934806139934 53.80813484584223 -10.3787867844429
140.151223709663 43.42934806139934 0 0 43.42934806139934 53.80813484584223 -10.3787867844429
140.151223709663 43.42934806139934 0 0 43.42934806139934 53.80813484584223 -10.3787867844429
140.151223709663 43.42934806139934 0 0 43.42934806139934 53.80813484584223 -10.3787867844429
140.151223709663 43.42934806139934 0 0 43.42934806139934 53.80813484584223 -10.3787867844429
140.151223709663 43.42934806139934 0 0 43.42934806139934 53.80813484584223 -10.3787867844429
140.151223709663 43.42934806139934 0 0 43.42934806139934 53.80813484584223 -10.3787867844429
140.151223709663 43.42934806139934 0 0 43.42934806139934 53.80813484584223 -10.3787867844429
140.151223709663 43.42934806139934 0 0 43.42934806139934 53.80813484584223 -10.3787867844429
140.151223709663 43.42934806139934 0 0 43.42934806139934 53.80813484584223 -10.3787867844429
140.151223709663 43.42934806139934 0 0 43.42934806139934 53.80813484584223 -10.3787867844429
140.151223709663 43.42934806139934 0 0 43.42934806139934 53.80813484584223 -10.3787867844429
140.1778082191317 43.4293077770191 0 0 43.4293077770191 53.80809456146201 -10.3787867844429
140.1778082191317 43.4293077770191 0 0 43.4293077770191 53.80809456146201 -10.3787867844429
140.1778082191317 43.4293077770191 0 0 43.4293077770191 53.80809456146201 -10.3787867844429
140.1778082191317 43.4293077770191 0 0 43.4293077770191 53.80809456146201 -10.3787867844429
140.1778082191317 43.4293077770191 0 0 43.4293077770191 53.80809456146201 -10.3787867844429
140.1778082191317 43.4293077770191 0 0 43.4293077770191 53.80809456146201 -10.3787867844429
140.1778082191317 43.4293077770191 0 0 43.4293077770191 53.80809456146201 -10.3787867844429
140.1778082191317 43.4293077770191 0 0 43.4293077770191 53.80809456146201 -10.3787867844429
140.1778082191317 43.4293077770191 0 0 43.4293077770191 53.80809456146201 -10.3787867844429
140.1778082191317 43.4293077770191 0 0 43.4293077770191 53.80809456146201 -10.3787867844429
140.1778082191317 43.4293077770191 0 0 43.4293077770191 53.80809456146201 -10.3787867844429
140.1778082191317 43.4293077770191 0 0 43.4293077770191 53.80809456146201 -10.3787867844429
140.1778082191317 43.4293077770191 0 0 43.4293077770191 53.80809456146201 -10.3787867844429
140.1778082191317 43.4293077770191 0 0 43.4293077770191 53.80809456146201 -10.3787867844429
140.1778082191317 43.4293077770191 0 0 43.4293077770191 53.80809456146201 -10.3787867844429
140.1778082191317 43.4293077770191 0 0 43.4293077770191 53.80809456146201 -10.3787867844429
140.1778082191317 43.4293077770191 0 0 43.4293077770191 53.80809456146201 -10.3787867844429
140.1778082191317 43.4293077770191 0 0 43.4293077770191 53.80809456146201 -10.3787867844429
140.2171681790873 43.44455789103588 0 0 43.44455789103588 53.82334467547878 -10.3787867844429
140.2685445614356 43.45014869854232 0 0 43.45014869854232 53.82893548298522 -10.3787867844429
140.2685445614356 43.45014869854232 0 0 43.45014869854232 53.82893548298522 -10.3787867844429
140.3651160503072 43.42547968769165 0 0 43.42547968769165 53.80426647213454 -10.3787867844429
140.5621910850807 43.46636688660114 0 0 43.46636688660114 53.84515367104403 -10.3787867844429
140.5621910850807 43.46636688660114 0 0 43.46636688660114 53.84515367104403 -10.3787867844429
140.5621910850807 43.46636688660114 0 0 43.46636688660114 53.84515367104403 -10.3787867844429
140.5621910850807 43.46636688660114 0 0 43.46636688660114 53.84515367104403 -10.3787867844429
140.5621910850807 43.46636688660114 0 0 43.46636688660114 53.84515367104403 -10.3787867844429
140.5621910850807 43.46636688660114 0 0 43.46636688660114 53.84515367104403 -10.3787867844429
140.5621910850807 43.46636688660114 0 0 43.46636688660114 53.84515367104403 -10.3787867844429
140.5621910850807 43.46636688660114 0 0 43.46636688660114 53.84515367104403 -10.3787867844429
140.5621910850807 43.46636688660114 0 0 43.46636688660114 53.84515367104403 -10.3787867844429
140.5621910850807 43.46636688660114 0 0 43.46636688660114 53.84515367104403 -10.3787867844429
140.5621910850807 43.46636688660114 0 0 43.46636688660114 53.84515367104403 -10.3787867844429
