totalLogLikelihoodDensity totalLogPriorDensity H1NoiseLogPriorDensity L1NoiseLogPriorDensity gwLogPriorDensity gwExtrinsicLogPriorDensityTracker gwCbcLogPriorDensityTracker
66.8965836317898 43.92146680228362 0 0 43.92146680228362 54.30025358672652 -10.3787867844429
138.2012448502592 39.15690088971803 0 0 39.15690088971803 49.53568767416093 -10.3787867844429
138.2012448502592 39.15690088971803 0 0 39.15690088971803 49.53568767416093 -10.3787867844429
138.2012448502592 39.15690088971803 0 0 39.15690088971803 49.53568767416093 -10.3787867844429
138.2012448502592 39.15690088971803 0 0 39.15690088971803 49.53568767416093 -10.3787867844429
138.2012448502592 39.15690088971803 0 0 39.15690088971803 49.53568767416093 -10.3787867844429
138.2012448502592 39.15690088971803 0 0 39.15690088971803 49.53568767416093 -10.3787867844429
138.2012448502592 39.15690088971803 0 0 39.15690088971803 49.53568767416093 -10.3787867844429
138.2012448502592 39.15690088971803 0 0 39.15690088971803 49.53568767416093 -10.3787867844429
138.2012448502592 39.15690088971803 0 0 39.15690088971803 49.53568767416093 -10.3787867844429
138.2012448502592 39.15690088971803 0 0 39.15690088971803 49.53568767416093 -10.3787867844429
138.2012448502592 39.15690088971803 0 0 39.15690088971803 49.53568767416093 -10.3787867844429
138.2012448502592 39.15690088971803 0 0 39.15690088971803 49.53568767416093 -10.3787867844429
137.8626657596977 39.15790505270749 0 0 39.15790505270749 49.53669183715039 -10.3787867844429
137.8626657596977 39.15790505270749 0 0 39.15790505270749 49.53669183715039 -10.3787867844429
137.8626657596977 39.15790505270749 0 0 39.15790505270749 49.53669183715039 -10.3787867844429
137.8626657596977 39.15790505270749 0 0 39.15790505270749 49.53669183715039 -10.3787867844429
137.8626657596977 39.15790505270749 0 0 39.15790505270749 49.53669183715039 -10.3787867844429
137.8626657596977 39.15790505270749 0 0 39.15790505270749 49.53669183715039 -10.3787867844429
137.8626657596977 39.15790505270749 0 0 39.15790505270749 49.53669183715039 -10.3787867844429
137.8626657596977 39.15790505270749 0 0 39.15790505270749 49.53669183715039 -10.3787867844429
137.8220071760964 39.15856644288363 0 0 39.15856644288363 49.53735322732653 -10.3787867844429
137.8220071760964 39.15856644288363 0 0 39.15856644288363 49.53735322732653 -10.3787867844429
137.8220071760964 39.15856644288363 0 0 39.15856644288363 49.53735322732653 -10.3787867844429
137.8220071760964 39.15856644288363 0 0 39.15856644288363 49.53735322732653 -10.3787867844429
137.8220071760964 39.15856644288363 0 0 39.15856644288363 49.53735322732653 -10.3787867844429
137.8220071760964 39.15856644288363 0 0 39.15856644288363 49.53735322732653 -10.3787867844429
139.9983857914648 39.15743744308681 0 0 39.15743744308681 49.5362242275297 -10.3787867844429
139.1111324844651 39.15750962386795 0 0 39.15750962386795 49.53629640831085 -10.3787867844429
139.1111324844651 39.15750962386795 0 0 39.15750962386795 49.53629640831085 -10.3787867844429
139.1111324844651 39.15750962386795 0 0 39.15750962386795 49.53629640831085 -10.3787867844429
139.1111324844651 39.15750962386795 0 0 39.15750962386795 49.53629640831085 -10.3787867844429
139.1111324844651 39.15750962386795 0 0 39.15750962386795 49.53629640831085 -10.3787867844429
139.1111324844651 39.15750962386795 0 0 39.15750962386795 49.53629640831085 -10.3787867844429
139.1111324844651 39.15750962386795 0 0 39.15750962386795 49.53629640831085 -10.3787867844429
139.1111324844651 39.15750962386795 0 0 39.15750962386795 49.53629640831085 -10.3787867844429
138.7570050628531 39.15529419615295 0 0 39.15529419615295 49.53408098059585 -10.3787867844429
138.7570050628531 39.15529419615295 0 0 39.15529419615295 49.53408098059585 -10.3787867844429
138.7570050628531 39.15529419615295 0 0 39.15529419615295 49.53408098059585 -10.3787867844429
139.0662640685493 39.15216802349082 0 0 39.15216802349082 49.53095480793371 -10.3787867844429
138.5395660282258 39.1502659160014 0 0 39.1502659160014 49.5290527004443 -10.3787867844429
138.5395660282258 39.1502659160014 0 0 39.1502659160014 49.5290527004443 -10.3787867844429
138.5395660282258 39.1502659160014 0 0 39.1502659160014 49.5290527004443 -10.3787867844429
138.5395660282258 39.1502659160014 0 0 39.1502659160014 49.5290527004443 -10.3787867844429
138.5395660282258 39.1502659160014 0 0 39.1502659160014 49.5290527004443 -10.3787867844429
139.9426999824683 39.15561046330511 0 0 39.15561046330511 49.53439724774801 -10.3787867844429
139.0901848215696 39.15458374755239 0 0 39.15458374755239 49.5333705319953 -10.3787867844429
139.0901848215696 39.15458374755239 0 0 39.15458374755239 49.5333705319953 -10.3787867844429
139.0901848215696 39.15458374755239 0 0 39.15458374755239 49.5333705319953 -10.3787867844429
139.0901848215696 39.15458374755239 0 0 39.15458374755239 49.5333705319953 -10.3787867844429
139.0901848215696 39.15458374755239 0 0 39.15458374755239 49.5333705319953 -10.3787867844429
139.1165276235316 39.15280704758713 0 0 39.15280704758713 49.53159383203003 -10.3787867844429
139.5925571292322 39.15250567958741 0 0 39.15250567958741 49.53129246403031 -10.3787867844429
139.5793729298779 39.15349620446781 0 0 39.15349620446781 49.53228298891071 -10.3787867844429
139.3638598273963 39.15027362410272 0 0 39.15027362410272 49.52906040854562 -10.3787867844429
139.3559810184076 39.14572488297621 0 0 39.14572488297621 49.52451166741911 -10.3787867844429
139.3559810184076 39.14572488297621 0 0 39.14572488297621 49.52451166741911 -10.3787867844429
140.0168685620269 39.14274279235799 0 0 39.14274279235799 49.52152957680089 -10.3787867844429
140.0168685620269 39.14274279235799 0 0 39.14274279235799 49.52152957680089 -10.3787867844429
140.0168685620269 39.14274279235799 0 0 39.14274279235799 49.52152957680089 -10.3787867844429
140.0168685620269 39.14274279235799 0 0 39.14274279235799 49.52152957680089 -10.3787867844429
140.0168685620269 39.14274279235799 0 0 39.14274279235799 49.52152957680089 -10.3787867844429
140.0168685620269 39.14274279235799 0 0 39.14274279235799 49.52152957680089 -10.3787867844429
140.0168685620269 39.14274279235799 0 0 39.14274279235799 49.52152957680089 -10.3787867844429
140.0168685620269 39.14274279235799 0 0 39.14274279235799 49.52152957680089 -10.3787867844429
140.0168685620269 39.14274279235799 0 0 39.14274279235799 49.52152957680089 -10.3787867844429
137.8626657596977 39.15790505270749 0 0 39.15790505270749 49.53669183715039 -10.3787867844429
137.8567183458 39.15522842561218 0 0 39.15522842561218 49.53401521005508 -10.3787867844429
137.8536051095486 39.1502938585928 0 0 39.1502938585928 49.5290806430357 -10.3787867844429
137.8432924042957 39.14842347264565 0 0 39.14842347264565 49.52721025708854 -10.3787867844429
137.8601625181281 39.1477484508643 0 0 39.1477484508643 49.52653523530719 -10.3787867844429
137.8601625181281 39.1477484508643 0 0 39.1477484508643 49.52653523530719 -10.3787867844429
137.8601625181281 39.1477484508643 0 0 39.1477484508643 49.52653523530719 -10.3787867844429
139.3563388164522 39.15037568624305 0 0 39.15037568624305 49.52916247068595 -10.3787867844429
139.3563388164522 39.15037568624305 0 0 39.15037568624305 49.52916247068595 -10.3787867844429
139.3563388164522 39.15037568624305 0 0 39.15037568624305 49.52916247068595 -10.3787867844429
139.3563388164522 39.15037568624305 0 0 39.15037568624305 49.52916247068595 -10.3787867844429
139.3683893360715 39.15121937725348 0 0 39.15121937725348 49.53000616169638 -10.3787867844429
139.3945648439039 39.14482898219791 0 0 39.14482898219791 49.52361576664081 -10.3787867844429
139.3736683523514 39.1479975445401 0 0 39.1479975445401 49.52678432898301 -10.3787867844429
139.3736683523514 39.1479975445401 0 0 39.1479975445401 49.52678432898301 -10.3787867844429
139.3682726487998 39.15122505830598 0 0 39.15122505830598 49.53001184274888 -10.3787867844429
139.3617403432989 39.1535723721974 0 0 39.1535723721974 49.5323591566403 -10.3787867844429
139.3102108440962 39.15586759647663 0 0 39.15586759647663 49.53465438091953 -10.3787867844429
139.2768236459967 39.15438163008788 0 0 39.15438163008788 49.53316841453078 -10.3787867844429
139.2848280101709 39.15490307178226 0 0 39.15490307178226 49.53368985622516 -10.3787867844429
139.2848280101709 39.15490307178226 0 0 39.15490307178226 49.53368985622516 -10.3787867844429
139.2196156986925 39.15639739221467 0 0 39.15639739221467 49.53518417665757 -10.3787867844429
139.2196156986925 39.15639739221467 0 0 39.15639739221467 49.53518417665757 -10.3787867844429
139.9646514845938 39.15122500374459 0 0 39.15122500374459 49.53001178818749 -10.3787867844429
139.8201269587304 39.14702351236834 0 0 39.14702351236834 49.52581029681123 -10.3787867844429
139.8191793260953 39.14443400077037 0 0 39.14443400077037 49.52322078521327 -10.3787867844429
139.8254302891772 39.1472608268771 0 0 39.1472608268771 49.52604761132 -10.3787867844429
138.8748047786538 39.15703789056523 0 0 39.15703789056523 49.53582467500813 -10.3787867844429
138.8609085311644 39.15891108425267 0 0 39.15891108425267 49.53769786869556 -10.3787867844429
138.8590923994492 39.15965653016373 0 0 39.15965653016373 49.53844331460662 -10.3787867844429
138.8590923994492 39.15965653016373 0 0 39.15965653016373 49.53844331460662 -10.3787867844429
138.8643343877072 39.16138281641659 0 0 39.16138281641659 49.54016960085949 -10.3787867844429
138.8565461460361 39.16213743581702 0 0 39.16213743581702 49.54092422025992 -10.3787867844429
138.8597831893869 39.16183935792328 0 0 39.16183935792328 49.54062614236619 -10.3787867844429
138.8597831893869 39.16183935792328 0 0 39.16183935792328 49.54062614236619 -10.3787867844429
138.8597831893869 39.16183935792328 0 0 39.16183935792328 49.54062614236619 -10.3787867844429
138.8542196060856 39.1604237903158 0 0 39.1604237903158 49.53921057475871 -10.3787867844429
138.84332684144 39.16164312571345 0 0 39.16164312571345 49.54042991015635 -10.3787867844429
138.84332684144 39.16164312571345 0 0 39.16164312571345 49.54042991015635 -10.3787867844429
138.8485379668549 39.16006282382321 0 0 39.16006282382321 49.5388496082661 -10.3787867844429
138.8310063829166 39.16060546326779 0 0 39.16060546326779 49.53939224771068 -10.3787867844429
138.8434492962197 39.15296995670515 0 0 39.15296995670515 49.53175674114805 -10.3787867844429
138.8390445043456 39.14900481356536 0 0 39.14900481356536 49.52779159800826 -10.3787867844429
138.8040987088221 39.15069033302446 0 0 39.15069033302446 49.52947711746736 -10.3787867844429
138.7945990246095 39.14976758599548 0 0 39.14976758599548 49.52855437043837 -10.3787867844429
138.7803872246373 39.14669390383001 0 0 39.14669390383001 49.52548068827291 -10.3787867844429
138.7960416877354 39.14669571277452 0 0 39.14669571277452 49.52548249721741 -10.3787867844429
138.7881847613058 39.14444724901973 0 0 39.14444724901973 49.52323403346263 -10.3787867844429
138.7649169780844 39.13786625096694 0 0 39.13786625096694 49.51665303540984 -10.3787867844429
138.7705996879361 39.13663297225537 0 0 39.13663297225537 49.51541975669826 -10.3787867844429
138.7705996879361 39.13663297225537 0 0 39.13663297225537 49.51541975669826 -10.3787867844429
138.7705996879361 39.13663297225537 0 0 39.13663297225537 49.51541975669826 -10.3787867844429
138.7705996879361 39.13663297225537 0 0 39.13663297225537 49.51541975669826 -10.3787867844429
138.7705996879361 39.13663297225537 0 0 39.13663297225537 49.51541975669826 -10.3787867844429
138.7705996879361 39.13663297225537 0 0 39.13663297225537 49.51541975669826 -10.3787867844429
138.7627457374805 39.13699257432856 0 0 39.13699257432856 49.51577935877146 -10.3787867844429
138.7421175529607 39.13806395229153 0 0 39.13806395229153 49.51685073673443 -10.3787867844429
138.7549562729487 39.13797310202133 0 0 39.13797310202133 49.51675988646424 -10.3787867844429
138.7317266066097 39.13611959565124 0 0 39.13611959565124 49.51490638009414 -10.3787867844429
138.7320950938748 39.14173123972471 0 0 39.14173123972471 49.5205180241676 -10.3787867844429
138.7320950938748 39.14173123972471 0 0 39.14173123972471 49.5205180241676 -10.3787867844429
138.7320950938748 39.14173123972471 0 0 39.14173123972471 49.5205180241676 -10.3787867844429
138.7320950938748 39.14173123972471 0 0 39.14173123972471 49.5205180241676 -10.3787867844429
138.7320950938748 39.14173123972471 0 0 39.14173123972471 49.5205180241676 -10.3787867844429
138.7320950938748 39.14173123972471 0 0 39.14173123972471 49.5205180241676 -10.3787867844429
138.7030183519927 39.14024304742058 0 0 39.14024304742058 49.51902983186348 -10.3787867844429
138.6857853113454 39.14172182479703 0 0 39.14172182479703 49.52050860923993 -10.3787867844429
138.6897267147174 39.14375225261145 0 0 39.14375225261145 49.52253903705434 -10.3787867844429
138.6781963628131 39.14326594995697 0 0 39.14326594995697 49.52205273439986 -10.3787867844429
138.683841434418 39.14350238886227 0 0 39.14350238886227 49.52228917330518 -10.3787867844429
138.6887536895622 39.14231210308581 0 0 39.14231210308581 49.52109888752872 -10.3787867844429
138.6815241839471 39.14484124042738 0 0 39.14484124042738 49.52362802487028 -10.3787867844429
138.6604123125242 39.14461130953411 0 0 39.14461130953411 49.52339809397701 -10.3787867844429
138.650017839571 39.14231320315149 0 0 39.14231320315149 49.52109998759438 -10.3787867844429
138.6503741431062 39.14278805202346 0 0 39.14278805202346 49.52157483646636 -10.3787867844429
138.6503741431062 39.14278805202346 0 0 39.14278805202346 49.52157483646636 -10.3787867844429
138.6371484399024 39.14329616631474 0 0 39.14329616631474 49.52208295075764 -10.3787867844429
138.6371484399024 39.14329616631474 0 0 39.14329616631474 49.52208295075764 -10.3787867844429
138.6209021115365 39.14442625824661 0 0 39.14442625824661 49.52321304268951 -10.3787867844429
138.6147279419069 39.1449282651604 0 0 39.1449282651604 49.5237150496033 -10.3787867844429
138.6147279419069 39.1449282651604 0 0 39.1449282651604 49.5237150496033 -10.3787867844429
138.6112230999413 39.14649983529436 0 0 39.14649983529436 49.52528661973726 -10.3787867844429
138.6056535418235 39.14755634568247 0 0 39.14755634568247 49.52634313012537 -10.3787867844429
138.5923727296986 39.14928805784199 0 0 39.14928805784199 49.52807484228488 -10.3787867844429
138.6091453251391 39.14740352347809 0 0 39.14740352347809 49.52619030792099 -10.3787867844429
138.600364932428 39.14813271948408 0 0 39.14813271948408 49.52691950392698 -10.3787867844429
138.600364932428 39.14813271948408 0 0 39.14813271948408 49.52691950392698 -10.3787867844429
138.9409018730733 39.15284307598422 0 0 39.15284307598422 49.53162986042712 -10.3787867844429
139.0464664301572 39.15284606872822 0 0 39.15284606872822 49.53163285317112 -10.3787867844429
139.0368682932552 39.15327754040835 0 0 39.15327754040835 49.53206432485125 -10.3787867844429
139.6819207313269 39.15150460936495 0 0 39.15150460936495 49.53029139380784 -10.3787867844429
139.6774960288546 39.15335667829481 0 0 39.15335667829481 49.53214346273771 -10.3787867844429
139.6774960288546 39.15335667829481 0 0 39.15335667829481 49.53214346273771 -10.3787867844429
139.6774960288546 39.15335667829481 0 0 39.15335667829481 49.53214346273771 -10.3787867844429
139.6774960288546 39.15335667829481 0 0 39.15335667829481 49.53214346273771 -10.3787867844429
139.7094582605991 39.14905404624457 0 0 39.14905404624457 49.52784083068747 -10.3787867844429
139.7094582605991 39.14905404624457 0 0 39.14905404624457 49.52784083068747 -10.3787867844429
139.7094582605991 39.14905404624457 0 0 39.14905404624457 49.52784083068747 -10.3787867844429
139.7145373900854 39.14663140437249 0 0 39.14663140437249 49.52541818881539 -10.3787867844429
139.6903533072146 39.14645193147244 0 0 39.14645193147244 49.52523871591534 -10.3787867844429
139.7009501465813 39.1483879552308 0 0 39.1483879552308 49.5271747396737 -10.3787867844429
139.7274552943026 39.14865568638783 0 0 39.14865568638783 49.52744247083073 -10.3787867844429
139.7603868921971 39.14700826704232 0 0 39.14700826704232 49.52579505148523 -10.3787867844429
139.7604679434775 39.1439323653467 0 0 39.1439323653467 49.52271914978959 -10.3787867844429
139.7444264866021 39.14904735027824 0 0 39.14904735027824 49.52783413472114 -10.3787867844429
139.7705874744288 39.14241778092789 0 0 39.14241778092789 49.52120456537078 -10.3787867844429
139.7705874744288 39.14241778092789 0 0 39.14241778092789 49.52120456537078 -10.3787867844429
139.8030679280776 39.14107237097551 0 0 39.14107237097551 49.5198591554184 -10.3787867844429
139.7707134150953 39.14100783286942 0 0 39.14100783286942 49.51979461731232 -10.3787867844429
139.7353079535774 39.1401526962396 0 0 39.1401526962396 49.5189394806825 -10.3787867844429
139.7816923845765 39.14167909306943 0 0 39.14167909306943 49.52046587751233 -10.3787867844429
139.7370870992941 39.14369853993115 0 0 39.14369853993115 49.52248532437405 -10.3787867844429
139.7370870992941 39.14369853993115 0 0 39.14369853993115 49.52248532437405 -10.3787867844429
139.7380985271405 39.14278408165241 0 0 39.14278408165241 49.5215708660953 -10.3787867844429
139.7380985271405 39.14278408165241 0 0 39.14278408165241 49.5215708660953 -10.3787867844429
139.7683915563147 39.14073103303177 0 0 39.14073103303177 49.51951781747467 -10.3787867844429
139.7635898944732 39.14343680649812 0 0 39.14343680649812 49.52222359094102 -10.3787867844429
139.7816410392889 39.14627625816189 0 0 39.14627625816189 49.52506304260479 -10.3787867844429
139.7935730788464 39.14602241795269 0 0 39.14602241795269 49.52480920239559 -10.3787867844429
139.7635806978477 39.14374293297692 0 0 39.14374293297692 49.52252971741982 -10.3787867844429
139.7655748713477 39.14148653711327 0 0 39.14148653711327 49.52027332155617 -10.3787867844429
139.8000357872386 39.1450322252814 0 0 39.1450322252814 49.52381900972429 -10.3787867844429
139.8000357872386 39.1450322252814 0 0 39.1450322252814 49.52381900972429 -10.3787867844429
139.8339979706751 39.14243070822425 0 0 39.14243070822425 49.52121749266716 -10.3787867844429
139.8407407531664 39.14461007018619 0 0 39.14461007018619 49.52339685462909 -10.3787867844429
139.8053905377948 39.14370236703222 0 0 39.14370236703222 49.52248915147512 -10.3787867844429
139.6585520968459 39.14871955890455 0 0 39.14871955890455 49.52750634334745 -10.3787867844429
139.6585520968459 39.14871955890455 0 0 39.14871955890455 49.52750634334745 -10.3787867844429
139.6585520968459 39.14871955890455 0 0 39.14871955890455 49.52750634334745 -10.3787867844429
139.6585520968459 39.14871955890455 0 0 39.14871955890455 49.52750634334745 -10.3787867844429
139.6585520968459 39.14871955890455 0 0 39.14871955890455 49.52750634334745 -10.3787867844429
139.6488276176961 39.14817866675814 0 0 39.14817866675814 49.52696545120104 -10.3787867844429
139.5634501313707 39.15433374652623 0 0 39.15433374652623 49.53312053096914 -10.3787867844429
139.592981852795 39.14876811214909 0 0 39.14876811214909 49.52755489659198 -10.3787867844429
139.5574117523053 39.14755414418056 0 0 39.14755414418056 49.52634092862345 -10.3787867844429
139.5517841089581 39.14825789142057 0 0 39.14825789142057 49.52704467586347 -10.3787867844429
139.5220181570338 39.14975287715961 0 0 39.14975287715961 49.52853966160252 -10.3787867844429
139.4414710714659 39.14849026898032 0 0 39.14849026898032 49.52727705342322 -10.3787867844429
139.4590521877591 39.1499587930555 0 0 39.1499587930555 49.52874557749841 -10.3787867844429
139.4971528702398 39.14652696434172 0 0 39.14652696434172 49.52531374878461 -10.3787867844429
139.4696441342278 39.1492308962214 0 0 39.1492308962214 49.52801768066429 -10.3787867844429
139.467299262655 39.14888139605887 0 0 39.14888139605887 49.52766818050176 -10.3787867844429
139.4442716089645 39.14636196231935 0 0 39.14636196231935 49.52514874676225 -10.3787867844429
139.431180156353 39.14899218891189 0 0 39.14899218891189 49.52777897335478 -10.3787867844429
139.4551956106027 39.14894108207812 0 0 39.14894108207812 49.52772786652103 -10.3787867844429
139.419917051436 39.14967418787708 0 0 39.14967418787708 49.52846097231998 -10.3787867844429
139.419917051436 39.14967418787708 0 0 39.14967418787708 49.52846097231998 -10.3787867844429
139.419917051436 39.14967418787708 0 0 39.14967418787708 49.52846097231998 -10.3787867844429
139.4623376446067 39.15040053278159 0 0 39.15040053278159 49.52918731722448 -10.3787867844429
139.4469812300349 39.15586259691631 0 0 39.15586259691631 49.5346493813592 -10.3787867844429
139.4566194102224 39.15516635941788 0 0 39.15516635941788 49.53395314386077 -10.3787867844429
139.4489949284528 39.15554108415444 0 0 39.15554108415444 49.53432786859733 -10.3787867844429
139.4485350034608 39.15498326645074 0 0 39.15498326645074 49.53377005089364 -10.3787867844429
139.4754109141142 39.15818371479288 0 0 39.15818371479288 49.53697049923579 -10.3787867844429
139.3784259748405 39.15903583841845 0 0 39.15903583841845 49.53782262286135 -10.3787867844429
139.372284398019 39.15939965592547 0 0 39.15939965592547 49.53818644036836 -10.3787867844429
139.5525714608993 39.15525558116863 0 0 39.15525558116863 49.53404236561153 -10.3787867844429
139.5525714608993 39.15525558116863 0 0 39.15525558116863 49.53404236561153 -10.3787867844429
139.5525714608993 39.15525558116863 0 0 39.15525558116863 49.53404236561153 -10.3787867844429
138.9143102723167 39.15236270931258 0 0 39.15236270931258 49.53114949375549 -10.3787867844429
138.9143102723167 39.15236270931258 0 0 39.15236270931258 49.53114949375549 -10.3787867844429
138.9197447821448 39.15441502736797 0 0 39.15441502736797 49.53320181181087 -10.3787867844429
138.9406835909346 39.15477652151525 0 0 39.15477652151525 49.53356330595815 -10.3787867844429
138.9406835909346 39.15477652151525 0 0 39.15477652151525 49.53356330595815 -10.3787867844429
138.964500574214 39.15353037876 0 0 39.15353037876 49.5323171632029 -10.3787867844429
138.964500574214 39.15353037876 0 0 39.15353037876 49.5323171632029 -10.3787867844429
138.964500574214 39.15353037876 0 0 39.15353037876 49.5323171632029 -10.3787867844429
138.964500574214 39.15353037876 0 0 39.15353037876 49.5323171632029 -10.3787867844429
138.964500574214 39.15353037876 0 0 39.15353037876 49.5323171632029 -10.3787867844429
138.964500574214 39.15353037876 0 0 39.15353037876 49.5323171632029 -10.3787867844429
138.9705292804693 39.15643342402011 0 0 39.15643342402011 49.53522020846301 -10.3787867844429
138.9667399199378 39.15653947984252 0 0 39.15653947984252 49.53532626428542 -10.3787867844429
138.9252301092913 39.15648870020674 0 0 39.15648870020674 49.53527548464963 -10.3787867844429
138.9404475506307 39.15770922175689 0 0 39.15770922175689 49.53649600619978 -10.3787867844429
138.9449325953058 39.15768734619532 0 0 39.15768734619532 49.53647413063822 -10.3787867844429
138.9570851757123 39.15851802434726 0 0 39.15851802434726 49.53730480879015 -10.3787867844429
138.9703059404766 39.160884462078 0 0 39.160884462078 49.5396712465209 -10.3787867844429
138.9853187858283 39.15993561784657 0 0 39.15993561784657 49.53872240228947 -10.3787867844429
138.9853187858283 39.15993561784657 0 0 39.15993561784657 49.53872240228947 -10.3787867844429
139.0035467326529 39.15855872177083 0 0 39.15855872177083 49.53734550621373 -10.3787867844429
139.0035467326529 39.15855872177083 0 0 39.15855872177083 49.53734550621373 -10.3787867844429
139.6759112042588 39.16306821058507 0 0 39.16306821058507 49.54185499502797 -10.3787867844429
139.6759112042588 39.16306821058507 0 0 39.16306821058507 49.54185499502797 -10.3787867844429
139.6759112042588 39.16306821058507 0 0 39.16306821058507 49.54185499502797 -10.3787867844429
139.6759112042588 39.16306821058507 0 0 39.16306821058507 49.54185499502797 -10.3787867844429
139.6927799599722 39.15967316960945 0 0 39.15967316960945 49.53845995405234 -10.3787867844429
139.6547825770166 39.15910926383162 0 0 39.15910926383162 49.53789604827452 -10.3787867844429
139.6547825770166 39.15910926383162 0 0 39.15910926383162 49.53789604827452 -10.3787867844429
139.6622092715484 39.16198603567248 0 0 39.16198603567248 49.54077282011539 -10.3787867844429
139.6822963146502 39.1656915920469 0 0 39.1656915920469 49.54447837648979 -10.3787867844429
139.6958707690736 39.16836831383621 0 0 39.16836831383621 49.54715509827911 -10.3787867844429
139.6754622127591 39.17037141779913 0 0 39.17037141779913 49.54915820224203 -10.3787867844429
139.6754622127591 39.17037141779913 0 0 39.17037141779913 49.54915820224203 -10.3787867844429
139.6775521315305 39.17190502090574 0 0 39.17190502090574 49.55069180534864 -10.3787867844429
139.674288030079 39.17194011112876 0 0 39.17194011112876 49.55072689557166 -10.3787867844429
139.674288030079 39.17194011112876 0 0 39.17194011112876 49.55072689557166 -10.3787867844429
139.2685992380755 39.16549269141058 0 0 39.16549269141058 49.54427947585348 -10.3787867844429
139.2685992380755 39.16549269141058 0 0 39.16549269141058 49.54427947585348 -10.3787867844429
139.2685992380755 39.16549269141058 0 0 39.16549269141058 49.54427947585348 -10.3787867844429
139.2685992380755 39.16549269141058 0 0 39.16549269141058 49.54427947585348 -10.3787867844429
139.2685992380755 39.16549269141058 0 0 39.16549269141058 49.54427947585348 -10.3787867844429
139.1400287430656 39.16352624215379 0 0 39.16352624215379 49.54231302659669 -10.3787867844429
139.1400287430656 39.16352624215379 0 0 39.16352624215379 49.54231302659669 -10.3787867844429
139.1400287430656 39.16352624215379 0 0 39.16352624215379 49.54231302659669 -10.3787867844429
139.1021604099911 39.16029490395341 0 0 39.16029490395341 49.53908168839631 -10.3787867844429
139.1021604099911 39.16029490395341 0 0 39.16029490395341 49.53908168839631 -10.3787867844429
139.1021604099911 39.16029490395341 0 0 39.16029490395341 49.53908168839631 -10.3787867844429
139.1021604099911 39.16029490395341 0 0 39.16029490395341 49.53908168839631 -10.3787867844429
139.1021604099911 39.16029490395341 0 0 39.16029490395341 49.53908168839631 -10.3787867844429
139.1021604099911 39.16029490395341 0 0 39.16029490395341 49.53908168839631 -10.3787867844429
137.5722326047999 39.16278319343935 0 0 39.16278319343935 49.54156997788225 -10.3787867844429
137.5722326047999 39.16278319343935 0 0 39.16278319343935 49.54156997788225 -10.3787867844429
137.5722326047999 39.16278319343935 0 0 39.16278319343935 49.54156997788225 -10.3787867844429
138.9707444801941 39.16482246148134 0 0 39.16482246148134 49.54360924592423 -10.3787867844429
138.9707444801941 39.16482246148134 0 0 39.16482246148134 49.54360924592423 -10.3787867844429
138.9707444801941 39.16482246148134 0 0 39.16482246148134 49.54360924592423 -10.3787867844429
138.9707444801941 39.16482246148134 0 0 39.16482246148134 49.54360924592423 -10.3787867844429
137.7757770607632 39.1665631943514 0 0 39.1665631943514 49.54534997879429 -10.3787867844429
138.2215767304622 39.16239698069016 0 0 39.16239698069016 49.54118376513306 -10.3787867844429
138.2215767304622 39.16239698069016 0 0 39.16239698069016 49.54118376513306 -10.3787867844429
138.2120772719955 39.16723978242568 0 0 39.16723978242568 49.54602656686858 -10.3787867844429
138.2225219071155 39.16851255150291 0 0 39.16851255150291 49.54729933594581 -10.3787867844429
138.2225219071155 39.16851255150291 0 0 39.16851255150291 49.54729933594581 -10.3787867844429
138.2225219071155 39.16851255150291 0 0 39.16851255150291 49.54729933594581 -10.3787867844429
138.2359939839694 39.17098601897396 0 0 39.17098601897396 49.54977280341686 -10.3787867844429
138.2486445348352 39.17381888623541 0 0 39.17381888623541 49.55260567067831 -10.3787867844429
138.2486445348352 39.17381888623541 0 0 39.17381888623541 49.55260567067831 -10.3787867844429
138.2630327606979 39.17721242097041 0 0 39.17721242097041 49.55599920541331 -10.3787867844429
138.2564924948533 39.17727486132836 0 0 39.17727486132836 49.55606164577126 -10.3787867844429
138.2564924948533 39.17727486132836 0 0 39.17727486132836 49.55606164577126 -10.3787867844429
138.2564924948533 39.17727486132836 0 0 39.17727486132836 49.55606164577126 -10.3787867844429
139.146382946221 39.17549335957638 0 0 39.17549335957638 49.55428014401927 -10.3787867844429
139.146382946221 39.17549335957638 0 0 39.17549335957638 49.55428014401927 -10.3787867844429
139.146382946221 39.17549335957638 0 0 39.17549335957638 49.55428014401927 -10.3787867844429
139.146382946221 39.17549335957638 0 0 39.17549335957638 49.55428014401927 -10.3787867844429
139.146382946221 39.17549335957638 0 0 39.17549335957638 49.55428014401927 -10.3787867844429
139.146382946221 39.17549335957638 0 0 39.17549335957638 49.55428014401927 -10.3787867844429
139.146382946221 39.17549335957638 0 0 39.17549335957638 49.55428014401927 -10.3787867844429
139.146382946221 39.17549335957638 0 0 39.17549335957638 49.55428014401927 -10.3787867844429
139.2264532072383 39.16786314386364 0 0 39.16786314386364 49.54664992830654 -10.3787867844429
139.2471467132858 39.16313350979702 0 0 39.16313350979702 49.54192029423992 -10.3787867844429
139.2382690743749 39.16154017834818 0 0 39.16154017834818 49.54032696279107 -10.3787867844429
139.2411035037674 39.16352530454361 0 0 39.16352530454361 49.54231208898651 -10.3787867844429
139.2591139601652 39.16816504931818 0 0 39.16816504931818 49.54695183376108 -10.3787867844429
139.2595763844575 39.17040706630839 0 0 39.17040706630839 49.54919385075129 -10.3787867844429
139.2595763844575 39.17040706630839 0 0 39.17040706630839 49.54919385075129 -10.3787867844429
139.2595763844575 39.17040706630839 0 0 39.17040706630839 49.54919385075129 -10.3787867844429
139.2595763844575 39.17040706630839 0 0 39.17040706630839 49.54919385075129 -10.3787867844429
139.2595763844575 39.17040706630839 0 0 39.17040706630839 49.54919385075129 -10.3787867844429
139.2595763844575 39.17040706630839 0 0 39.17040706630839 49.54919385075129 -10.3787867844429
139.2595763844575 39.17040706630839 0 0 39.17040706630839 49.54919385075129 -10.3787867844429
139.2595763844575 39.17040706630839 0 0 39.17040706630839 49.54919385075129 -10.3787867844429
139.2595763844575 39.17040706630839 0 0 39.17040706630839 49.54919385075129 -10.3787867844429
139.2595763844575 39.17040706630839 0 0 39.17040706630839 49.54919385075129 -10.3787867844429
139.2860766547601 39.16316966887094 0 0 39.16316966887094 49.54195645331384 -10.3787867844429
139.2860766547601 39.16316966887094 0 0 39.16316966887094 49.54195645331384 -10.3787867844429
139.2860766547601 39.16316966887094 0 0 39.16316966887094 49.54195645331384 -10.3787867844429
139.2860766547601 39.16316966887094 0 0 39.16316966887094 49.54195645331384 -10.3787867844429
139.0449345888795 39.16231713402294 0 0 39.16231713402294 49.54110391846584 -10.3787867844429
139.0449345888795 39.16231713402294 0 0 39.16231713402294 49.54110391846584 -10.3787867844429
139.0472257896913 39.15660982962828 0 0 39.15660982962828 49.53539661407118 -10.3787867844429
139.0472257896913 39.15660982962828 0 0 39.15660982962828 49.53539661407118 -10.3787867844429
139.0472257896913 39.15660982962828 0 0 39.15660982962828 49.53539661407118 -10.3787867844429
139.0472257896913 39.15660982962828 0 0 39.15660982962828 49.53539661407118 -10.3787867844429
139.0317905421588 39.1546978655263 0 0 39.1546978655263 49.5334846499692 -10.3787867844429
139.011755686642 39.15378272697198 0 0 39.15378272697198 49.53256951141488 -10.3787867844429
138.992990444108 39.1501289289328 0 0 39.1501289289328 49.5289157133757 -10.3787867844429
138.9913675040057 39.14427935199029 0 0 39.14427935199029 49.52306613643319 -10.3787867844429
138.9810730564119 39.14345410135661 0 0 39.14345410135661 49.5222408857995 -10.3787867844429
138.9687430035141 39.14252451184323 0 0 39.14252451184323 49.52131129628613 -10.3787867844429
138.9687430035141 39.14252451184323 0 0 39.14252451184323 49.52131129628613 -10.3787867844429
138.9687430035141 39.14252451184323 0 0 39.14252451184323 49.52131129628613 -10.3787867844429
139.7019458281356 39.16002541455154 0 0 39.16002541455154 49.53881219899444 -10.3787867844429
139.7019458281356 39.16002541455154 0 0 39.16002541455154 49.53881219899444 -10.3787867844429
139.7019458281356 39.16002541455154 0 0 39.16002541455154 49.53881219899444 -10.3787867844429
139.7016034410142 39.1623380770759 0 0 39.1623380770759 49.5411248615188 -10.3787867844429
139.7086190766596 39.16274396630223 0 0 39.16274396630223 49.54153075074513 -10.3787867844429
139.7086190766596 39.16274396630223 0 0 39.16274396630223 49.54153075074513 -10.3787867844429
139.7069058780083 39.16607462076243 0 0 39.16607462076243 49.54486140520532 -10.3787867844429
139.7069058780083 39.16607462076243 0 0 39.16607462076243 49.54486140520532 -10.3787867844429
139.7011417713164 39.16373988511965 0 0 39.16373988511965 49.54252666956255 -10.3787867844429
139.7011417713164 39.16373988511965 0 0 39.16373988511965 49.54252666956255 -10.3787867844429
139.6937836959142 39.16166188092031 0 0 39.16166188092031 49.54044866536321 -10.3787867844429
139.6969879191763 39.16639321118903 0 0 39.16639321118903 49.54517999563193 -10.3787867844429
139.6969879191763 39.16639321118903 0 0 39.16639321118903 49.54517999563193 -10.3787867844429
139.6880072931933 39.16439121849488 0 0 39.16439121849488 49.54317800293778 -10.3787867844429
139.6880072931933 39.16439121849488 0 0 39.16439121849488 49.54317800293778 -10.3787867844429
139.6843101271677 39.16984012755972 0 0 39.16984012755972 49.54862691200262 -10.3787867844429
139.6843101271677 39.16984012755972 0 0 39.16984012755972 49.54862691200262 -10.3787867844429
139.677592459843 39.17342915103977 0 0 39.17342915103977 49.55221593548267 -10.3787867844429
139.677592459843 39.17342915103977 0 0 39.17342915103977 49.55221593548267 -10.3787867844429
139.6725443720644 39.17394870616428 0 0 39.17394870616428 49.55273549060718 -10.3787867844429
139.6726649939029 39.17243130213075 0 0 39.17243130213075 49.55121808657364 -10.3787867844429
139.6845450821049 39.16971206554108 0 0 39.16971206554108 49.54849884998398 -10.3787867844429
139.6674535863097 39.1689904571451 0 0 39.1689904571451 49.54777724158799 -10.3787867844429
139.4691678542914 39.16911685696589 0 0 39.16911685696589 49.54790364140878 -10.3787867844429
139.2549227446417 39.16976419089291 0 0 39.16976419089291 49.54855097533581 -10.3787867844429
139.2549227446417 39.16976419089291 0 0 39.16976419089291 49.54855097533581 -10.3787867844429
139.2549227446417 39.16976419089291 0 0 39.16976419089291 49.54855097533581 -10.3787867844429
139.2549227446417 39.16976419089291 0 0 39.16976419089291 49.54855097533581 -10.3787867844429
139.2549227446417 39.16976419089291 0 0 39.16976419089291 49.54855097533581 -10.3787867844429
139.2549227446417 39.16976419089291 0 0 39.16976419089291 49.54855097533581 -10.3787867844429
139.7648517511742 39.16604639378218 0 0 39.16604639378218 49.54483317822508 -10.3787867844429
139.7648517511742 39.16604639378218 0 0 39.16604639378218 49.54483317822508 -10.3787867844429
139.7648517511742 39.16604639378218 0 0 39.16604639378218 49.54483317822508 -10.3787867844429
139.7769410721378 39.16666358159713 0 0 39.16666358159713 49.54545036604004 -10.3787867844429
139.7325031718145 39.16368908155289 0 0 39.16368908155289 49.54247586599579 -10.3787867844429
139.7325031718145 39.16368908155289 0 0 39.16368908155289 49.54247586599579 -10.3787867844429
139.7507188065586 39.16479191444273 0 0 39.16479191444273 49.54357869888563 -10.3787867844429
139.7649385217885 39.16537083708067 0 0 39.16537083708067 49.54415762152357 -10.3787867844429
139.7649385217885 39.16537083708067 0 0 39.16537083708067 49.54415762152357 -10.3787867844429
139.7649385217885 39.16537083708067 0 0 39.16537083708067 49.54415762152357 -10.3787867844429
139.7649385217885 39.16537083708067 0 0 39.16537083708067 49.54415762152357 -10.3787867844429
139.7649385217885 39.16537083708067 0 0 39.16537083708067 49.54415762152357 -10.3787867844429
139.7649385217885 39.16537083708067 0 0 39.16537083708067 49.54415762152357 -10.3787867844429
139.2026074700815 39.16595655916083 0 0 39.16595655916083 49.54474334360373 -10.3787867844429
139.6655998827879 39.16616104416123 0 0 39.16616104416123 49.54494782860413 -10.3787867844429
139.0732774512009 39.16440899190752 0 0 39.16440899190752 49.54319577635042 -10.3787867844429
139.1882050409504 39.16217344695704 0 0 39.16217344695704 49.54096023139994 -10.3787867844429
139.1882050409504 39.16217344695704 0 0 39.16217344695704 49.54096023139994 -10.3787867844429
139.2333633841234 39.1636603325524 0 0 39.1636603325524 49.5424471169953 -10.3787867844429
139.2333633841234 39.1636603325524 0 0 39.1636603325524 49.5424471169953 -10.3787867844429
139.2333633841234 39.1636603325524 0 0 39.1636603325524 49.5424471169953 -10.3787867844429
139.2333633841234 39.1636603325524 0 0 39.1636603325524 49.5424471169953 -10.3787867844429
139.2333633841234 39.1636603325524 0 0 39.1636603325524 49.5424471169953 -10.3787867844429
139.2458641422722 39.16166893398005 0 0 39.16166893398005 49.54045571842295 -10.3787867844429
139.21913453856 39.16038481675125 0 0 39.16038481675125 49.53917160119415 -10.3787867844429
139.2388427550959 39.1646733944112 0 0 39.1646733944112 49.54346017885409 -10.3787867844429
139.25993344073 39.16642354407412 0 0 39.16642354407412 49.54521032851702 -10.3787867844429
139.2647549126281 39.1601169848436 0 0 39.1601169848436 49.53890376928649 -10.3787867844429
139.227369984296 39.15838144262055 0 0 39.15838144262055 49.53716822706345 -10.3787867844429
139.2346141782076 39.16032158026883 0 0 39.16032158026883 49.53910836471172 -10.3787867844429
139.2059016694202 39.15887233892764 0 0 39.15887233892764 49.53765912337054 -10.3787867844429
139.1881264709329 39.15743134901231 0 0 39.15743134901231 49.53621813345521 -10.3787867844429
139.183611865738 39.16117107492367 0 0 39.16117107492367 49.53995785936657 -10.3787867844429
139.1703873210576 39.15982852618056 0 0 39.15982852618056 49.53861531062346 -10.3787867844429
139.1651651201823 39.16149492488854 0 0 39.16149492488854 49.54028170933144 -10.3787867844429
139.1826203412757 39.16214651275635 0 0 39.16214651275635 49.54093329719925 -10.3787867844429
139.1615529240511 39.16349959612776 0 0 39.16349959612776 49.54228638057067 -10.3787867844429
139.1988936869125 39.166850899849 0 0 39.166850899849 49.5456376842919 -10.3787867844429
139.3127603795583 39.16535741770822 0 0 39.16535741770822 49.54414420215112 -10.3787867844429
139.3034260198004 39.16750616953829 0 0 39.16750616953829 49.54629295398119 -10.3787867844429
139.3240428727341 39.16258322421068 0 0 39.16258322421068 49.54137000865358 -10.3787867844429
139.3161124596783 39.16279873321298 0 0 39.16279873321298 49.54158551765588 -10.3787867844429
139.3150396196984 39.16244016193814 0 0 39.16244016193814 49.54122694638103 -10.3787867844429
139.3146189149134 39.15938592907204 0 0 39.15938592907204 49.53817271351495 -10.3787867844429
139.2911885118884 39.16267286385801 0 0 39.16267286385801 49.5414596483009 -10.3787867844429
139.2908383554391 39.16161629964574 0 0 39.16161629964574 49.54040308408864 -10.3787867844429
139.2903790473896 39.15890180319852 0 0 39.15890180319852 49.53768858764141 -10.3787867844429
138.9441706048431 39.16114206011781 0 0 39.16114206011781 49.53992884456071 -10.3787867844429
138.950000822608 39.16703985136483 0 0 39.16703985136483 49.54582663580773 -10.3787867844429
139.1389977151077 39.16959343577616 0 0 39.16959343577616 49.54838022021906 -10.3787867844429
139.1417816941988 39.17267774756445 0 0 39.17267774756445 49.55146453200734 -10.3787867844429
139.159075897313 39.17363846351238 0 0 39.17363846351238 49.55242524795528 -10.3787867844429
139.1432409148195 39.173009879002 0 0 39.173009879002 49.5517966634449 -10.3787867844429
139.1714583569822 39.17081568943826 0 0 39.17081568943826 49.54960247388115 -10.3787867844429
139.1816196199744 39.17467097695433 0 0 39.17467097695433 49.55345776139723 -10.3787867844429
139.1897747917287 39.17540278799565 0 0 39.17540278799565 49.55418957243855 -10.3787867844429
139.1960308123746 39.16980527690632 0 0 39.16980527690632 49.54859206134921 -10.3787867844429
139.1905793711836 39.16817125661004 0 0 39.16817125661004 49.54695804105293 -10.3787867844429
139.7380437623557 39.16895465170612 0 0 39.16895465170612 49.54774143614902 -10.3787867844429
139.7380437623557 39.16895465170612 0 0 39.16895465170612 49.54774143614902 -10.3787867844429
139.7380437623557 39.16895465170612 0 0 39.16895465170612 49.54774143614902 -10.3787867844429
139.5165876417205 39.18541217286405 0 0 39.18541217286405 49.56419895730694 -10.3787867844429
139.5165876417205 39.18541217286405 0 0 39.18541217286405 49.56419895730694 -10.3787867844429
139.5143278094737 39.1861290493235 0 0 39.1861290493235 49.5649158337664 -10.3787867844429
139.5024878310811 39.18477089929355 0 0 39.18477089929355 49.56355768373645 -10.3787867844429
139.5105034651422 39.18019679347985 0 0 39.18019679347985 49.55898357792275 -10.3787867844429
139.50307309754 39.17968775460339 0 0 39.17968775460339 49.55847453904629 -10.3787867844429
139.4912079636552 39.18290224094196 0 0 39.18290224094196 49.56168902538486 -10.3787867844429
139.1519234662271 39.17825972451215 0 0 39.17825972451215 49.55704650895505 -10.3787867844429
139.1519234662271 39.17825972451215 0 0 39.17825972451215 49.55704650895505 -10.3787867844429
139.1519234662271 39.17825972451215 0 0 39.17825972451215 49.55704650895505 -10.3787867844429
139.1519234662271 39.17825972451215 0 0 39.17825972451215 49.55704650895505 -10.3787867844429
139.1192741406407 39.17598878157565 0 0 39.17598878157565 49.55477556601855 -10.3787867844429
139.1163638887493 39.17918611852888 0 0 39.17918611852888 49.55797290297178 -10.3787867844429
139.1046550005087 39.17862797308142 0 0 39.17862797308142 49.55741475752431 -10.3787867844429
139.0832649687184 39.17956360868709 0 0 39.17956360868709 49.55835039312998 -10.3787867844429
139.0832649687184 39.17956360868709 0 0 39.17956360868709 49.55835039312998 -10.3787867844429
139.0716497232532 39.17650302513805 0 0 39.17650302513805 49.55528980958095 -10.3787867844429
139.0709039789948 39.17632246078014 0 0 39.17632246078014 49.55510924522304 -10.3787867844429
139.0846387969792 39.17499260245677 0 0 39.17499260245677 49.55377938689966 -10.3787867844429
139.0926709424312 39.17579595527503 0 0 39.17579595527503 49.55458273971793 -10.3787867844429
139.0906800119133 39.17413305067561 0 0 39.17413305067561 49.55291983511851 -10.3787867844429
139.0839798395233 39.1760172210229 0 0 39.1760172210229 49.5548040054658 -10.3787867844429
139.0839798395233 39.1760172210229 0 0 39.1760172210229 49.5548040054658 -10.3787867844429
139.0839798395233 39.1760172210229 0 0 39.1760172210229 49.5548040054658 -10.3787867844429
139.0839798395233 39.1760172210229 0 0 39.1760172210229 49.5548040054658 -10.3787867844429
139.0839798395233 39.1760172210229 0 0 39.1760172210229 49.5548040054658 -10.3787867844429
139.0839798395233 39.1760172210229 0 0 39.1760172210229 49.5548040054658 -10.3787867844429
139.0891884971414 39.17514462750945 0 0 39.17514462750945 49.55393141195235 -10.3787867844429
139.1081449193527 39.17529323230801 0 0 39.17529323230801 49.55408001675091 -10.3787867844429
139.1164953040316 39.17555119054769 0 0 39.17555119054769 49.5543379749906 -10.3787867844429
139.1219273990456 39.17425275146358 0 0 39.17425275146358 49.55303953590649 -10.3787867844429
139.1128641199707 39.17255819135605 0 0 39.17255819135605 49.55134497579895 -10.3787867844429
139.1128641199707 39.17255819135605 0 0 39.17255819135605 49.55134497579895 -10.3787867844429
139.1740943016194 39.17078157348146 0 0 39.17078157348146 49.54956835792436 -10.3787867844429
140.0588242694569 39.16684911797311 0 0 39.16684911797311 49.54563590241602 -10.3787867844429
140.0588242694569 39.16684911797311 0 0 39.16684911797311 49.54563590241602 -10.3787867844429
139.7284536970999 39.16636487450006 0 0 39.16636487450006 49.54515165894296 -10.3787867844429
139.734357484278 39.1618913057777 0 0 39.1618913057777 49.5406780902206 -10.3787867844429
139.7315730786285 39.1601915990264 0 0 39.1601915990264 49.5389783834693 -10.3787867844429
139.7315730786285 39.1601915990264 0 0 39.1601915990264 49.5389783834693 -10.3787867844429
139.7248782975144 39.16200052907286 0 0 39.16200052907286 49.54078731351576 -10.3787867844429
139.7101318576267 39.16159990305266 0 0 39.16159990305266 49.54038668749556 -10.3787867844429
140.038146725274 39.16378937512135 0 0 39.16378937512135 49.54257615956425 -10.3787867844429
140.0342205836669 39.1612146473809 0 0 39.1612146473809 49.5400014318238 -10.3787867844429
140.0405917660966 39.15939691763575 0 0 39.15939691763575 49.53818370207864 -10.3787867844429
140.0478076698473 39.1592312728706 0 0 39.1592312728706 49.5380180573135 -10.3787867844429
140.0452802256559 39.15734467387753 0 0 39.15734467387753 49.53613145832043 -10.3787867844429
140.0452802256559 39.15734467387753 0 0 39.15734467387753 49.53613145832043 -10.3787867844429
140.0452802256559 39.15734467387753 0 0 39.15734467387753 49.53613145832043 -10.3787867844429
140.0452802256559 39.15734467387753 0 0 39.15734467387753 49.53613145832043 -10.3787867844429
140.0452802256559 39.15734467387753 0 0 39.15734467387753 49.53613145832043 -10.3787867844429
140.0452802256559 39.15734467387753 0 0 39.15734467387753 49.53613145832043 -10.3787867844429
140.028607995119 39.15669547236277 0 0 39.15669547236277 49.53548225680566 -10.3787867844429
140.0293707089633 39.15849362736111 0 0 39.15849362736111 49.53728041180401 -10.3787867844429
139.8672378221061 39.14762850388114 0 0 39.14762850388114 49.52641528832403 -10.3787867844429
139.8961597303571 39.14904214097855 0 0 39.14904214097855 49.52782892542145 -10.3787867844429
139.9051735283838 39.14793413975079 0 0 39.14793413975079 49.52672092419369 -10.3787867844429
139.9189274717344 39.14814806999068 0 0 39.14814806999068 49.52693485443358 -10.3787867844429
139.9135404855793 39.15122270148701 0 0 39.15122270148701 49.53000948592991 -10.3787867844429
139.9329628697544 39.14914602121566 0 0 39.14914602121566 49.52793280565855 -10.3787867844429
139.9176245340311 39.14688433577868 0 0 39.14688433577868 49.52567112022157 -10.3787867844429
139.9292177514115 39.14500061045345 0 0 39.14500061045345 49.52378739489635 -10.3787867844429
140.1912728089069 39.14251749289099 0 0 39.14251749289099 49.52130427733389 -10.3787867844429
140.1462892438243 39.14756367933335 0 0 39.14756367933335 49.52635046377624 -10.3787867844429
140.1551785761424 39.15010918590254 0 0 39.15010918590254 49.52889597034543 -10.3787867844429
140.1632431176739 39.15015606049865 0 0 39.15015606049865 49.52894284494155 -10.3787867844429
140.1572025336092 39.15031822312514 0 0 39.15031822312514 49.52910500756804 -10.3787867844429
140.1572025336092 39.15031822312514 0 0 39.15031822312514 49.52910500756804 -10.3787867844429
140.1572025336092 39.15031822312514 0 0 39.15031822312514 49.52910500756804 -10.3787867844429
140.1384925841566 39.14991383721731 0 0 39.14991383721731 49.52870062166021 -10.3787867844429
140.1384925841566 39.14991383721731 0 0 39.14991383721731 49.52870062166021 -10.3787867844429
140.1384925841566 39.14991383721731 0 0 39.14991383721731 49.52870062166021 -10.3787867844429
