totalLogLikelihoodDensity totalLogPriorDensity H1NoiseLogPriorDensity L1NoiseLogPriorDensity gwLogPriorDensity gwExtrinsicLogPriorDensityTracker gwCbcLogPriorDensityTracker
63.23317589269604 43.74494988835215 0 0 43.74494988835215 54.12373667279505 -10.3787867844429
138.2012448502592 39.15690088971803 0 0 39.15690088971803 49.53568767416093 -10.3787867844429
138.2012448502592 39.15690088971803 0 0 39.15690088971803 49.53568767416093 -10.3787867844429
138.2012448502592 39.15690088971803 0 0 39.15690088971803 49.53568767416093 -10.3787867844429
138.2012448502592 39.15690088971803 0 0 39.15690088971803 49.53568767416093 -10.3787867844429
139.0689378293001 39.03042896442177 0 0 39.03042896442177 49.40921574886467 -10.3787867844429
139.0689378293001 39.03042896442177 0 0 39.03042896442177 49.40921574886467 -10.3787867844429
139.0689378293001 39.03042896442177 0 0 39.03042896442177 49.40921574886467 -10.3787867844429
139.0689378293001 39.03042896442177 0 0 39.03042896442177 49.40921574886467 -10.3787867844429
139.0689378293001 39.03042896442177 0 0 39.03042896442177 49.40921574886467 -10.3787867844429
139.0689378293001 39.03042896442177 0 0 39.03042896442177 49.40921574886467 -10.3787867844429
139.0689378293001 39.03042896442177 0 0 39.03042896442177 49.40921574886467 -10.3787867844429
139.0689378293001 39.03042896442177 0 0 39.03042896442177 49.40921574886467 -10.3787867844429
139.0689378293001 39.03042896442177 0 0 39.03042896442177 49.40921574886467 -10.3787867844429
139.0689378293001 39.03042896442177 0 0 39.03042896442177 49.40921574886467 -10.3787867844429
139.0689378293001 39.03042896442177 0 0 39.03042896442177 49.40921574886467 -10.3787867844429
139.0689378293001 39.03042896442177 0 0 39.03042896442177 49.40921574886467 -10.3787867844429
139.0689378293001 39.03042896442177 0 0 39.03042896442177 49.40921574886467 -10.3787867844429
139.0689378293001 39.03042896442177 0 0 39.03042896442177 49.40921574886467 -10.3787867844429
139.0689378293001 39.03042896442177 0 0 39.03042896442177 49.40921574886467 -10.3787867844429
139.0689378293001 39.03042896442177 0 0 39.03042896442177 49.40921574886467 -10.3787867844429
139.0689378293001 39.03042896442177 0 0 39.03042896442177 49.40921574886467 -10.3787867844429
139.0689378293001 39.03042896442177 0 0 39.03042896442177 49.40921574886467 -10.3787867844429
139.0689378293001 39.03042896442177 0 0 39.03042896442177 49.40921574886467 -10.3787867844429
139.0689378293001 39.03042896442177 0 0 39.03042896442177 49.40921574886467 -10.3787867844429
139.0689378293001 39.03042896442177 0 0 39.03042896442177 49.40921574886467 -10.3787867844429
139.0689378293001 39.03042896442177 0 0 39.03042896442177 49.40921574886467 -10.3787867844429
139.0689378293001 39.03042896442177 0 0 39.03042896442177 49.40921574886467 -10.3787867844429
139.0689378293001 39.03042896442177 0 0 39.03042896442177 49.40921574886467 -10.3787867844429
139.0689378293001 39.03042896442177 0 0 39.03042896442177 49.40921574886467 -10.3787867844429
139.0689378293001 39.03042896442177 0 0 39.03042896442177 49.40921574886467 -10.3787867844429
139.0689378293001 39.03042896442177 0 0 39.03042896442177 49.40921574886467 -10.3787867844429
139.0689378293001 39.03042896442177 0 0 39.03042896442177 49.40921574886467 -10.3787867844429
139.0689378293001 39.03042896442177 0 0 39.03042896442177 49.40921574886467 -10.3787867844429
139.0689378293001 39.03042896442177 0 0 39.03042896442177 49.40921574886467 -10.3787867844429
139.0689378293001 39.03042896442177 0 0 39.03042896442177 49.40921574886467 -10.3787867844429
139.0689378293001 39.03042896442177 0 0 39.03042896442177 49.40921574886467 -10.3787867844429
139.0689378293001 39.03042896442177 0 0 39.03042896442177 49.40921574886467 -10.3787867844429
139.0689378293001 39.03042896442177 0 0 39.03042896442177 49.40921574886467 -10.3787867844429
139.0689378293001 39.03042896442177 0 0 39.03042896442177 49.40921574886467 -10.3787867844429
139.0689378293001 39.03042896442177 0 0 39.03042896442177 49.40921574886467 -10.3787867844429
139.0689378293001 39.03042896442177 0 0 39.03042896442177 49.40921574886467 -10.3787867844429
139.0689378293001 39.03042896442177 0 0 39.03042896442177 49.40921574886467 -10.3787867844429
139.0689378293001 39.03042896442177 0 0 39.03042896442177 49.40921574886467 -10.3787867844429
139.0689378293001 39.03042896442177 0 0 39.03042896442177 49.40921574886467 -10.3787867844429
139.0689378293001 39.03042896442177 0 0 39.03042896442177 49.40921574886467 -10.3787867844429
139.0689378293001 39.03042896442177 0 0 39.03042896442177 49.40921574886467 -10.3787867844429
139.0689378293001 39.03042896442177 0 0 39.03042896442177 49.40921574886467 -10.3787867844429
139.0689378293001 39.03042896442177 0 0 39.03042896442177 49.40921574886467 -10.3787867844429
139.013601439628 39.03181334403419 0 0 39.03181334403419 49.41060012847709 -10.3787867844429
139.013601439628 39.03181334403419 0 0 39.03181334403419 49.41060012847709 -10.3787867844429
139.013601439628 39.03181334403419 0 0 39.03181334403419 49.41060012847709 -10.3787867844429
139.013601439628 39.03181334403419 0 0 39.03181334403419 49.41060012847709 -10.3787867844429
139.013601439628 39.03181334403419 0 0 39.03181334403419 49.41060012847709 -10.3787867844429
139.013601439628 39.03181334403419 0 0 39.03181334403419 49.41060012847709 -10.3787867844429
139.013601439628 39.03181334403419 0 0 39.03181334403419 49.41060012847709 -10.3787867844429
139.013601439628 39.03181334403419 0 0 39.03181334403419 49.41060012847709 -10.3787867844429
139.013601439628 39.03181334403419 0 0 39.03181334403419 49.41060012847709 -10.3787867844429
139.013601439628 39.03181334403419 0 0 39.03181334403419 49.41060012847709 -10.3787867844429
139.013601439628 39.03181334403419 0 0 39.03181334403419 49.41060012847709 -10.3787867844429
139.013601439628 39.03181334403419 0 0 39.03181334403419 49.41060012847709 -10.3787867844429
139.013601439628 39.03181334403419 0 0 39.03181334403419 49.41060012847709 -10.3787867844429
139.013601439628 39.03181334403419 0 0 39.03181334403419 49.41060012847709 -10.3787867844429
139.013601439628 39.03181334403419 0 0 39.03181334403419 49.41060012847709 -10.3787867844429
139.013601439628 39.03181334403419 0 0 39.03181334403419 49.41060012847709 -10.3787867844429
139.013601439628 39.03181334403419 0 0 39.03181334403419 49.41060012847709 -10.3787867844429
139.013601439628 39.03181334403419 0 0 39.03181334403419 49.41060012847709 -10.3787867844429
139.013601439628 39.03181334403419 0 0 39.03181334403419 49.41060012847709 -10.3787867844429
139.013601439628 39.03181334403419 0 0 39.03181334403419 49.41060012847709 -10.3787867844429
139.013601439628 39.03181334403419 0 0 39.03181334403419 49.41060012847709 -10.3787867844429
139.013601439628 39.03181334403419 0 0 39.03181334403419 49.41060012847709 -10.3787867844429
139.013601439628 39.03181334403419 0 0 39.03181334403419 49.41060012847709 -10.3787867844429
139.013601439628 39.03181334403419 0 0 39.03181334403419 49.41060012847709 -10.3787867844429
139.013601439628 39.03181334403419 0 0 39.03181334403419 49.41060012847709 -10.3787867844429
139.013601439628 39.03181334403419 0 0 39.03181334403419 49.41060012847709 -10.3787867844429
139.013601439628 39.03181334403419 0 0 39.03181334403419 49.41060012847709 -10.3787867844429
139.013601439628 39.03181334403419 0 0 39.03181334403419 49.41060012847709 -10.3787867844429
139.013601439628 39.03181334403419 0 0 39.03181334403419 49.41060012847709 -10.3787867844429
139.013601439628 39.03181334403419 0 0 39.03181334403419 49.41060012847709 -10.3787867844429
139.013601439628 39.03181334403419 0 0 39.03181334403419 49.41060012847709 -10.3787867844429
139.013601439628 39.03181334403419 0 0 39.03181334403419 49.41060012847709 -10.3787867844429
139.013601439628 39.03181334403419 0 0 39.03181334403419 49.41060012847709 -10.3787867844429
139.013601439628 39.03181334403419 0 0 39.03181334403419 49.41060012847709 -10.3787867844429
139.013601439628 39.03181334403419 0 0 39.03181334403419 49.41060012847709 -10.3787867844429
139.013601439628 39.03181334403419 0 0 39.03181334403419 49.41060012847709 -10.3787867844429
139.013601439628 39.03181334403419 0 0 39.03181334403419 49.41060012847709 -10.3787867844429
139.013601439628 39.03181334403419 0 0 39.03181334403419 49.41060012847709 -10.3787867844429
139.013601439628 39.03181334403419 0 0 39.03181334403419 49.41060012847709 -10.3787867844429
139.013601439628 39.03181334403419 0 0 39.03181334403419 49.41060012847709 -10.3787867844429
139.013601439628 39.03181334403419 0 0 39.03181334403419 49.41060012847709 -10.3787867844429
139.013601439628 39.03181334403419 0 0 39.03181334403419 49.41060012847709 -10.3787867844429
139.013601439628 39.03181334403419 0 0 39.03181334403419 49.41060012847709 -10.3787867844429
139.1700379967115 39.0319581867449 0 0 39.0319581867449 49.4107449711878 -10.3787867844429
139.1700379967115 39.0319581867449 0 0 39.0319581867449 49.4107449711878 -10.3787867844429
139.1700379967115 39.0319581867449 0 0 39.0319581867449 49.4107449711878 -10.3787867844429
139.1700379967115 39.0319581867449 0 0 39.0319581867449 49.4107449711878 -10.3787867844429
139.1700379967115 39.0319581867449 0 0 39.0319581867449 49.4107449711878 -10.3787867844429
139.1700379967115 39.0319581867449 0 0 39.0319581867449 49.4107449711878 -10.3787867844429
139.2213011322369 39.03380513477286 0 0 39.03380513477286 49.41259191921576 -10.3787867844429
139.2213011322369 39.03380513477286 0 0 39.03380513477286 49.41259191921576 -10.3787867844429
139.2213011322369 39.03380513477286 0 0 39.03380513477286 49.41259191921576 -10.3787867844429
138.9882372379413 39.03402730814793 0 0 39.03402730814793 49.41281409259083 -10.3787867844429
138.9882372379413 39.03402730814793 0 0 39.03402730814793 49.41281409259083 -10.3787867844429
139.1431651521231 39.03437475462681 0 0 39.03437475462681 49.41316153906971 -10.3787867844429
139.1431651521231 39.03437475462681 0 0 39.03437475462681 49.41316153906971 -10.3787867844429
139.1431651521231 39.03437475462681 0 0 39.03437475462681 49.41316153906971 -10.3787867844429
139.1431651521231 39.03437475462681 0 0 39.03437475462681 49.41316153906971 -10.3787867844429
139.1431651521231 39.03437475462681 0 0 39.03437475462681 49.41316153906971 -10.3787867844429
137.6015301198541 39.03225164541537 0 0 39.03225164541537 49.41103842985827 -10.3787867844429
137.6015301198541 39.03225164541537 0 0 39.03225164541537 49.41103842985827 -10.3787867844429
137.6015301198541 39.03225164541537 0 0 39.03225164541537 49.41103842985827 -10.3787867844429
137.6015301198541 39.03225164541537 0 0 39.03225164541537 49.41103842985827 -10.3787867844429
137.699360277622 39.03231550043517 0 0 39.03231550043517 49.41110228487808 -10.3787867844429
137.699360277622 39.03231550043517 0 0 39.03231550043517 49.41110228487808 -10.3787867844429
137.699360277622 39.03231550043517 0 0 39.03231550043517 49.41110228487808 -10.3787867844429
137.699360277622 39.03231550043517 0 0 39.03231550043517 49.41110228487808 -10.3787867844429
137.699360277622 39.03231550043517 0 0 39.03231550043517 49.41110228487808 -10.3787867844429
139.0079146963064 39.03046263820339 0 0 39.03046263820339 49.40924942264628 -10.3787867844429
139.0079146963064 39.03046263820339 0 0 39.03046263820339 49.40924942264628 -10.3787867844429
138.9721561442244 39.02846745444282 0 0 39.02846745444282 49.40725423888572 -10.3787867844429
138.2073150402013 39.02939437112934 0 0 39.02939437112934 49.40818115557224 -10.3787867844429
138.2073150402013 39.02939437112934 0 0 39.02939437112934 49.40818115557224 -10.3787867844429
138.2073150402013 39.02939437112934 0 0 39.02939437112934 49.40818115557224 -10.3787867844429
138.2073150402013 39.02939437112934 0 0 39.02939437112934 49.40818115557224 -10.3787867844429
137.8497008381483 39.02932722000754 0 0 39.02932722000754 49.40811400445045 -10.3787867844429
137.8497008381483 39.02932722000754 0 0 39.02932722000754 49.40811400445045 -10.3787867844429
137.8497008381483 39.02932722000754 0 0 39.02932722000754 49.40811400445045 -10.3787867844429
137.8497008381483 39.02932722000754 0 0 39.02932722000754 49.40811400445045 -10.3787867844429
137.8497008381483 39.02932722000754 0 0 39.02932722000754 49.40811400445045 -10.3787867844429
137.8497008381483 39.02932722000754 0 0 39.02932722000754 49.40811400445045 -10.3787867844429
137.8497008381483 39.02932722000754 0 0 39.02932722000754 49.40811400445045 -10.3787867844429
137.8497008381483 39.02932722000754 0 0 39.02932722000754 49.40811400445045 -10.3787867844429
138.9226926527435 39.02962964196996 0 0 39.02962964196996 49.40841642641286 -10.3787867844429
138.9226926527435 39.02962964196996 0 0 39.02962964196996 49.40841642641286 -10.3787867844429
138.9226926527435 39.02962964196996 0 0 39.02962964196996 49.40841642641286 -10.3787867844429
138.9226926527435 39.02962964196996 0 0 39.02962964196996 49.40841642641286 -10.3787867844429
138.9226926527435 39.02962964196996 0 0 39.02962964196996 49.40841642641286 -10.3787867844429
138.9226926527435 39.02962964196996 0 0 39.02962964196996 49.40841642641286 -10.3787867844429
137.2093106696581 39.02743316104748 0 0 39.02743316104748 49.40621994549038 -10.3787867844429
137.9392509236134 39.03280202233047 0 0 39.03280202233047 49.41158880677337 -10.3787867844429
137.9392509236134 39.03280202233047 0 0 39.03280202233047 49.41158880677337 -10.3787867844429
137.9392509236134 39.03280202233047 0 0 39.03280202233047 49.41158880677337 -10.3787867844429
137.9392509236134 39.03280202233047 0 0 39.03280202233047 49.41158880677337 -10.3787867844429
137.9392509236134 39.03280202233047 0 0 39.03280202233047 49.41158880677337 -10.3787867844429
137.9392509236134 39.03280202233047 0 0 39.03280202233047 49.41158880677337 -10.3787867844429
137.9392509236134 39.03280202233047 0 0 39.03280202233047 49.41158880677337 -10.3787867844429
137.9392509236134 39.03280202233047 0 0 39.03280202233047 49.41158880677337 -10.3787867844429
137.9392509236134 39.03280202233047 0 0 39.03280202233047 49.41158880677337 -10.3787867844429
137.9392509236134 39.03280202233047 0 0 39.03280202233047 49.41158880677337 -10.3787867844429
137.9392509236134 39.03280202233047 0 0 39.03280202233047 49.41158880677337 -10.3787867844429
137.9392509236134 39.03280202233047 0 0 39.03280202233047 49.41158880677337 -10.3787867844429
137.1312638116187 39.03259945485964 0 0 39.03259945485964 49.41138623930253 -10.3787867844429
137.0128055526491 39.0325227708686 0 0 39.0325227708686 49.41130955531149 -10.3787867844429
137.0128055526491 39.0325227708686 0 0 39.0325227708686 49.41130955531149 -10.3787867844429
137.4556308685373 39.03080047953073 0 0 39.03080047953073 49.40958726397363 -10.3787867844429
138.9471204017493 39.03201861536493 0 0 39.03201861536493 49.41080539980783 -10.3787867844429
138.9471204017493 39.03201861536493 0 0 39.03201861536493 49.41080539980783 -10.3787867844429
138.9471204017493 39.03201861536493 0 0 39.03201861536493 49.41080539980783 -10.3787867844429
138.8806576300564 39.03267339923586 0 0 39.03267339923586 49.41146018367876 -10.3787867844429
138.6672165833164 39.03169860136545 0 0 39.03169860136545 49.41048538580835 -10.3787867844429
138.6672165833164 39.03169860136545 0 0 39.03169860136545 49.41048538580835 -10.3787867844429
138.6672165833164 39.03169860136545 0 0 39.03169860136545 49.41048538580835 -10.3787867844429
138.6672165833164 39.03169860136545 0 0 39.03169860136545 49.41048538580835 -10.3787867844429
139.2798731084923 39.03253971156767 0 0 39.03253971156767 49.41132649601056 -10.3787867844429
138.8180100729806 39.03133100825184 0 0 39.03133100825184 49.41011779269473 -10.3787867844429
138.8180100729806 39.03133100825184 0 0 39.03133100825184 49.41011779269473 -10.3787867844429
138.8180100729806 39.03133100825184 0 0 39.03133100825184 49.41011779269473 -10.3787867844429
138.8180100729806 39.03133100825184 0 0 39.03133100825184 49.41011779269473 -10.3787867844429
138.8180100729806 39.03133100825184 0 0 39.03133100825184 49.41011779269473 -10.3787867844429
138.8180100729806 39.03133100825184 0 0 39.03133100825184 49.41011779269473 -10.3787867844429
138.8180100729806 39.03133100825184 0 0 39.03133100825184 49.41011779269473 -10.3787867844429
138.8180100729806 39.03133100825184 0 0 39.03133100825184 49.41011779269473 -10.3787867844429
138.8180100729806 39.03133100825184 0 0 39.03133100825184 49.41011779269473 -10.3787867844429
138.8180100729806 39.03133100825184 0 0 39.03133100825184 49.41011779269473 -10.3787867844429
138.8180100729806 39.03133100825184 0 0 39.03133100825184 49.41011779269473 -10.3787867844429
138.8180100729806 39.03133100825184 0 0 39.03133100825184 49.41011779269473 -10.3787867844429
138.8180100729806 39.03133100825184 0 0 39.03133100825184 49.41011779269473 -10.3787867844429
138.8180100729806 39.03133100825184 0 0 39.03133100825184 49.41011779269473 -10.3787867844429
138.8180100729806 39.03133100825184 0 0 39.03133100825184 49.41011779269473 -10.3787867844429
138.8180100729806 39.03133100825184 0 0 39.03133100825184 49.41011779269473 -10.3787867844429
138.8180100729806 39.03133100825184 0 0 39.03133100825184 49.41011779269473 -10.3787867844429
138.8180100729806 39.03133100825184 0 0 39.03133100825184 49.41011779269473 -10.3787867844429
138.8180100729806 39.03133100825184 0 0 39.03133100825184 49.41011779269473 -10.3787867844429
138.8180100729806 39.03133100825184 0 0 39.03133100825184 49.41011779269473 -10.3787867844429
138.8180100729806 39.03133100825184 0 0 39.03133100825184 49.41011779269473 -10.3787867844429
138.8180100729806 39.03133100825184 0 0 39.03133100825184 49.41011779269473 -10.3787867844429
138.8180100729806 39.03133100825184 0 0 39.03133100825184 49.41011779269473 -10.3787867844429
138.7510655994296 39.03003896787307 0 0 39.03003896787307 49.40882575231597 -10.3787867844429
138.7510655994296 39.03003896787307 0 0 39.03003896787307 49.40882575231597 -10.3787867844429
138.7510655994296 39.03003896787307 0 0 39.03003896787307 49.40882575231597 -10.3787867844429
138.9599267908567 39.03084040943345 0 0 39.03084040943345 49.40962719387635 -10.3787867844429
138.9564122560653 39.0342480606346 0 0 39.0342480606346 49.41303484507749 -10.3787867844429
138.9564122560653 39.0342480606346 0 0 39.0342480606346 49.41303484507749 -10.3787867844429
139.050751429624 39.0319918137924 0 0 39.0319918137924 49.4107785982353 -10.3787867844429
139.2823859402302 39.03227118010892 0 0 39.03227118010892 49.41105796455182 -10.3787867844429
139.2823859402302 39.03227118010892 0 0 39.03227118010892 49.41105796455182 -10.3787867844429
139.2823859402302 39.03227118010892 0 0 39.03227118010892 49.41105796455182 -10.3787867844429
139.2823859402302 39.03227118010892 0 0 39.03227118010892 49.41105796455182 -10.3787867844429
139.7517003903113 39.03415457221948 0 0 39.03415457221948 49.41294135666238 -10.3787867844429
139.9454136558032 39.03518916551192 0 0 39.03518916551192 49.41397594995482 -10.3787867844429
139.9454136558032 39.03518916551192 0 0 39.03518916551192 49.41397594995482 -10.3787867844429
139.9454136558032 39.03518916551192 0 0 39.03518916551192 49.41397594995482 -10.3787867844429
139.9454136558032 39.03518916551192 0 0 39.03518916551192 49.41397594995482 -10.3787867844429
139.9454136558032 39.03518916551192 0 0 39.03518916551192 49.41397594995482 -10.3787867844429
139.9454136558032 39.03518916551192 0 0 39.03518916551192 49.41397594995482 -10.3787867844429
139.9454136558032 39.03518916551192 0 0 39.03518916551192 49.41397594995482 -10.3787867844429
139.9454136558032 39.03518916551192 0 0 39.03518916551192 49.41397594995482 -10.3787867844429
139.8157427071746 39.03532276783956 0 0 39.03532276783956 49.41410955228245 -10.3787867844429
137.4654672883904 39.03534458367098 0 0 39.03534458367098 49.41413136811387 -10.3787867844429
137.4654672883904 39.03534458367098 0 0 39.03534458367098 49.41413136811387 -10.3787867844429
137.4687485217518 39.03554049624836 0 0 39.03554049624836 49.41432728069125 -10.3787867844429
137.4687485217518 39.03554049624836 0 0 39.03554049624836 49.41432728069125 -10.3787867844429
137.4687485217518 39.03554049624836 0 0 39.03554049624836 49.41432728069125 -10.3787867844429
137.4687485217518 39.03554049624836 0 0 39.03554049624836 49.41432728069125 -10.3787867844429
137.4687485217518 39.03554049624836 0 0 39.03554049624836 49.41432728069125 -10.3787867844429
137.4687485217518 39.03554049624836 0 0 39.03554049624836 49.41432728069125 -10.3787867844429
137.4687485217518 39.03554049624836 0 0 39.03554049624836 49.41432728069125 -10.3787867844429
137.4687485217518 39.03554049624836 0 0 39.03554049624836 49.41432728069125 -10.3787867844429
137.4687485217518 39.03554049624836 0 0 39.03554049624836 49.41432728069125 -10.3787867844429
137.4687485217518 39.03554049624836 0 0 39.03554049624836 49.41432728069125 -10.3787867844429
137.4687485217518 39.03554049624836 0 0 39.03554049624836 49.41432728069125 -10.3787867844429
139.1254415816995 39.03692487586078 0 0 39.03692487586078 49.41571166030367 -10.3787867844429
139.1254415816995 39.03692487586078 0 0 39.03692487586078 49.41571166030367 -10.3787867844429
139.1254415816995 39.03692487586078 0 0 39.03692487586078 49.41571166030367 -10.3787867844429
139.1254415816995 39.03692487586078 0 0 39.03692487586078 49.41571166030367 -10.3787867844429
139.1254415816995 39.03692487586078 0 0 39.03692487586078 49.41571166030367 -10.3787867844429
139.1254415816995 39.03692487586078 0 0 39.03692487586078 49.41571166030367 -10.3787867844429
138.90146212176 39.03734268910597 0 0 39.03734268910597 49.41612947354887 -10.3787867844429
139.0136341087103 39.03626091366131 0 0 39.03626091366131 49.4150476981042 -10.3787867844429
139.0136341087103 39.03626091366131 0 0 39.03626091366131 49.4150476981042 -10.3787867844429
139.0136341087103 39.03626091366131 0 0 39.03626091366131 49.4150476981042 -10.3787867844429
139.0136341087103 39.03626091366131 0 0 39.03626091366131 49.4150476981042 -10.3787867844429
139.0136341087103 39.03626091366131 0 0 39.03626091366131 49.4150476981042 -10.3787867844429
139.0136341087103 39.03626091366131 0 0 39.03626091366131 49.4150476981042 -10.3787867844429
139.0136341087103 39.03626091366131 0 0 39.03626091366131 49.4150476981042 -10.3787867844429
139.0136341087103 39.03626091366131 0 0 39.03626091366131 49.4150476981042 -10.3787867844429
139.0136341087103 39.03626091366131 0 0 39.03626091366131 49.4150476981042 -10.3787867844429
139.0136341087103 39.03626091366131 0 0 39.03626091366131 49.4150476981042 -10.3787867844429
139.0136341087103 39.03626091366131 0 0 39.03626091366131 49.4150476981042 -10.3787867844429
139.0136341087103 39.03626091366131 0 0 39.03626091366131 49.4150476981042 -10.3787867844429
139.0136341087103 39.03626091366131 0 0 39.03626091366131 49.4150476981042 -10.3787867844429
139.0136341087103 39.03626091366131 0 0 39.03626091366131 49.4150476981042 -10.3787867844429
139.0136341087103 39.03626091366131 0 0 39.03626091366131 49.4150476981042 -10.3787867844429
138.6694565707166 39.03621803631269 0 0 39.03621803631269 49.41500482075558 -10.3787867844429
138.6694565707166 39.03621803631269 0 0 39.03621803631269 49.41500482075558 -10.3787867844429
138.6694565707166 39.03621803631269 0 0 39.03621803631269 49.41500482075558 -10.3787867844429
138.6694565707166 39.03621803631269 0 0 39.03621803631269 49.41500482075558 -10.3787867844429
138.6694565707166 39.03621803631269 0 0 39.03621803631269 49.41500482075558 -10.3787867844429
138.6694565707166 39.03621803631269 0 0 39.03621803631269 49.41500482075558 -10.3787867844429
138.6694565707166 39.03621803631269 0 0 39.03621803631269 49.41500482075558 -10.3787867844429
138.6694565707166 39.03621803631269 0 0 39.03621803631269 49.41500482075558 -10.3787867844429
138.6694565707166 39.03621803631269 0 0 39.03621803631269 49.41500482075558 -10.3787867844429
138.6694565707166 39.03621803631269 0 0 39.03621803631269 49.41500482075558 -10.3787867844429
138.6694565707166 39.03621803631269 0 0 39.03621803631269 49.41500482075558 -10.3787867844429
138.6694565707166 39.03621803631269 0 0 39.03621803631269 49.41500482075558 -10.3787867844429
138.6694565707166 39.03621803631269 0 0 39.03621803631269 49.41500482075558 -10.3787867844429
138.6694565707166 39.03621803631269 0 0 39.03621803631269 49.41500482075558 -10.3787867844429
138.6694565707166 39.03621803631269 0 0 39.03621803631269 49.41500482075558 -10.3787867844429
138.6694565707166 39.03621803631269 0 0 39.03621803631269 49.41500482075558 -10.3787867844429
139.1570142331478 39.03260603996192 0 0 39.03260603996192 49.41139282440481 -10.3787867844429
139.1570142331478 39.03260603996192 0 0 39.03260603996192 49.41139282440481 -10.3787867844429
139.1570142331478 39.03260603996192 0 0 39.03260603996192 49.41139282440481 -10.3787867844429
139.1570142331478 39.03260603996192 0 0 39.03260603996192 49.41139282440481 -10.3787867844429
138.7244849027965 39.03269283568238 0 0 39.03269283568238 49.41147962012528 -10.3787867844429
138.7244849027965 39.03269283568238 0 0 39.03269283568238 49.41147962012528 -10.3787867844429
138.7244849027965 39.03269283568238 0 0 39.03269283568238 49.41147962012528 -10.3787867844429
138.7244849027965 39.03269283568238 0 0 39.03269283568238 49.41147962012528 -10.3787867844429
138.7244849027965 39.03269283568238 0 0 39.03269283568238 49.41147962012528 -10.3787867844429
138.7244849027965 39.03269283568238 0 0 39.03269283568238 49.41147962012528 -10.3787867844429
138.7244849027965 39.03269283568238 0 0 39.03269283568238 49.41147962012528 -10.3787867844429
137.1929403832416 39.03194684641456 0 0 39.03194684641456 49.41073363085746 -10.3787867844429
137.1929403832416 39.03194684641456 0 0 39.03194684641456 49.41073363085746 -10.3787867844429
137.1929403832416 39.03194684641456 0 0 39.03194684641456 49.41073363085746 -10.3787867844429
137.1929403832416 39.03194684641456 0 0 39.03194684641456 49.41073363085746 -10.3787867844429
137.1929403832416 39.03194684641456 0 0 39.03194684641456 49.41073363085746 -10.3787867844429
137.1929403832416 39.03194684641456 0 0 39.03194684641456 49.41073363085746 -10.3787867844429
139.1471006564686 39.03254653058228 0 0 39.03254653058228 49.41133331502518 -10.3787867844429
139.1471006564686 39.03254653058228 0 0 39.03254653058228 49.41133331502518 -10.3787867844429
139.1471006564686 39.03254653058228 0 0 39.03254653058228 49.41133331502518 -10.3787867844429
139.1471006564686 39.03254653058228 0 0 39.03254653058228 49.41133331502518 -10.3787867844429
139.1471006564686 39.03254653058228 0 0 39.03254653058228 49.41133331502518 -10.3787867844429
139.1471006564686 39.03254653058228 0 0 39.03254653058228 49.41133331502518 -10.3787867844429
139.1471006564686 39.03254653058228 0 0 39.03254653058228 49.41133331502518 -10.3787867844429
139.1471006564686 39.03254653058228 0 0 39.03254653058228 49.41133331502518 -10.3787867844429
139.1471006564686 39.03254653058228 0 0 39.03254653058228 49.41133331502518 -10.3787867844429
139.1471006564686 39.03254653058228 0 0 39.03254653058228 49.41133331502518 -10.3787867844429
138.394705723826 39.03265009604439 0 0 39.03265009604439 49.41143688048729 -10.3787867844429
138.394705723826 39.03265009604439 0 0 39.03265009604439 49.41143688048729 -10.3787867844429
139.8051407910457 39.02964677841088 0 0 39.02964677841088 49.40843356285378 -10.3787867844429
139.8051407910457 39.02964677841088 0 0 39.02964677841088 49.40843356285378 -10.3787867844429
139.8051407910457 39.02964677841088 0 0 39.02964677841088 49.40843356285378 -10.3787867844429
139.8051407910457 39.02964677841088 0 0 39.02964677841088 49.40843356285378 -10.3787867844429
139.8051407910457 39.02964677841088 0 0 39.02964677841088 49.40843356285378 -10.3787867844429
139.8051407910457 39.02964677841088 0 0 39.02964677841088 49.40843356285378 -10.3787867844429
139.8051407910457 39.02964677841088 0 0 39.02964677841088 49.40843356285378 -10.3787867844429
139.8051407910457 39.02964677841088 0 0 39.02964677841088 49.40843356285378 -10.3787867844429
139.8051407910457 39.02964677841088 0 0 39.02964677841088 49.40843356285378 -10.3787867844429
139.8666822643533 39.02978757522715 0 0 39.02978757522715 49.40857435967005 -10.3787867844429
139.8666822643533 39.02978757522715 0 0 39.02978757522715 49.40857435967005 -10.3787867844429
139.8666822643533 39.02978757522715 0 0 39.02978757522715 49.40857435967005 -10.3787867844429
139.8666822643533 39.02978757522715 0 0 39.02978757522715 49.40857435967005 -10.3787867844429
140.0157748445467 39.02944236823615 0 0 39.02944236823615 49.40822915267904 -10.3787867844429
140.0157748445467 39.02944236823615 0 0 39.02944236823615 49.40822915267904 -10.3787867844429
140.0157748445467 39.02944236823615 0 0 39.02944236823615 49.40822915267904 -10.3787867844429
140.0157748445467 39.02944236823615 0 0 39.02944236823615 49.40822915267904 -10.3787867844429
140.0157748445467 39.02944236823615 0 0 39.02944236823615 49.40822915267904 -10.3787867844429
140.0157748445467 39.02944236823615 0 0 39.02944236823615 49.40822915267904 -10.3787867844429
140.0157748445467 39.02944236823615 0 0 39.02944236823615 49.40822915267904 -10.3787867844429
140.0157748445467 39.02944236823615 0 0 39.02944236823615 49.40822915267904 -10.3787867844429
140.0157748445467 39.02944236823615 0 0 39.02944236823615 49.40822915267904 -10.3787867844429
140.0157748445467 39.02944236823615 0 0 39.02944236823615 49.40822915267904 -10.3787867844429
140.0157748445467 39.02944236823615 0 0 39.02944236823615 49.40822915267904 -10.3787867844429
140.0157748445467 39.02944236823615 0 0 39.02944236823615 49.40822915267904 -10.3787867844429
140.0157748445467 39.02944236823615 0 0 39.02944236823615 49.40822915267904 -10.3787867844429
140.0157748445467 39.02944236823615 0 0 39.02944236823615 49.40822915267904 -10.3787867844429
140.0157748445467 39.02944236823615 0 0 39.02944236823615 49.40822915267904 -10.3787867844429
140.0157748445467 39.02944236823615 0 0 39.02944236823615 49.40822915267904 -10.3787867844429
140.0157748445467 39.02944236823615 0 0 39.02944236823615 49.40822915267904 -10.3787867844429
140.0157748445467 39.02944236823615 0 0 39.02944236823615 49.40822915267904 -10.3787867844429
140.0157748445467 39.02944236823615 0 0 39.02944236823615 49.40822915267904 -10.3787867844429
140.0157748445467 39.02944236823615 0 0 39.02944236823615 49.40822915267904 -10.3787867844429
140.0157748445467 39.02944236823615 0 0 39.02944236823615 49.40822915267904 -10.3787867844429
139.5721272487615 39.02725578343372 0 0 39.02725578343372 49.40604256787662 -10.3787867844429
139.5721272487615 39.02725578343372 0 0 39.02725578343372 49.40604256787662 -10.3787867844429
139.5721272487615 39.02725578343372 0 0 39.02725578343372 49.40604256787662 -10.3787867844429
139.5721272487615 39.02725578343372 0 0 39.02725578343372 49.40604256787662 -10.3787867844429
139.5721272487615 39.02725578343372 0 0 39.02725578343372 49.40604256787662 -10.3787867844429
139.5721272487615 39.02725578343372 0 0 39.02725578343372 49.40604256787662 -10.3787867844429
139.5721272487615 39.02725578343372 0 0 39.02725578343372 49.40604256787662 -10.3787867844429
139.5721272487615 39.02725578343372 0 0 39.02725578343372 49.40604256787662 -10.3787867844429
139.5721272487615 39.02725578343372 0 0 39.02725578343372 49.40604256787662 -10.3787867844429
139.5783095927918 39.02554266684639 0 0 39.02554266684639 49.40432945128929 -10.3787867844429
139.5795763864502 39.02174616450621 0 0 39.02174616450621 49.40053294894911 -10.3787867844429
140.0209057776506 39.02384070217201 0 0 39.02384070217201 49.4026274866149 -10.3787867844429
140.0463863708263 39.02633271290512 0 0 39.02633271290512 49.40511949734802 -10.3787867844429
140.0255865690511 39.0254091808349 0 0 39.0254091808349 49.40419596527779 -10.3787867844429
140.0255865690511 39.0254091808349 0 0 39.0254091808349 49.40419596527779 -10.3787867844429
140.0255865690511 39.0254091808349 0 0 39.0254091808349 49.40419596527779 -10.3787867844429
140.0255865690511 39.0254091808349 0 0 39.0254091808349 49.40419596527779 -10.3787867844429
140.0255865690511 39.0254091808349 0 0 39.0254091808349 49.40419596527779 -10.3787867844429
140.0255865690511 39.0254091808349 0 0 39.0254091808349 49.40419596527779 -10.3787867844429
140.0255865690511 39.0254091808349 0 0 39.0254091808349 49.40419596527779 -10.3787867844429
136.0880151191408 39.0236953827466 0 0 39.0236953827466 49.4024821671895 -10.3787867844429
136.0880151191408 39.0236953827466 0 0 39.0236953827466 49.4024821671895 -10.3787867844429
136.0880151191408 39.0236953827466 0 0 39.0236953827466 49.4024821671895 -10.3787867844429
136.0880151191408 39.0236953827466 0 0 39.0236953827466 49.4024821671895 -10.3787867844429
136.0880151191408 39.0236953827466 0 0 39.0236953827466 49.4024821671895 -10.3787867844429
136.0880151191408 39.0236953827466 0 0 39.0236953827466 49.4024821671895 -10.3787867844429
136.0880151191408 39.0236953827466 0 0 39.0236953827466 49.4024821671895 -10.3787867844429
136.0880151191408 39.0236953827466 0 0 39.0236953827466 49.4024821671895 -10.3787867844429
136.0880151191408 39.0236953827466 0 0 39.0236953827466 49.4024821671895 -10.3787867844429
136.0880151191408 39.0236953827466 0 0 39.0236953827466 49.4024821671895 -10.3787867844429
136.0880151191408 39.0236953827466 0 0 39.0236953827466 49.4024821671895 -10.3787867844429
139.3582893779111 39.02059776115884 0 0 39.02059776115884 49.39938454560174 -10.3787867844429
139.3582893779111 39.02059776115884 0 0 39.02059776115884 49.39938454560174 -10.3787867844429
139.3582893779111 39.02059776115884 0 0 39.02059776115884 49.39938454560174 -10.3787867844429
139.3582893779111 39.02059776115884 0 0 39.02059776115884 49.39938454560174 -10.3787867844429
139.3582893779111 39.02059776115884 0 0 39.02059776115884 49.39938454560174 -10.3787867844429
139.3582893779111 39.02059776115884 0 0 39.02059776115884 49.39938454560174 -10.3787867844429
139.3582893779111 39.02059776115884 0 0 39.02059776115884 49.39938454560174 -10.3787867844429
139.3582893779111 39.02059776115884 0 0 39.02059776115884 49.39938454560174 -10.3787867844429
139.3582893779111 39.02059776115884 0 0 39.02059776115884 49.39938454560174 -10.3787867844429
139.3582893779111 39.02059776115884 0 0 39.02059776115884 49.39938454560174 -10.3787867844429
139.3582893779111 39.02059776115884 0 0 39.02059776115884 49.39938454560174 -10.3787867844429
139.3582893779111 39.02059776115884 0 0 39.02059776115884 49.39938454560174 -10.3787867844429
139.3582893779111 39.02059776115884 0 0 39.02059776115884 49.39938454560174 -10.3787867844429
139.3582893779111 39.02059776115884 0 0 39.02059776115884 49.39938454560174 -10.3787867844429
139.3582893779111 39.02059776115884 0 0 39.02059776115884 49.39938454560174 -10.3787867844429
139.3582893779111 39.02059776115884 0 0 39.02059776115884 49.39938454560174 -10.3787867844429
139.3582893779111 39.02059776115884 0 0 39.02059776115884 49.39938454560174 -10.3787867844429
139.3582893779111 39.02059776115884 0 0 39.02059776115884 49.39938454560174 -10.3787867844429
139.3582893779111 39.02059776115884 0 0 39.02059776115884 49.39938454560174 -10.3787867844429
139.386934285502 39.01288977011963 0 0 39.01288977011963 49.39167655456252 -10.3787867844429
139.3761377105247 39.00975489886282 0 0 39.00975489886282 49.38854168330572 -10.3787867844429
139.374689859437 39.00847637227203 0 0 39.00847637227203 49.38726315671492 -10.3787867844429
139.334284179353 39.00926628526638 0 0 39.00926628526638 49.38805306970928 -10.3787867844429
139.334284179353 39.00926628526638 0 0 39.00926628526638 49.38805306970928 -10.3787867844429
139.334284179353 39.00926628526638 0 0 39.00926628526638 49.38805306970928 -10.3787867844429
139.4000060027009 39.00820744188812 0 0 39.00820744188812 49.38699422633101 -10.3787867844429
139.1392181922213 39.00929911207284 0 0 39.00929911207284 49.38808589651574 -10.3787867844429
139.1392181922213 39.00929911207284 0 0 39.00929911207284 49.38808589651574 -10.3787867844429
139.1392181922213 39.00929911207284 0 0 39.00929911207284 49.38808589651574 -10.3787867844429
139.1392181922213 39.00929911207284 0 0 39.00929911207284 49.38808589651574 -10.3787867844429
139.1392181922213 39.00929911207284 0 0 39.00929911207284 49.38808589651574 -10.3787867844429
139.1392181922213 39.00929911207284 0 0 39.00929911207284 49.38808589651574 -10.3787867844429
139.1392181922213 39.00929911207284 0 0 39.00929911207284 49.38808589651574 -10.3787867844429
139.1392181922213 39.00929911207284 0 0 39.00929911207284 49.38808589651574 -10.3787867844429
139.1392181922213 39.00929911207284 0 0 39.00929911207284 49.38808589651574 -10.3787867844429
139.1392181922213 39.00929911207284 0 0 39.00929911207284 49.38808589651574 -10.3787867844429
139.1392181922213 39.00929911207284 0 0 39.00929911207284 49.38808589651574 -10.3787867844429
139.1392181922213 39.00929911207284 0 0 39.00929911207284 49.38808589651574 -10.3787867844429
139.1392181922213 39.00929911207284 0 0 39.00929911207284 49.38808589651574 -10.3787867844429
138.7944510593503 39.00985229142981 0 0 39.00985229142981 49.38863907587271 -10.3787867844429
138.7944510593503 39.00985229142981 0 0 39.00985229142981 49.38863907587271 -10.3787867844429
140.0461360368993 39.00816684191243 0 0 39.00816684191243 49.38695362635533 -10.3787867844429
140.0461360368993 39.00816684191243 0 0 39.00816684191243 49.38695362635533 -10.3787867844429
140.0461360368993 39.00816684191243 0 0 39.00816684191243 49.38695362635533 -10.3787867844429
140.0461360368993 39.00816684191243 0 0 39.00816684191243 49.38695362635533 -10.3787867844429
139.3509787584113 39.0096726332898 0 0 39.0096726332898 49.38845941773269 -10.3787867844429
139.3509787584113 39.0096726332898 0 0 39.0096726332898 49.38845941773269 -10.3787867844429
139.405029703158 39.00989567122336 0 0 39.00989567122336 49.38868245566626 -10.3787867844429
139.3983188753525 39.01088639658018 0 0 39.01088639658018 49.38967318102307 -10.3787867844429
139.3983188753525 39.01088639658018 0 0 39.01088639658018 49.38967318102307 -10.3787867844429
139.3971669702123 39.00960970125945 0 0 39.00960970125945 49.38839648570234 -10.3787867844429
139.4021385550144 39.00981150678828 0 0 39.00981150678828 49.38859829123118 -10.3787867844429
139.3940229614001 39.0094121425787 0 0 39.0094121425787 49.38819892702159 -10.3787867844429
139.3940229614001 39.0094121425787 0 0 39.0094121425787 49.38819892702159 -10.3787867844429
139.3940229614001 39.0094121425787 0 0 39.0094121425787 49.38819892702159 -10.3787867844429
139.3940229614001 39.0094121425787 0 0 39.0094121425787 49.38819892702159 -10.3787867844429
139.4312024893313 39.00685782800129 0 0 39.00685782800129 49.38564461244418 -10.3787867844429
139.4312024893313 39.00685782800129 0 0 39.00685782800129 49.38564461244418 -10.3787867844429
139.4312024893313 39.00685782800129 0 0 39.00685782800129 49.38564461244418 -10.3787867844429
139.4312024893313 39.00685782800129 0 0 39.00685782800129 49.38564461244418 -10.3787867844429
139.4312024893313 39.00685782800129 0 0 39.00685782800129 49.38564461244418 -10.3787867844429
139.4312024893313 39.00685782800129 0 0 39.00685782800129 49.38564461244418 -10.3787867844429
139.4312024893313 39.00685782800129 0 0 39.00685782800129 49.38564461244418 -10.3787867844429
139.4312024893313 39.00685782800129 0 0 39.00685782800129 49.38564461244418 -10.3787867844429
139.4312024893313 39.00685782800129 0 0 39.00685782800129 49.38564461244418 -10.3787867844429
139.4312024893313 39.00685782800129 0 0 39.00685782800129 49.38564461244418 -10.3787867844429
139.4312024893313 39.00685782800129 0 0 39.00685782800129 49.38564461244418 -10.3787867844429
139.4312024893313 39.00685782800129 0 0 39.00685782800129 49.38564461244418 -10.3787867844429
139.4312024893313 39.00685782800129 0 0 39.00685782800129 49.38564461244418 -10.3787867844429
139.4312024893313 39.00685782800129 0 0 39.00685782800129 49.38564461244418 -10.3787867844429
139.4312024893313 39.00685782800129 0 0 39.00685782800129 49.38564461244418 -10.3787867844429
139.4312024893313 39.00685782800129 0 0 39.00685782800129 49.38564461244418 -10.3787867844429
139.4312024893313 39.00685782800129 0 0 39.00685782800129 49.38564461244418 -10.3787867844429
138.6872619751097 38.994046279483 0 0 38.994046279483 49.3728330639259 -10.3787867844429
139.172928839937 38.99668892534156 0 0 38.99668892534156 49.37547570978446 -10.3787867844429
139.2074246252199 38.99857362289195 0 0 38.99857362289195 49.37736040733486 -10.3787867844429
139.4768162997951 38.9895890485633 0 0 38.9895890485633 49.3683758330062 -10.3787867844429
139.4768162997951 38.9895890485633 0 0 38.9895890485633 49.3683758330062 -10.3787867844429
139.4768162997951 38.9895890485633 0 0 38.9895890485633 49.3683758330062 -10.3787867844429
139.1201555879144 38.99263087111753 0 0 38.99263087111753 49.37141765556042 -10.3787867844429
139.1201555879144 38.99263087111753 0 0 38.99263087111753 49.37141765556042 -10.3787867844429
139.3070205410968 38.98135202066452 0 0 38.98135202066452 49.36013880510742 -10.3787867844429
139.3070205410968 38.98135202066452 0 0 38.98135202066452 49.36013880510742 -10.3787867844429
139.3070205410968 38.98135202066452 0 0 38.98135202066452 49.36013880510742 -10.3787867844429
139.3070205410968 38.98135202066452 0 0 38.98135202066452 49.36013880510742 -10.3787867844429
139.3070205410968 38.98135202066452 0 0 38.98135202066452 49.36013880510742 -10.3787867844429
139.3070205410968 38.98135202066452 0 0 38.98135202066452 49.36013880510742 -10.3787867844429
139.3070205410968 38.98135202066452 0 0 38.98135202066452 49.36013880510742 -10.3787867844429
139.3070205410968 38.98135202066452 0 0 38.98135202066452 49.36013880510742 -10.3787867844429
139.3070205410968 38.98135202066452 0 0 38.98135202066452 49.36013880510742 -10.3787867844429
139.3623703678103 38.98111761271704 0 0 38.98111761271704 49.35990439715994 -10.3787867844429
139.3623703678103 38.98111761271704 0 0 38.98111761271704 49.35990439715994 -10.3787867844429
139.3623703678103 38.98111761271704 0 0 38.98111761271704 49.35990439715994 -10.3787867844429
139.3623703678103 38.98111761271704 0 0 38.98111761271704 49.35990439715994 -10.3787867844429
139.3623703678103 38.98111761271704 0 0 38.98111761271704 49.35990439715994 -10.3787867844429
139.3623703678103 38.98111761271704 0 0 38.98111761271704 49.35990439715994 -10.3787867844429
139.3623703678103 38.98111761271704 0 0 38.98111761271704 49.35990439715994 -10.3787867844429
139.3623703678103 38.98111761271704 0 0 38.98111761271704 49.35990439715994 -10.3787867844429
139.3623703678103 38.98111761271704 0 0 38.98111761271704 49.35990439715994 -10.3787867844429
139.3623703678103 38.98111761271704 0 0 38.98111761271704 49.35990439715994 -10.3787867844429
139.3623703678103 38.98111761271704 0 0 38.98111761271704 49.35990439715994 -10.3787867844429
139.3623703678103 38.98111761271704 0 0 38.98111761271704 49.35990439715994 -10.3787867844429
139.3623703678103 38.98111761271704 0 0 38.98111761271704 49.35990439715994 -10.3787867844429
139.3623703678103 38.98111761271704 0 0 38.98111761271704 49.35990439715994 -10.3787867844429
139.3623703678103 38.98111761271704 0 0 38.98111761271704 49.35990439715994 -10.3787867844429
139.3623703678103 38.98111761271704 0 0 38.98111761271704 49.35990439715994 -10.3787867844429
139.3623703678103 38.98111761271704 0 0 38.98111761271704 49.35990439715994 -10.3787867844429
139.3623703678103 38.98111761271704 0 0 38.98111761271704 49.35990439715994 -10.3787867844429
138.8067123842626 38.97789925786367 0 0 38.97789925786367 49.35668604230657 -10.3787867844429
139.2095648241141 38.97556345493376 0 0 38.97556345493376 49.35435023937666 -10.3787867844429
139.2095648241141 38.97556345493376 0 0 38.97556345493376 49.35435023937666 -10.3787867844429
139.2095648241141 38.97556345493376 0 0 38.97556345493376 49.35435023937666 -10.3787867844429
139.2095648241141 38.97556345493376 0 0 38.97556345493376 49.35435023937666 -10.3787867844429
139.2095648241141 38.97556345493376 0 0 38.97556345493376 49.35435023937666 -10.3787867844429
139.2095648241141 38.97556345493376 0 0 38.97556345493376 49.35435023937666 -10.3787867844429
139.2095648241141 38.97556345493376 0 0 38.97556345493376 49.35435023937666 -10.3787867844429
139.2095648241141 38.97556345493376 0 0 38.97556345493376 49.35435023937666 -10.3787867844429
139.2095648241141 38.97556345493376 0 0 38.97556345493376 49.35435023937666 -10.3787867844429
139.3185456128541 38.9763282263098 0 0 38.9763282263098 49.3551150107527 -10.3787867844429
139.3185456128541 38.9763282263098 0 0 38.9763282263098 49.3551150107527 -10.3787867844429
139.3185456128541 38.9763282263098 0 0 38.9763282263098 49.3551150107527 -10.3787867844429
139.3185456128541 38.9763282263098 0 0 38.9763282263098 49.3551150107527 -10.3787867844429
139.3185456128541 38.9763282263098 0 0 38.9763282263098 49.3551150107527 -10.3787867844429
139.3127806664333 38.97724134091976 0 0 38.97724134091976 49.35602812536266 -10.3787867844429
139.3127806664333 38.97724134091976 0 0 38.97724134091976 49.35602812536266 -10.3787867844429
139.3127806664333 38.97724134091976 0 0 38.97724134091976 49.35602812536266 -10.3787867844429
139.61832974857 38.97705117398155 0 0 38.97705117398155 49.35583795842445 -10.3787867844429
139.61832974857 38.97705117398155 0 0 38.97705117398155 49.35583795842445 -10.3787867844429
139.61832974857 38.97705117398155 0 0 38.97705117398155 49.35583795842445 -10.3787867844429
139.61832974857 38.97705117398155 0 0 38.97705117398155 49.35583795842445 -10.3787867844429
139.61832974857 38.97705117398155 0 0 38.97705117398155 49.35583795842445 -10.3787867844429
139.61832974857 38.97705117398155 0 0 38.97705117398155 49.35583795842445 -10.3787867844429
139.61832974857 38.97705117398155 0 0 38.97705117398155 49.35583795842445 -10.3787867844429
139.61832974857 38.97705117398155 0 0 38.97705117398155 49.35583795842445 -10.3787867844429
139.61832974857 38.97705117398155 0 0 38.97705117398155 49.35583795842445 -10.3787867844429
139.61832974857 38.97705117398155 0 0 38.97705117398155 49.35583795842445 -10.3787867844429
139.61832974857 38.97705117398155 0 0 38.97705117398155 49.35583795842445 -10.3787867844429
139.61832974857 38.97705117398155 0 0 38.97705117398155 49.35583795842445 -10.3787867844429
139.61832974857 38.97705117398155 0 0 38.97705117398155 49.35583795842445 -10.3787867844429
139.61832974857 38.97705117398155 0 0 38.97705117398155 49.35583795842445 -10.3787867844429
139.61832974857 38.97705117398155 0 0 38.97705117398155 49.35583795842445 -10.3787867844429
139.61832974857 38.97705117398155 0 0 38.97705117398155 49.35583795842445 -10.3787867844429
139.61832974857 38.97705117398155 0 0 38.97705117398155 49.35583795842445 -10.3787867844429
139.61832974857 38.97705117398155 0 0 38.97705117398155 49.35583795842445 -10.3787867844429
139.61832974857 38.97705117398155 0 0 38.97705117398155 49.35583795842445 -10.3787867844429
139.61832974857 38.97705117398155 0 0 38.97705117398155 49.35583795842445 -10.3787867844429
139.61832974857 38.97705117398155 0 0 38.97705117398155 49.35583795842445 -10.3787867844429
139.61832974857 38.97705117398155 0 0 38.97705117398155 49.35583795842445 -10.3787867844429
