totalLogLikelihoodDensity totalLogPriorDensity H1NoiseLogPriorDensity L1NoiseLogPriorDensity gwLogPriorDensity gwExtrinsicLogPriorDensityTracker gwCbcLogPriorDensityTracker
104.7957695872039 43.70978906200614 0 0 43.70978906200614 54.08857584644904 -10.3787867844429
138.2012448502592 39.15690088971803 0 0 39.15690088971803 49.53568767416093 -10.3787867844429
138.8064417856844 39.1421085716662 0 0 39.1421085716662 49.52089535610909 -10.3787867844429
138.8064417856844 39.1421085716662 0 0 39.1421085716662 49.52089535610909 -10.3787867844429
139.160228834454 39.18486658260838 0 0 39.18486658260838 49.56365336705128 -10.3787867844429
139.160228834454 39.18486658260838 0 0 39.18486658260838 49.56365336705128 -10.3787867844429
139.160228834454 39.18486658260838 0 0 39.18486658260838 49.56365336705128 -10.3787867844429
138.8417761034561 39.18560500354749 0 0 39.18560500354749 49.5643917879904 -10.3787867844429
138.8417761034561 39.18560500354749 0 0 39.18560500354749 49.5643917879904 -10.3787867844429
138.8417761034561 39.18560500354749 0 0 39.18560500354749 49.5643917879904 -10.3787867844429
138.8417761034561 39.18560500354749 0 0 39.18560500354749 49.5643917879904 -10.3787867844429
138.8417761034561 39.18560500354749 0 0 39.18560500354749 49.5643917879904 -10.3787867844429
138.8417761034561 39.18560500354749 0 0 39.18560500354749 49.5643917879904 -10.3787867844429
138.8417761034561 39.18560500354749 0 0 39.18560500354749 49.5643917879904 -10.3787867844429
138.8417761034561 39.18560500354749 0 0 39.18560500354749 49.5643917879904 -10.3787867844429
138.8417761034561 39.18560500354749 0 0 39.18560500354749 49.5643917879904 -10.3787867844429
138.8417761034561 39.18560500354749 0 0 39.18560500354749 49.5643917879904 -10.3787867844429
139.0038170262508 39.18502736873481 0 0 39.18502736873481 49.56381415317771 -10.3787867844429
139.7205130252432 39.18611540528124 0 0 39.18611540528124 49.56490218972414 -10.3787867844429
139.7205130252432 39.18611540528124 0 0 39.18611540528124 49.56490218972414 -10.3787867844429
139.7205130252432 39.18611540528124 0 0 39.18611540528124 49.56490218972414 -10.3787867844429
139.7205130252432 39.18611540528124 0 0 39.18611540528124 49.56490218972414 -10.3787867844429
139.7205130252432 39.18611540528124 0 0 39.18611540528124 49.56490218972414 -10.3787867844429
139.3430723264261 39.18577246504491 0 0 39.18577246504491 49.5645592494878 -10.3787867844429
139.3430723264261 39.18577246504491 0 0 39.18577246504491 49.5645592494878 -10.3787867844429
139.3430723264261 39.18577246504491 0 0 39.18577246504491 49.5645592494878 -10.3787867844429
139.3430723264261 39.18577246504491 0 0 39.18577246504491 49.5645592494878 -10.3787867844429
139.3430723264261 39.18577246504491 0 0 39.18577246504491 49.5645592494878 -10.3787867844429
139.3430723264261 39.18577246504491 0 0 39.18577246504491 49.5645592494878 -10.3787867844429
139.3430723264261 39.18577246504491 0 0 39.18577246504491 49.5645592494878 -10.3787867844429
139.3430723264261 39.18577246504491 0 0 39.18577246504491 49.5645592494878 -10.3787867844429
139.6888676889562 39.18642563443387 0 0 39.18642563443387 49.56521241887678 -10.3787867844429
139.6888676889562 39.18642563443387 0 0 39.18642563443387 49.56521241887678 -10.3787867844429
139.7659987673825 39.18563202765185 0 0 39.18563202765185 49.56441881209475 -10.3787867844429
139.7659987673825 39.18563202765185 0 0 39.18563202765185 49.56441881209475 -10.3787867844429
139.7659987673825 39.18563202765185 0 0 39.18563202765185 49.56441881209475 -10.3787867844429
139.7659987673825 39.18563202765185 0 0 39.18563202765185 49.56441881209475 -10.3787867844429
139.7659987673825 39.18563202765185 0 0 39.18563202765185 49.56441881209475 -10.3787867844429
139.7659987673825 39.18563202765185 0 0 39.18563202765185 49.56441881209475 -10.3787867844429
139.7659987673825 39.18563202765185 0 0 39.18563202765185 49.56441881209475 -10.3787867844429
139.7659987673825 39.18563202765185 0 0 39.18563202765185 49.56441881209475 -10.3787867844429
139.7659987673825 39.18563202765185 0 0 39.18563202765185 49.56441881209475 -10.3787867844429
139.764030014072 39.18273973893767 0 0 39.18273973893767 49.56152652338057 -10.3787867844429
139.764030014072 39.18273973893767 0 0 39.18273973893767 49.56152652338057 -10.3787867844429
139.764030014072 39.18273973893767 0 0 39.18273973893767 49.56152652338057 -10.3787867844429
139.764030014072 39.18273973893767 0 0 39.18273973893767 49.56152652338057 -10.3787867844429
139.764030014072 39.18273973893767 0 0 39.18273973893767 49.56152652338057 -10.3787867844429
139.764030014072 39.18273973893767 0 0 39.18273973893767 49.56152652338057 -10.3787867844429
139.764030014072 39.18273973893767 0 0 39.18273973893767 49.56152652338057 -10.3787867844429
139.764030014072 39.18273973893767 0 0 39.18273973893767 49.56152652338057 -10.3787867844429
139.764030014072 39.18273973893767 0 0 39.18273973893767 49.56152652338057 -10.3787867844429
139.764030014072 39.18273973893767 0 0 39.18273973893767 49.56152652338057 -10.3787867844429
139.764030014072 39.18273973893767 0 0 39.18273973893767 49.56152652338057 -10.3787867844429
139.764030014072 39.18273973893767 0 0 39.18273973893767 49.56152652338057 -10.3787867844429
139.7809230359347 39.18247204963291 0 0 39.18247204963291 49.56125883407581 -10.3787867844429
139.7809230359347 39.18247204963291 0 0 39.18247204963291 49.56125883407581 -10.3787867844429
139.7676299950741 39.18269010307618 0 0 39.18269010307618 49.56147688751908 -10.3787867844429
139.7676299950741 39.18269010307618 0 0 39.18269010307618 49.56147688751908 -10.3787867844429
139.7404054558011 39.18140417912532 0 0 39.18140417912532 49.56019096356822 -10.3787867844429
139.7404054558011 39.18140417912532 0 0 39.18140417912532 49.56019096356822 -10.3787867844429
139.7404054558011 39.18140417912532 0 0 39.18140417912532 49.56019096356822 -10.3787867844429
139.7404054558011 39.18140417912532 0 0 39.18140417912532 49.56019096356822 -10.3787867844429
139.7404054558011 39.18140417912532 0 0 39.18140417912532 49.56019096356822 -10.3787867844429
139.7404054558011 39.18140417912532 0 0 39.18140417912532 49.56019096356822 -10.3787867844429
139.7858635321844 39.17669295296942 0 0 39.17669295296942 49.55547973741231 -10.3787867844429
139.7858635321844 39.17669295296942 0 0 39.17669295296942 49.55547973741231 -10.3787867844429
139.7991257480808 39.17773199874746 0 0 39.17773199874746 49.55651878319036 -10.3787867844429
139.7991257480808 39.17773199874746 0 0 39.17773199874746 49.55651878319036 -10.3787867844429
139.7991257480808 39.17773199874746 0 0 39.17773199874746 49.55651878319036 -10.3787867844429
139.7839643456516 39.17762427876256 0 0 39.17762427876256 49.55641106320547 -10.3787867844429
139.7813703861976 39.17683728342584 0 0 39.17683728342584 49.55562406786873 -10.3787867844429
139.7813703861976 39.17683728342584 0 0 39.17683728342584 49.55562406786873 -10.3787867844429
139.7813703861976 39.17683728342584 0 0 39.17683728342584 49.55562406786873 -10.3787867844429
139.7813703861976 39.17683728342584 0 0 39.17683728342584 49.55562406786873 -10.3787867844429
139.7813703861976 39.17683728342584 0 0 39.17683728342584 49.55562406786873 -10.3787867844429
139.7813703861976 39.17683728342584 0 0 39.17683728342584 49.55562406786873 -10.3787867844429
139.783186466295 39.18022432983452 0 0 39.18022432983452 49.55901111427741 -10.3787867844429
139.7794369650784 39.17991343808853 0 0 39.17991343808853 49.55870022253144 -10.3787867844429
139.7833950143142 39.18281820787041 0 0 39.18281820787041 49.56160499231331 -10.3787867844429
139.7898488511555 39.18456591700533 0 0 39.18456591700533 49.56335270144823 -10.3787867844429
139.7898488511555 39.18456591700533 0 0 39.18456591700533 49.56335270144823 -10.3787867844429
139.7877165679548 39.18223653908771 0 0 39.18223653908771 49.56102332353061 -10.3787867844429
139.7877165679548 39.18223653908771 0 0 39.18223653908771 49.56102332353061 -10.3787867844429
139.7848804836468 39.18308892165572 0 0 39.18308892165572 49.56187570609862 -10.3787867844429
139.7947600023394 39.18229521270132 0 0 39.18229521270132 49.56108199714421 -10.3787867844429
139.7891770699842 39.18352090972866 0 0 39.18352090972866 49.56230769417155 -10.3787867844429
139.7891770699842 39.18352090972866 0 0 39.18352090972866 49.56230769417155 -10.3787867844429
139.7891770699842 39.18352090972866 0 0 39.18352090972866 49.56230769417155 -10.3787867844429
139.7873436078042 39.18366912481231 0 0 39.18366912481231 49.56245590925521 -10.3787867844429
139.7873436078042 39.18366912481231 0 0 39.18366912481231 49.56245590925521 -10.3787867844429
139.7873436078042 39.18366912481231 0 0 39.18366912481231 49.56245590925521 -10.3787867844429
139.7873436078042 39.18366912481231 0 0 39.18366912481231 49.56245590925521 -10.3787867844429
139.7815950283861 39.18554518527479 0 0 39.18554518527479 49.56433196971769 -10.3787867844429
139.7654185579376 39.18549489279454 0 0 39.18549489279454 49.56428167723744 -10.3787867844429
139.7654185579376 39.18549489279454 0 0 39.18549489279454 49.56428167723744 -10.3787867844429
139.7653094603551 39.18401438039977 0 0 39.18401438039977 49.56280116484267 -10.3787867844429
139.7680799630675 39.18355844091876 0 0 39.18355844091876 49.56234522536166 -10.3787867844429
139.7725900297003 39.1829254172478 0 0 39.1829254172478 49.5617122016907 -10.3787867844429
139.7740428763509 39.18270367038498 0 0 39.18270367038498 49.56149045482788 -10.3787867844429
139.7776901254919 39.18342835873017 0 0 39.18342835873017 49.56221514317307 -10.3787867844429
139.7842201972957 39.18565525943042 0 0 39.18565525943042 49.56444204387331 -10.3787867844429
139.7805469489226 39.18551523513914 0 0 39.18551523513914 49.56430201958203 -10.3787867844429
139.7829618436906 39.18597950266606 0 0 39.18597950266606 49.56476628710895 -10.3787867844429
139.7860198610067 39.18792068369228 0 0 39.18792068369228 49.56670746813518 -10.3787867844429
139.7974555326741 39.18621990625471 0 0 39.18621990625471 49.56500669069761 -10.3787867844429
139.8032364547883 39.18611484839793 0 0 39.18611484839793 49.56490163284083 -10.3787867844429
139.8112192878798 39.18635291929618 0 0 39.18635291929618 49.56513970373908 -10.3787867844429
139.8061427774661 39.18631834270985 0 0 39.18631834270985 49.56510512715275 -10.3787867844429
139.8061427774661 39.18631834270985 0 0 39.18631834270985 49.56510512715275 -10.3787867844429
139.8150265304398 39.18404062988299 0 0 39.18404062988299 49.56282741432589 -10.3787867844429
139.8083104666825 39.1832608762836 0 0 39.1832608762836 49.56204766072649 -10.3787867844429
139.8001647895576 39.18452939434705 0 0 39.18452939434705 49.56331617878995 -10.3787867844429
139.8001647895576 39.18452939434705 0 0 39.18452939434705 49.56331617878995 -10.3787867844429
139.8035579093383 39.18020926141219 0 0 39.18020926141219 49.55899604585508 -10.3787867844429
139.8024861042423 39.17901164401573 0 0 39.17901164401573 49.55779842845863 -10.3787867844429
139.8024861042423 39.17901164401573 0 0 39.17901164401573 49.55779842845863 -10.3787867844429
139.8024861042423 39.17901164401573 0 0 39.17901164401573 49.55779842845863 -10.3787867844429
139.7970291640984 39.17857419027992 0 0 39.17857419027992 49.55736097472281 -10.3787867844429
139.8041870247857 39.17874758581975 0 0 39.17874758581975 49.55753437026265 -10.3787867844429
139.7857740687267 39.17975645775593 0 0 39.17975645775593 49.55854324219883 -10.3787867844429
139.7841355270784 39.17822466708513 0 0 39.17822466708513 49.55701145152803 -10.3787867844429
139.7795786446801 39.17853520172541 0 0 39.17853520172541 49.5573219861683 -10.3787867844429
139.7793542189942 39.17889941328352 0 0 39.17889941328352 49.55768619772641 -10.3787867844429
139.7793542189942 39.17889941328352 0 0 39.17889941328352 49.55768619772641 -10.3787867844429
139.7718005980503 39.18043306350506 0 0 39.18043306350506 49.55921984794796 -10.3787867844429
139.7802856565381 39.18143001609805 0 0 39.18143001609805 49.56021680054094 -10.3787867844429
139.7802856565381 39.18143001609805 0 0 39.18143001609805 49.56021680054094 -10.3787867844429
139.7802856565381 39.18143001609805 0 0 39.18143001609805 49.56021680054094 -10.3787867844429
139.7802856565381 39.18143001609805 0 0 39.18143001609805 49.56021680054094 -10.3787867844429
139.7802856565381 39.18143001609805 0 0 39.18143001609805 49.56021680054094 -10.3787867844429
139.7802856565381 39.18143001609805 0 0 39.18143001609805 49.56021680054094 -10.3787867844429
139.7802856565381 39.18143001609805 0 0 39.18143001609805 49.56021680054094 -10.3787867844429
139.7802856565381 39.18143001609805 0 0 39.18143001609805 49.56021680054094 -10.3787867844429
139.7802856565381 39.18143001609805 0 0 39.18143001609805 49.56021680054094 -10.3787867844429
139.7955990582394 39.1804069371227 0 0 39.1804069371227 49.5591937215656 -10.3787867844429
139.7955990582394 39.1804069371227 0 0 39.1804069371227 49.5591937215656 -10.3787867844429
139.7955990582394 39.1804069371227 0 0 39.1804069371227 49.5591937215656 -10.3787867844429
139.7955990582394 39.1804069371227 0 0 39.1804069371227 49.5591937215656 -10.3787867844429
139.7955990582394 39.1804069371227 0 0 39.1804069371227 49.5591937215656 -10.3787867844429
139.7540645608028 39.1801526390758 0 0 39.1801526390758 49.55893942351869 -10.3787867844429
139.7540645608028 39.1801526390758 0 0 39.1801526390758 49.55893942351869 -10.3787867844429
139.7548010872161 39.17954197981403 0 0 39.17954197981403 49.55832876425693 -10.3787867844429
139.746893920021 39.1801521408841 0 0 39.1801521408841 49.55893892532701 -10.3787867844429
139.7407788314554 39.18024946253452 0 0 39.18024946253452 49.55903624697741 -10.3787867844429
139.643068882045 39.17730801818438 0 0 39.17730801818438 49.55609480262728 -10.3787867844429
139.643068882045 39.17730801818438 0 0 39.17730801818438 49.55609480262728 -10.3787867844429
139.649322455871 39.17592660707783 0 0 39.17592660707783 49.55471339152073 -10.3787867844429
139.652391407165 39.17819690459277 0 0 39.17819690459277 49.55698368903566 -10.3787867844429
139.652869244531 39.17698307484818 0 0 39.17698307484818 49.55576985929108 -10.3787867844429
139.6496796584046 39.17591334705399 0 0 39.17591334705399 49.55470013149689 -10.3787867844429
139.6516283629231 39.17678671401168 0 0 39.17678671401168 49.55557349845459 -10.3787867844429
139.6516283629231 39.17678671401168 0 0 39.17678671401168 49.55557349845459 -10.3787867844429
139.6516283629231 39.17678671401168 0 0 39.17678671401168 49.55557349845459 -10.3787867844429
139.6516283629231 39.17678671401168 0 0 39.17678671401168 49.55557349845459 -10.3787867844429
139.6516283629231 39.17678671401168 0 0 39.17678671401168 49.55557349845459 -10.3787867844429
139.6516283629231 39.17678671401168 0 0 39.17678671401168 49.55557349845459 -10.3787867844429
139.6379894914741 39.1770608198039 0 0 39.1770608198039 49.55584760424679 -10.3787867844429
139.6357819364498 39.17766777548491 0 0 39.17766777548491 49.55645455992781 -10.3787867844429
139.6460910272123 39.17727810411961 0 0 39.17727810411961 49.5560648885625 -10.3787867844429
139.6741020005441 39.17736665646042 0 0 39.17736665646042 49.55615344090332 -10.3787867844429
139.6706826328038 39.17647764275132 0 0 39.17647764275132 49.55526442719422 -10.3787867844429
139.6678657830874 39.17697631789616 0 0 39.17697631789616 49.55576310233906 -10.3787867844429
139.6683464456638 39.17731594993452 0 0 39.17731594993452 49.55610273437743 -10.3787867844429
139.7973657597718 39.18025937303747 0 0 39.18025937303747 49.55904615748037 -10.3787867844429
139.793060596319 39.17975579871809 0 0 39.17975579871809 49.55854258316099 -10.3787867844429
139.793060596319 39.17975579871809 0 0 39.17975579871809 49.55854258316099 -10.3787867844429
139.8050172226204 39.17966416870433 0 0 39.17966416870433 49.55845095314723 -10.3787867844429
139.8041344218279 39.17891966631646 0 0 39.17891966631646 49.55770645075935 -10.3787867844429
139.8055810625614 39.17949801532447 0 0 39.17949801532447 49.55828479976736 -10.3787867844429
139.8090092880757 39.18037472437744 0 0 39.18037472437744 49.55916150882034 -10.3787867844429
139.8081140046256 39.1801081798158 0 0 39.1801081798158 49.5588949642587 -10.3787867844429
139.8081140046256 39.1801081798158 0 0 39.1801081798158 49.5588949642587 -10.3787867844429
139.8081140046256 39.1801081798158 0 0 39.1801081798158 49.5588949642587 -10.3787867844429
139.8081140046256 39.1801081798158 0 0 39.1801081798158 49.5588949642587 -10.3787867844429
139.8081140046256 39.1801081798158 0 0 39.1801081798158 49.5588949642587 -10.3787867844429
139.8081140046256 39.1801081798158 0 0 39.1801081798158 49.5588949642587 -10.3787867844429
139.8062174471104 39.18082188026706 0 0 39.18082188026706 49.55960866470996 -10.3787867844429
139.8024786313753 39.1810036240786 0 0 39.1810036240786 49.5597904085215 -10.3787867844429
139.7943934470391 39.18046940537968 0 0 39.18046940537968 49.55925618982258 -10.3787867844429
139.7943934470391 39.18046940537968 0 0 39.18046940537968 49.55925618982258 -10.3787867844429
139.8003087933116 39.1799656442755 0 0 39.1799656442755 49.55875242871839 -10.3787867844429
139.8003087933116 39.1799656442755 0 0 39.1799656442755 49.55875242871839 -10.3787867844429
139.8003087933116 39.1799656442755 0 0 39.1799656442755 49.55875242871839 -10.3787867844429
139.7988283090928 39.18141977496147 0 0 39.18141977496147 49.56020655940436 -10.3787867844429
139.8040110317934 39.18336556574015 0 0 39.18336556574015 49.56215235018305 -10.3787867844429
139.7955496136281 39.18349105682012 0 0 39.18349105682012 49.56227784126302 -10.3787867844429
139.7955496136281 39.18349105682012 0 0 39.18349105682012 49.56227784126302 -10.3787867844429
139.7800984522334 39.18901678759563 0 0 39.18901678759563 49.56780357203853 -10.3787867844429
139.7800984522334 39.18901678759563 0 0 39.18901678759563 49.56780357203853 -10.3787867844429
139.7800984522334 39.18901678759563 0 0 39.18901678759563 49.56780357203853 -10.3787867844429
139.8424707859569 39.18965855198689 0 0 39.18965855198689 49.5684453364298 -10.3787867844429
139.8424707859569 39.18965855198689 0 0 39.18965855198689 49.5684453364298 -10.3787867844429
139.8424707859569 39.18965855198689 0 0 39.18965855198689 49.5684453364298 -10.3787867844429
139.842337778185 39.18915379651658 0 0 39.18915379651658 49.56794058095947 -10.3787867844429
139.842337778185 39.18915379651658 0 0 39.18915379651658 49.56794058095947 -10.3787867844429
139.8529724488336 39.18623551155 0 0 39.18623551155 49.5650222959929 -10.3787867844429
139.8459225052116 39.18844412361055 0 0 39.18844412361055 49.56723090805345 -10.3787867844429
139.8471534418559 39.18937628720535 0 0 39.18937628720535 49.56816307164824 -10.3787867844429
139.8471534418559 39.18937628720535 0 0 39.18937628720535 49.56816307164824 -10.3787867844429
139.8498687483189 39.19018980490341 0 0 39.19018980490341 49.56897658934631 -10.3787867844429
139.8460664625533 39.19223752663402 0 0 39.19223752663402 49.57102431107691 -10.3787867844429
139.8609693242352 39.19342255099099 0 0 39.19342255099099 49.57220933543389 -10.3787867844429
139.8643459320236 39.19353924273751 0 0 39.19353924273751 49.57232602718042 -10.3787867844429
139.8643459320236 39.19353924273751 0 0 39.19353924273751 49.57232602718042 -10.3787867844429
139.8616001812412 39.19226477694897 0 0 39.19226477694897 49.57105156139188 -10.3787867844429
139.854750365081 39.19277632997692 0 0 39.19277632997692 49.57156311441982 -10.3787867844429
139.854750365081 39.19277632997692 0 0 39.19277632997692 49.57156311441982 -10.3787867844429
139.7436199047978 39.18553402543131 0 0 39.18553402543131 49.5643208098742 -10.3787867844429
139.7405065812395 39.18665186160065 0 0 39.18665186160065 49.56543864604355 -10.3787867844429
139.7464721922399 39.18473636584781 0 0 39.18473636584781 49.56352315029071 -10.3787867844429
139.743639710879 39.18711996773619 0 0 39.18711996773619 49.5659067521791 -10.3787867844429
139.743639710879 39.18711996773619 0 0 39.18711996773619 49.5659067521791 -10.3787867844429
139.7348196903423 39.18682106268707 0 0 39.18682106268707 49.56560784712997 -10.3787867844429
139.7399964080415 39.1864989294955 0 0 39.1864989294955 49.5652857139384 -10.3787867844429
139.7317264165624 39.18753373293151 0 0 39.18753373293151 49.56632051737441 -10.3787867844429
139.7248561836111 39.18701697906866 0 0 39.18701697906866 49.56580376351155 -10.3787867844429
139.7309292019046 39.18594734891231 0 0 39.18594734891231 49.5647341333552 -10.3787867844429
139.7309991225796 39.18631143587119 0 0 39.18631143587119 49.56509822031408 -10.3787867844429
139.7210077790436 39.18584568774781 0 0 39.18584568774781 49.56463247219071 -10.3787867844429
139.7210077790436 39.18584568774781 0 0 39.18584568774781 49.56463247219071 -10.3787867844429
139.7175042383506 39.18600217619854 0 0 39.18600217619854 49.56478896064144 -10.3787867844429
139.7087189304804 39.18585035256419 0 0 39.18585035256419 49.56463713700708 -10.3787867844429
139.7141043104436 39.18604015026372 0 0 39.18604015026372 49.56482693470662 -10.3787867844429
139.7137021888924 39.18788189488106 0 0 39.18788189488106 49.56666867932396 -10.3787867844429
139.7180475519661 39.18878017393756 0 0 39.18878017393756 49.56756695838045 -10.3787867844429
139.7123476374774 39.19099302466537 0 0 39.19099302466537 49.56977980910827 -10.3787867844429
139.7123476374774 39.19099302466537 0 0 39.19099302466537 49.56977980910827 -10.3787867844429
139.7243338514332 39.18933248083097 0 0 39.18933248083097 49.56811926527386 -10.3787867844429
139.7243338514332 39.18933248083097 0 0 39.18933248083097 49.56811926527386 -10.3787867844429
139.7243338514332 39.18933248083097 0 0 39.18933248083097 49.56811926527386 -10.3787867844429
139.7243338514332 39.18933248083097 0 0 39.18933248083097 49.56811926527386 -10.3787867844429
139.7186550318804 39.18818211921027 0 0 39.18818211921027 49.56696890365317 -10.3787867844429
139.7136640705967 39.1880642670572 0 0 39.1880642670572 49.5668510515001 -10.3787867844429
139.7095219365892 39.18708430577851 0 0 39.18708430577851 49.56587109022141 -10.3787867844429
139.7066507317468 39.18661501600474 0 0 39.18661501600474 49.56540180044764 -10.3787867844429
139.7092581776142 39.18682753103377 0 0 39.18682753103377 49.56561431547667 -10.3787867844429
139.7092581776142 39.18682753103377 0 0 39.18682753103377 49.56561431547667 -10.3787867844429
139.7119131270378 39.18925241077723 0 0 39.18925241077723 49.56803919522012 -10.3787867844429
139.7147010670299 39.1895936993488 0 0 39.1895936993488 49.5683804837917 -10.3787867844429
139.724654319269 39.18964824054133 0 0 39.18964824054133 49.56843502498423 -10.3787867844429
139.7210956192179 39.18996274474172 0 0 39.18996274474172 49.56874952918462 -10.3787867844429
139.7215051533628 39.18992430875201 0 0 39.18992430875201 49.56871109319491 -10.3787867844429
139.7099945643022 39.19037161239019 0 0 39.19037161239019 49.56915839683309 -10.3787867844429
139.7099945643022 39.19037161239019 0 0 39.19037161239019 49.56915839683309 -10.3787867844429
139.7086157548634 39.19116796986268 0 0 39.19116796986268 49.56995475430557 -10.3787867844429
139.7111356111639 39.19245150020937 0 0 39.19245150020937 49.57123828465227 -10.3787867844429
139.7130880206894 39.19265628422909 0 0 39.19265628422909 49.57144306867198 -10.3787867844429
139.7146629579576 39.19141279066307 0 0 39.19141279066307 49.57019957510596 -10.3787867844429
139.7152859781148 39.19212239890771 0 0 39.19212239890771 49.57090918335062 -10.3787867844429
139.7186754516739 39.1925438410404 0 0 39.1925438410404 49.57133062548331 -10.3787867844429
139.7231152834424 39.19078351860409 0 0 39.19078351860409 49.56957030304699 -10.3787867844429
139.7271817984657 39.18920438662771 0 0 39.18920438662771 49.5679911710706 -10.3787867844429
139.7259576669068 39.18857232610759 0 0 39.18857232610759 49.56735911055049 -10.3787867844429
139.7190458904697 39.18999771452482 0 0 39.18999771452482 49.56878449896772 -10.3787867844429
139.716946319913 39.19127428481245 0 0 39.19127428481245 49.57006106925535 -10.3787867844429
139.716946319913 39.19127428481245 0 0 39.19127428481245 49.57006106925535 -10.3787867844429
139.7168946865503 39.19174480910489 0 0 39.19174480910489 49.57053159354779 -10.3787867844429
139.7185292194106 39.19212686949726 0 0 39.19212686949726 49.57091365394015 -10.3787867844429
139.7185292194106 39.19212686949726 0 0 39.19212686949726 49.57091365394015 -10.3787867844429
139.7171586051357 39.19335424104914 0 0 39.19335424104914 49.57214102549203 -10.3787867844429
139.7191963758904 39.19512428597129 0 0 39.19512428597129 49.57391107041419 -10.3787867844429
139.714898546585 39.1965599236425 0 0 39.1965599236425 49.57534670808539 -10.3787867844429
139.6994789026103 39.19687000720901 0 0 39.19687000720901 49.57565679165191 -10.3787867844429
139.691208203366 39.19648035074164 0 0 39.19648035074164 49.57526713518453 -10.3787867844429
139.69076275327 39.19572498710667 0 0 39.19572498710667 49.57451177154957 -10.3787867844429
139.6814805833772 39.19592814999973 0 0 39.19592814999973 49.57471493444262 -10.3787867844429
139.6908655704145 39.19441462976388 0 0 39.19441462976388 49.57320141420678 -10.3787867844429
139.6910094204198 39.19469440013931 0 0 39.19469440013931 49.57348118458221 -10.3787867844429
139.698855597995 39.19514387226995 0 0 39.19514387226995 49.57393065671285 -10.3787867844429
139.698855597995 39.19514387226995 0 0 39.19514387226995 49.57393065671285 -10.3787867844429
139.698855597995 39.19514387226995 0 0 39.19514387226995 49.57393065671285 -10.3787867844429
139.7198921426955 39.19245107522197 0 0 39.19245107522197 49.57123785966486 -10.3787867844429
139.718571527284 39.19180952438805 0 0 39.19180952438805 49.57059630883094 -10.3787867844429
139.7156082527188 39.19202205951244 0 0 39.19202205951244 49.57080884395534 -10.3787867844429
139.7156082527188 39.19202205951244 0 0 39.19202205951244 49.57080884395534 -10.3787867844429
139.743739445898 39.19117498000654 0 0 39.19117498000654 49.56996176444944 -10.3787867844429
139.743739445898 39.19117498000654 0 0 39.19117498000654 49.56996176444944 -10.3787867844429
139.743739445898 39.19117498000654 0 0 39.19117498000654 49.56996176444944 -10.3787867844429
139.1811348747782 39.19259366328542 0 0 39.19259366328542 49.57138044772832 -10.3787867844429
139.1811348747782 39.19259366328542 0 0 39.19259366328542 49.57138044772832 -10.3787867844429
139.1811348747782 39.19259366328542 0 0 39.19259366328542 49.57138044772832 -10.3787867844429
139.1815832802997 39.19134777408102 0 0 39.19134777408102 49.57013455852392 -10.3787867844429
139.1695900464672 39.19054229053513 0 0 39.19054229053513 49.56932907497804 -10.3787867844429
139.1648702278909 39.19203774004056 0 0 39.19203774004056 49.57082452448346 -10.3787867844429
139.1596238166455 39.1906710330896 0 0 39.1906710330896 49.56945781753249 -10.3787867844429
139.1604728538877 39.19181347487968 0 0 39.19181347487968 49.57060025932257 -10.3787867844429
139.1652619878683 39.1911273314492 0 0 39.1911273314492 49.56991411589209 -10.3787867844429
139.1672857235301 39.19027155468329 0 0 39.19027155468329 49.56905833912619 -10.3787867844429
139.1629989927199 39.19141041116106 0 0 39.19141041116106 49.57019719560395 -10.3787867844429
139.1650101750815 39.19085313189996 0 0 39.19085313189996 49.56963991634286 -10.3787867844429
139.1650101750815 39.19085313189996 0 0 39.19085313189996 49.56963991634286 -10.3787867844429
139.1684201337982 39.1903505939942 0 0 39.1903505939942 49.56913737843709 -10.3787867844429
139.1783359983476 39.19030470451288 0 0 39.19030470451288 49.56909148895578 -10.3787867844429
139.1768902329104 39.1918405819731 0 0 39.1918405819731 49.570627366416 -10.3787867844429
139.1768902329104 39.1918405819731 0 0 39.1918405819731 49.570627366416 -10.3787867844429
139.1776605507531 39.19305276058672 0 0 39.19305276058672 49.57183954502962 -10.3787867844429
139.1786705410366 39.19273715457605 0 0 39.19273715457605 49.57152393901895 -10.3787867844429
139.1786705410366 39.19273715457605 0 0 39.19273715457605 49.57152393901895 -10.3787867844429
139.1729083205696 39.18998444576067 0 0 39.18998444576067 49.56877123020357 -10.3787867844429
139.1771243825592 39.19087752336456 0 0 39.19087752336456 49.56966430780746 -10.3787867844429
139.1749441425921 39.19074193235242 0 0 39.19074193235242 49.56952871679532 -10.3787867844429
139.1636714080991 39.19049315796728 0 0 39.19049315796728 49.56927994241018 -10.3787867844429
139.1874601773513 39.19090009530325 0 0 39.19090009530325 49.56968687974614 -10.3787867844429
139.1874601773513 39.19090009530325 0 0 39.19090009530325 49.56968687974614 -10.3787867844429
139.1874601773513 39.19090009530325 0 0 39.19090009530325 49.56968687974614 -10.3787867844429
139.1869845289247 39.19001642562856 0 0 39.19001642562856 49.56880321007145 -10.3787867844429
139.1809657161023 39.18947388308662 0 0 39.18947388308662 49.56826066752952 -10.3787867844429
139.1809657161023 39.18947388308662 0 0 39.18947388308662 49.56826066752952 -10.3787867844429
139.1881555973392 39.19126413693706 0 0 39.19126413693706 49.57005092137996 -10.3787867844429
139.1844609466732 39.1890570325283 0 0 39.1890570325283 49.5678438169712 -10.3787867844429
139.1954541803508 39.18855249057007 0 0 39.18855249057007 49.56733927501298 -10.3787867844429
139.1954541803508 39.18855249057007 0 0 39.18855249057007 49.56733927501298 -10.3787867844429
139.1954541803508 39.18855249057007 0 0 39.18855249057007 49.56733927501298 -10.3787867844429
139.4645086783295 39.18825099054534 0 0 39.18825099054534 49.56703777498824 -10.3787867844429
139.4645086783295 39.18825099054534 0 0 39.18825099054534 49.56703777498824 -10.3787867844429
139.4645086783295 39.18825099054534 0 0 39.18825099054534 49.56703777498824 -10.3787867844429
139.4701413140338 39.18628692005336 0 0 39.18628692005336 49.56507370449626 -10.3787867844429
139.4716208344904 39.18423856075641 0 0 39.18423856075641 49.56302534519931 -10.3787867844429
139.4816260756304 39.1829786917649 0 0 39.1829786917649 49.5617654762078 -10.3787867844429
139.4816260756304 39.1829786917649 0 0 39.1829786917649 49.5617654762078 -10.3787867844429
139.4816260756304 39.1829786917649 0 0 39.1829786917649 49.5617654762078 -10.3787867844429
139.4859259961307 39.18138910339296 0 0 39.18138910339296 49.56017588783586 -10.3787867844429
139.4907067763863 39.18116161006076 0 0 39.18116161006076 49.55994839450365 -10.3787867844429
139.4854760065662 39.17961396646372 0 0 39.17961396646372 49.55840075090661 -10.3787867844429
139.4872279156333 39.18064659052467 0 0 39.18064659052467 49.55943337496757 -10.3787867844429
139.4863878466132 39.17968422325146 0 0 39.17968422325146 49.55847100769436 -10.3787867844429
139.4863878466132 39.17968422325146 0 0 39.17968422325146 49.55847100769436 -10.3787867844429
139.6869834159581 39.17874155079673 0 0 39.17874155079673 49.55752833523962 -10.3787867844429
139.6869834159581 39.17874155079673 0 0 39.17874155079673 49.55752833523962 -10.3787867844429
139.6869834159581 39.17874155079673 0 0 39.17874155079673 49.55752833523962 -10.3787867844429
139.7683008297527 39.17828662269451 0 0 39.17828662269451 49.55707340713742 -10.3787867844429
139.7936342236427 39.17824046013601 0 0 39.17824046013601 49.55702724457891 -10.3787867844429
139.8031836251684 39.17841090507254 0 0 39.17841090507254 49.55719768951543 -10.3787867844429
139.8182548342242 39.17771554318531 0 0 39.17771554318531 49.55650232762821 -10.3787867844429
139.8176927306535 39.17732930737577 0 0 39.17732930737577 49.55611609181867 -10.3787867844429
139.8176927306535 39.17732930737577 0 0 39.17732930737577 49.55611609181867 -10.3787867844429
139.8025076906693 39.17994429530533 0 0 39.17994429530533 49.55873107974823 -10.3787867844429
139.0253176670674 39.17729095941839 0 0 39.17729095941839 49.55607774386128 -10.3787867844429
139.0184904794763 39.17638198580499 0 0 39.17638198580499 49.55516877024789 -10.3787867844429
139.030896677292 39.1772544271371 0 0 39.1772544271371 49.55604121158 -10.3787867844429
139.0355571854025 39.1778134332526 0 0 39.1778134332526 49.5566002176955 -10.3787867844429
139.0355571854025 39.1778134332526 0 0 39.1778134332526 49.5566002176955 -10.3787867844429
139.0355571854025 39.1778134332526 0 0 39.1778134332526 49.5566002176955 -10.3787867844429
139.0355571854025 39.1778134332526 0 0 39.1778134332526 49.5566002176955 -10.3787867844429
139.0355571854025 39.1778134332526 0 0 39.1778134332526 49.5566002176955 -10.3787867844429
139.0355571854025 39.1778134332526 0 0 39.1778134332526 49.5566002176955 -10.3787867844429
139.0371114270801 39.17945275688155 0 0 39.17945275688155 49.55823954132444 -10.3787867844429
139.0292290814635 39.17873981718931 0 0 39.17873981718931 49.55752660163221 -10.3787867844429
139.0308954599084 39.17861567768885 0 0 39.17861567768885 49.55740246213175 -10.3787867844429
139.00947308304 39.17919084893676 0 0 39.17919084893676 49.55797763337965 -10.3787867844429
139.0040868700744 39.18044173373926 0 0 39.18044173373926 49.55922851818216 -10.3787867844429
139.0040569702534 39.17896615127987 0 0 39.17896615127987 49.55775293572277 -10.3787867844429
138.9937031783641 39.17831640734565 0 0 39.17831640734565 49.55710319178855 -10.3787867844429
138.9956454509522 39.17788672028752 0 0 39.17788672028752 49.55667350473041 -10.3787867844429
138.9957146179694 39.17781663830301 0 0 39.17781663830301 49.55660342274592 -10.3787867844429
138.9957146179694 39.17781663830301 0 0 39.17781663830301 49.55660342274592 -10.3787867844429
139.0038818773668 39.17851748725832 0 0 39.17851748725832 49.55730427170122 -10.3787867844429
139.0052479045837 39.17858291632788 0 0 39.17858291632788 49.55736970077078 -10.3787867844429
139.0046982888912 39.18096782958456 0 0 39.18096782958456 49.55975461402745 -10.3787867844429
139.0046982888912 39.18096782958456 0 0 39.18096782958456 49.55975461402745 -10.3787867844429
139.0100609159829 39.18044440926606 0 0 39.18044440926606 49.55923119370895 -10.3787867844429
139.0082036673826 39.18134445118147 0 0 39.18134445118147 49.56013123562437 -10.3787867844429
139.0009564310069 39.17946168330525 0 0 39.17946168330525 49.55824846774815 -10.3787867844429
139.0156990217401 39.17908491767301 0 0 39.17908491767301 49.5578717021159 -10.3787867844429
139.0127702550458 39.17895001512011 0 0 39.17895001512011 49.55773679956301 -10.3787867844429
139.0127702550458 39.17895001512011 0 0 39.17895001512011 49.55773679956301 -10.3787867844429
139.0103539152039 39.17890256651293 0 0 39.17890256651293 49.55768935095583 -10.3787867844429
139.0103539152039 39.17890256651293 0 0 39.17890256651293 49.55768935095583 -10.3787867844429
139.0100064770509 39.17829540908724 0 0 39.17829540908724 49.55708219353014 -10.3787867844429
139.0125718479186 39.17753702733609 0 0 39.17753702733609 49.55632381177898 -10.3787867844429
139.0039243737596 39.1799273744077 0 0 39.1799273744077 49.55871415885059 -10.3787867844429
139.0011399979745 39.18178796485006 0 0 39.18178796485006 49.56057474929295 -10.3787867844429
139.0011399979745 39.18178796485006 0 0 39.18178796485006 49.56057474929295 -10.3787867844429
139.0073524887237 39.18217472619648 0 0 39.18217472619648 49.56096151063937 -10.3787867844429
138.9996552704774 39.18181987629406 0 0 39.18181987629406 49.56060666073695 -10.3787867844429
138.9974118272962 39.17829214693063 0 0 39.17829214693063 49.55707893137352 -10.3787867844429
138.9974118272962 39.17829214693063 0 0 39.17829214693063 49.55707893137352 -10.3787867844429
138.9974118272962 39.17829214693063 0 0 39.17829214693063 49.55707893137352 -10.3787867844429
138.9985593523139 39.17847189554611 0 0 39.17847189554611 49.557258679989 -10.3787867844429
138.9945472475384 39.17894332679771 0 0 39.17894332679771 49.5577301112406 -10.3787867844429
139.0004990200339 39.17883320637999 0 0 39.17883320637999 49.55761999082289 -10.3787867844429
139.0004990200339 39.17883320637999 0 0 39.17883320637999 49.55761999082289 -10.3787867844429
138.9998743351416 39.17801588910238 0 0 39.17801588910238 49.55680267354528 -10.3787867844429
138.9910377550639 39.17639701737617 0 0 39.17639701737617 49.55518380181908 -10.3787867844429
138.987064062939 39.17537657290525 0 0 39.17537657290525 49.55416335734815 -10.3787867844429
138.9889031450017 39.17590743704454 0 0 39.17590743704454 49.55469422148744 -10.3787867844429
139.216215000383 39.17655935911854 0 0 39.17655935911854 49.55534614356144 -10.3787867844429
139.216215000383 39.17655935911854 0 0 39.17655935911854 49.55534614356144 -10.3787867844429
139.2235730737333 39.17466839963248 0 0 39.17466839963248 49.55345518407538 -10.3787867844429
139.2040821110351 39.17481514560126 0 0 39.17481514560126 49.55360193004416 -10.3787867844429
138.9872510954282 39.17140636188999 0 0 39.17140636188999 49.55019314633289 -10.3787867844429
138.98453219474 39.17274557278076 0 0 39.17274557278076 49.55153235722366 -10.3787867844429
138.9667756891475 39.17449644222013 0 0 39.17449644222013 49.55328322666303 -10.3787867844429
139.6923075241607 39.17187158891043 0 0 39.17187158891043 49.55065837335334 -10.3787867844429
139.6893253287451 39.17112269985044 0 0 39.17112269985044 49.54990948429334 -10.3787867844429
139.6886321810846 39.17296616207878 0 0 39.17296616207878 49.55175294652167 -10.3787867844429
139.6851292390371 39.17199996812961 0 0 39.17199996812961 49.55078675257251 -10.3787867844429
139.6727149331388 39.17046939442621 0 0 39.17046939442621 49.54925617886911 -10.3787867844429
139.6782711186663 39.17081308838054 0 0 39.17081308838054 49.54959987282344 -10.3787867844429
139.6835709107161 39.17080976554914 0 0 39.17080976554914 49.54959654999203 -10.3787867844429
139.6835709107161 39.17080976554914 0 0 39.17080976554914 49.54959654999203 -10.3787867844429
139.6835709107161 39.17080976554914 0 0 39.17080976554914 49.54959654999203 -10.3787867844429
139.6905973897411 39.16965155259903 0 0 39.16965155259903 49.54843833704194 -10.3787867844429
139.6847935155244 39.16925723651876 0 0 39.16925723651876 49.54804402096165 -10.3787867844429
139.6802603244983 39.16882217085572 0 0 39.16882217085572 49.54760895529862 -10.3787867844429
139.6820266187503 39.1688119746055 0 0 39.1688119746055 49.5475987590484 -10.3787867844429
139.6840889782358 39.16888999748025 0 0 39.16888999748025 49.54767678192314 -10.3787867844429
139.6879120134535 39.17018595084235 0 0 39.17018595084235 49.54897273528525 -10.3787867844429
139.6988743146046 39.17190072251827 0 0 39.17190072251827 49.55068750696117 -10.3787867844429
139.6952224588049 39.17215200040819 0 0 39.17215200040819 49.55093878485109 -10.3787867844429
139.6976783746686 39.1730021652433 0 0 39.1730021652433 49.55178894968621 -10.3787867844429
139.6976783746686 39.1730021652433 0 0 39.1730021652433 49.55178894968621 -10.3787867844429
139.6982478828936 39.17217157680152 0 0 39.17217157680152 49.55095836124442 -10.3787867844429
139.6824465991373 39.17249585097731 0 0 39.17249585097731 49.55128263542021 -10.3787867844429
139.6823032959503 39.17254285292957 0 0 39.17254285292957 49.55132963737247 -10.3787867844429
139.6831640528027 39.1728567130274 0 0 39.1728567130274 49.5516434974703 -10.3787867844429
139.6899235038048 39.17274883016995 0 0 39.17274883016995 49.55153561461285 -10.3787867844429
139.6927781137603 39.17299227799617 0 0 39.17299227799617 49.55177906243907 -10.3787867844429
139.6906069179834 39.1742835970188 0 0 39.1742835970188 49.55307038146169 -10.3787867844429
139.6920259867534 39.1744434207114 0 0 39.1744434207114 49.55323020515429 -10.3787867844429
139.7378372627032 39.17822531062379 0 0 39.17822531062379 49.55701209506668 -10.3787867844429
139.7378372627032 39.17822531062379 0 0 39.17822531062379 49.55701209506668 -10.3787867844429
139.741295718904 39.17662745562502 0 0 39.17662745562502 49.55541424006792 -10.3787867844429
139.741295718904 39.17662745562502 0 0 39.17662745562502 49.55541424006792 -10.3787867844429
139.7317858855982 39.17807342852191 0 0 39.17807342852191 49.55686021296481 -10.3787867844429
139.7267146423071 39.17710498675422 0 0 39.17710498675422 49.55589177119712 -10.3787867844429
139.706277417678 39.18031233017187 0 0 39.18031233017187 49.55909911461477 -10.3787867844429
139.706277417678 39.18031233017187 0 0 39.18031233017187 49.55909911461477 -10.3787867844429
139.706277417678 39.18031233017187 0 0 39.18031233017187 49.55909911461477 -10.3787867844429
139.706277417678 39.18031233017187 0 0 39.18031233017187 49.55909911461477 -10.3787867844429
139.706277417678 39.18031233017187 0 0 39.18031233017187 49.55909911461477 -10.3787867844429
139.7108960702433 39.17964735954715 0 0 39.17964735954715 49.55843414399005 -10.3787867844429
139.7118624889796 39.17873075071634 0 0 39.17873075071634 49.55751753515923 -10.3787867844429
139.7118624889796 39.17873075071634 0 0 39.17873075071634 49.55751753515923 -10.3787867844429
139.7118624889796 39.17873075071634 0 0 39.17873075071634 49.55751753515923 -10.3787867844429
139.7282436345317 39.17890608873215 0 0 39.17890608873215 49.55769287317505 -10.3787867844429
139.7369501726412 39.18061665204749 0 0 39.18061665204749 49.55940343649038 -10.3787867844429
139.7635087082337 39.18096735363241 0 0 39.18096735363241 49.55975413807531 -10.3787867844429
139.7604797504362 39.18297881407966 0 0 39.18297881407966 49.56176559852256 -10.3787867844429
139.7610325211393 39.1817225933423 0 0 39.1817225933423 49.56050937778519 -10.3787867844429
139.7610325211393 39.1817225933423 0 0 39.1817225933423 49.56050937778519 -10.3787867844429
139.7610325211393 39.1817225933423 0 0 39.1817225933423 49.56050937778519 -10.3787867844429
139.7462761677739 39.18065091718779 0 0 39.18065091718779 49.55943770163069 -10.3787867844429
139.742943417032 39.1805968297046 0 0 39.1805968297046 49.5593836141475 -10.3787867844429
139.7473682917893 39.18010534144692 0 0 39.18010534144692 49.55889212588982 -10.3787867844429
139.7576507105386 39.18042067301917 0 0 39.18042067301917 49.55920745746207 -10.3787867844429
139.7416745046872 39.18358095200148 0 0 39.18358095200148 49.56236773644437 -10.3787867844429
139.7433321917761 39.18286162257345 0 0 39.18286162257345 49.56164840701635 -10.3787867844429
139.7412657064833 39.18291011478654 0 0 39.18291011478654 49.56169689922943 -10.3787867844429
139.6862993954383 39.17751972434932 0 0 39.17751972434932 49.55630650879223 -10.3787867844429
139.686718465382 39.17759779706275 0 0 39.17759779706275 49.55638458150564 -10.3787867844429
139.686718465382 39.17759779706275 0 0 39.17759779706275 49.55638458150564 -10.3787867844429
139.7447073314719 39.18019186913543 0 0 39.18019186913543 49.55897865357833 -10.3787867844429
139.7447073314719 39.18019186913543 0 0 39.18019186913543 49.55897865357833 -10.3787867844429
139.7447073314719 39.18019186913543 0 0 39.18019186913543 49.55897865357833 -10.3787867844429
139.7447073314719 39.18019186913543 0 0 39.18019186913543 49.55897865357833 -10.3787867844429
139.7447073314719 39.18019186913543 0 0 39.18019186913543 49.55897865357833 -10.3787867844429
139.7447073314719 39.18019186913543 0 0 39.18019186913543 49.55897865357833 -10.3787867844429
139.7447073314719 39.18019186913543 0 0 39.18019186913543 49.55897865357833 -10.3787867844429
139.7557838038581 39.18178947751551 0 0 39.18178947751551 49.56057626195841 -10.3787867844429
139.2018869523208 39.18385286514071 0 0 39.18385286514071 49.56263964958361 -10.3787867844429
139.2018869523208 39.18385286514071 0 0 39.18385286514071 49.56263964958361 -10.3787867844429
139.2018869523208 39.18385286514071 0 0 39.18385286514071 49.56263964958361 -10.3787867844429
139.2018869523208 39.18385286514071 0 0 39.18385286514071 49.56263964958361 -10.3787867844429
139.2018869523208 39.18385286514071 0 0 39.18385286514071 49.56263964958361 -10.3787867844429
138.9517458468158 39.18287873880405 0 0 39.18287873880405 49.56166552324695 -10.3787867844429
138.9554927186499 39.18331501111159 0 0 39.18331501111159 49.56210179555449 -10.3787867844429
138.9554927186499 39.18331501111159 0 0 39.18331501111159 49.56210179555449 -10.3787867844429
138.9587726242478 39.18238620382159 0 0 39.18238620382159 49.5611729882645 -10.3787867844429
138.9593297503442 39.18093827087363 0 0 39.18093827087363 49.55972505531653 -10.3787867844429
139.0990506845283 39.18150313540087 0 0 39.18150313540087 49.56028991984378 -10.3787867844429
139.098038488694 39.18269859601473 0 0 39.18269859601473 49.56148538045763 -10.3787867844429
139.1010399523496 39.18221793824151 0 0 39.18221793824151 49.56100472268441 -10.3787867844429
139.1146760914878 39.18261304705818 0 0 39.18261304705818 49.56139983150108 -10.3787867844429
139.0978755567449 39.18153624927895 0 0 39.18153624927895 49.56032303372184 -10.3787867844429
139.0947945643224 39.18058896006576 0 0 39.18058896006576 49.55937574450866 -10.3787867844429
139.0947945643224 39.18058896006576 0 0 39.18058896006576 49.55937574450866 -10.3787867844429
138.9701969455585 39.18080063693135 0 0 39.18080063693135 49.55958742137425 -10.3787867844429
138.9759358389876 39.1807041580463 0 0 39.1807041580463 49.5594909424892 -10.3787867844429
138.9835381877315 39.18108035181874 0 0 39.18108035181874 49.55986713626164 -10.3787867844429
139.1212343069258 39.1813610488237 0 0 39.1813610488237 49.5601478332666 -10.3787867844429
139.1394027855732 39.18251828453592 0 0 39.18251828453592 49.56130506897881 -10.3787867844429
139.1393383337132 39.18330495287474 0 0 39.18330495287474 49.56209173731763 -10.3787867844429
139.1301424432731 39.18305081760735 0 0 39.18305081760735 49.56183760205025 -10.3787867844429
139.1301424432731 39.18305081760735 0 0 39.18305081760735 49.56183760205025 -10.3787867844429
139.1301424432731 39.18305081760735 0 0 39.18305081760735 49.56183760205025 -10.3787867844429
139.1509529942109 39.18253198133242 0 0 39.18253198133242 49.56131876577532 -10.3787867844429
139.2961674920784 39.18113484688951 0 0 39.18113484688951 49.5599216313324 -10.3787867844429
139.3024272348414 39.18094339932443 0 0 39.18094339932443 49.55973018376734 -10.3787867844429
139.3040537042907 39.1815141713527 0 0 39.1815141713527 49.5603009557956 -10.3787867844429
139.3052205208025 39.18133428804991 0 0 39.18133428804991 49.56012107249281 -10.3787867844429
139.3085826546128 39.18055477065293 0 0 39.18055477065293 49.55934155509583 -10.3787867844429
139.3021076872581 39.18018996575607 0 0 39.18018996575607 49.55897675019897 -10.3787867844429
139.3021076872581 39.18018996575607 0 0 39.18018996575607 49.55897675019897 -10.3787867844429
139.3006781636207 39.17960130025114 0 0 39.17960130025114 49.55838808469403 -10.3787867844429
139.2953613509466 39.18101639828221 0 0 39.18101639828221 49.55980318272511 -10.3787867844429
139.2953613509466 39.18101639828221 0 0 39.18101639828221 49.55980318272511 -10.3787867844429
139.2930452102731 39.18255563965896 0 0 39.18255563965896 49.56134242410186 -10.3787867844429
139.2934884698984 39.18367969701887 0 0 39.18367969701887 49.56246648146178 -10.3787867844429
139.2899055370868 39.1844372920103 0 0 39.1844372920103 49.5632240764532 -10.3787867844429
139.2908027100301 39.18359656678905 0 0 39.18359656678905 49.56238335123195 -10.3787867844429
