totalLogLikelihoodDensity totalLogPriorDensity H1NoiseLogPriorDensity L1NoiseLogPriorDensity gwLogPriorDensity gwExtrinsicLogPriorDensityTracker gwCbcLogPriorDensityTracker
105.4412814873647 43.48142011064616 0 0 43.48142011064616 53.86020689508905 -10.3787867844429
138.2012448502592 39.15690088971803 0 0 39.15690088971803 49.53568767416093 -10.3787867844429
138.2012448502592 39.15690088971803 0 0 39.15690088971803 49.53568767416093 -10.3787867844429
138.2012448502592 39.15690088971803 0 0 39.15690088971803 49.53568767416093 -10.3787867844429
138.2012448502592 39.15690088971803 0 0 39.15690088971803 49.53568767416093 -10.3787867844429
138.2012448502592 39.15690088971803 0 0 39.15690088971803 49.53568767416093 -10.3787867844429
138.2012448502592 39.15690088971803 0 0 39.15690088971803 49.53568767416093 -10.3787867844429
138.2012448502592 39.15690088971803 0 0 39.15690088971803 49.53568767416093 -10.3787867844429
138.7692941671286 39.15757806895733 0 0 39.15757806895733 49.53636485340023 -10.3787867844429
138.7692941671286 39.15757806895733 0 0 39.15757806895733 49.53636485340023 -10.3787867844429
139.9121467426674 39.15845758573211 0 0 39.15845758573211 49.537244370175 -10.3787867844429
139.9231486290086 39.15576747204173 0 0 39.15576747204173 49.53455425648463 -10.3787867844429
139.9163954218145 39.15498249549036 0 0 39.15498249549036 49.53376927993325 -10.3787867844429
139.9025065490852 39.15558520056967 0 0 39.15558520056967 49.53437198501257 -10.3787867844429
139.8976185718706 39.15478108668951 0 0 39.15478108668951 49.53356787113241 -10.3787867844429
139.8976185718706 39.15478108668951 0 0 39.15478108668951 49.53356787113241 -10.3787867844429
139.8988221154254 39.1548885723499 0 0 39.1548885723499 49.5336753567928 -10.3787867844429
139.9112595266395 39.1543165206476 0 0 39.1543165206476 49.53310330509049 -10.3787867844429
139.9133710348653 39.15344959409337 0 0 39.15344959409337 49.53223637853628 -10.3787867844429
139.9162124931174 39.15403488797153 0 0 39.15403488797153 49.53282167241443 -10.3787867844429
139.9123323016211 39.15370569170557 0 0 39.15370569170557 49.53249247614846 -10.3787867844429
139.913501786018 39.15326041316405 0 0 39.15326041316405 49.53204719760695 -10.3787867844429
139.9181698316647 39.15423665957157 0 0 39.15423665957157 49.53302344401446 -10.3787867844429
139.9181698316647 39.15423665957157 0 0 39.15423665957157 49.53302344401446 -10.3787867844429
139.923962114081 39.15404183180414 0 0 39.15404183180414 49.53282861624704 -10.3787867844429
139.9285987409085 39.15586514425119 0 0 39.15586514425119 49.5346519286941 -10.3787867844429
139.9301614745707 39.15534354664135 0 0 39.15534354664135 49.53413033108424 -10.3787867844429
139.9353456874467 39.15694772105527 0 0 39.15694772105527 49.53573450549818 -10.3787867844429
139.9286720095787 39.15853547425851 0 0 39.15853547425851 49.53732225870142 -10.3787867844429
139.9373582129795 39.15843560411109 0 0 39.15843560411109 49.53722238855399 -10.3787867844429
139.9420903643253 39.15830219327225 0 0 39.15830219327225 49.53708897771515 -10.3787867844429
139.9433229459961 39.15901649103721 0 0 39.15901649103721 49.5378032754801 -10.3787867844429
139.9434734647917 39.15974642441009 0 0 39.15974642441009 49.53853320885298 -10.3787867844429
139.9406963066767 39.15934161801528 0 0 39.15934161801528 49.53812840245818 -10.3787867844429
139.9406963066767 39.15934161801528 0 0 39.15934161801528 49.53812840245818 -10.3787867844429
139.9332528290404 39.16024546313271 0 0 39.16024546313271 49.53903224757561 -10.3787867844429
139.9332528290404 39.16024546313271 0 0 39.16024546313271 49.53903224757561 -10.3787867844429
139.9318651625063 39.16201586867463 0 0 39.16201586867463 49.54080265311752 -10.3787867844429
139.9305489797874 39.16369423226536 0 0 39.16369423226536 49.54248101670825 -10.3787867844429
139.9363608579109 39.16478577313858 0 0 39.16478577313858 49.54357255758147 -10.3787867844429
139.9363608579109 39.16478577313858 0 0 39.16478577313858 49.54357255758147 -10.3787867844429
139.9280915315525 39.16391666834031 0 0 39.16391666834031 49.5427034527832 -10.3787867844429
139.9228574436324 39.16090126813971 0 0 39.16090126813971 49.5396880525826 -10.3787867844429
139.9281039600823 39.16013541982196 0 0 39.16013541982196 49.53892220426485 -10.3787867844429
139.9230189212078 39.16171649483233 0 0 39.16171649483233 49.54050327927523 -10.3787867844429
139.9244713068857 39.15936977306448 0 0 39.15936977306448 49.53815655750739 -10.3787867844429
139.919016108903 39.15902738996157 0 0 39.15902738996157 49.53781417440447 -10.3787867844429
139.9211924546409 39.15789390812739 0 0 39.15789390812739 49.53668069257029 -10.3787867844429
139.9259405294207 39.15688205901979 0 0 39.15688205901979 49.53566884346269 -10.3787867844429
139.9324694260673 39.15569033951728 0 0 39.15569033951728 49.53447712396018 -10.3787867844429
139.9401000540965 39.15618163791511 0 0 39.15618163791511 49.53496842235801 -10.3787867844429
139.9401000540965 39.15618163791511 0 0 39.15618163791511 49.53496842235801 -10.3787867844429
139.951926097468 39.15703665474157 0 0 39.15703665474157 49.53582343918447 -10.3787867844429
139.9606935338177 39.15715519321054 0 0 39.15715519321054 49.53594197765344 -10.3787867844429
139.9554645592724 39.15747731948299 0 0 39.15747731948299 49.53626410392589 -10.3787867844429
139.9533737611527 39.15711089501298 0 0 39.15711089501298 49.53589767945588 -10.3787867844429
139.9512562867996 39.15651690628087 0 0 39.15651690628087 49.53530369072377 -10.3787867844429
139.9473303030348 39.15473044622475 0 0 39.15473044622475 49.53351723066764 -10.3787867844429
139.9474940885426 39.15573207045756 0 0 39.15573207045756 49.53451885490045 -10.3787867844429
139.9340556715388 39.14978361412363 0 0 39.14978361412363 49.52857039856654 -10.3787867844429
139.9288791685569 39.15230973497451 0 0 39.15230973497451 49.5310965194174 -10.3787867844429
139.9359787986843 39.15373906021874 0 0 39.15373906021874 49.53252584466164 -10.3787867844429
139.9353108269811 39.15287193564775 0 0 39.15287193564775 49.53165872009065 -10.3787867844429
139.9356654067401 39.15118021227781 0 0 39.15118021227781 49.52996699672071 -10.3787867844429
139.9351060042788 39.15060559820212 0 0 39.15060559820212 49.52939238264502 -10.3787867844429
139.9180645745081 39.15212540913409 0 0 39.15212540913409 49.53091219357699 -10.3787867844429
139.9220065943048 39.15193741062433 0 0 39.15193741062433 49.53072419506722 -10.3787867844429
139.9257002820139 39.15201472377541 0 0 39.15201472377541 49.5308015082183 -10.3787867844429
139.9343624952651 39.15580498817715 0 0 39.15580498817715 49.53459177262005 -10.3787867844429
139.9261072591254 39.15219169680952 0 0 39.15219169680952 49.53097848125243 -10.3787867844429
139.9261072591254 39.15219169680952 0 0 39.15219169680952 49.53097848125243 -10.3787867844429
139.9298586719487 39.15294264848404 0 0 39.15294264848404 49.53172943292694 -10.3787867844429
139.9336860692076 39.15217357815841 0 0 39.15217357815841 49.53096036260131 -10.3787867844429
139.923741278442 39.15246089587042 0 0 39.15246089587042 49.53124768031331 -10.3787867844429
139.9229579507383 39.15201784764635 0 0 39.15201784764635 49.53080463208924 -10.3787867844429
139.9255146627554 39.15162172730594 0 0 39.15162172730594 49.53040851174884 -10.3787867844429
139.9339759903479 39.14957115900027 0 0 39.14957115900027 49.52835794344318 -10.3787867844429
139.935931075936 39.14996107024437 0 0 39.14996107024437 49.52874785468727 -10.3787867844429
139.9384523084815 39.15176403921731 0 0 39.15176403921731 49.53055082366021 -10.3787867844429
139.9242441727031 39.14562133997867 0 0 39.14562133997867 49.52440812442158 -10.3787867844429
139.9147524064159 39.14501379139641 0 0 39.14501379139641 49.5238005758393 -10.3787867844429
139.9156651235423 39.14413850293249 0 0 39.14413850293249 49.52292528737539 -10.3787867844429
139.9066098632627 39.14139322092882 0 0 39.14139322092882 49.52018000537172 -10.3787867844429
139.9066176922795 39.13876406429098 0 0 39.13876406429098 49.51755084873388 -10.3787867844429
139.9066176922795 39.13876406429098 0 0 39.13876406429098 49.51755084873388 -10.3787867844429
139.9218384011493 39.13736810755992 0 0 39.13736810755992 49.51615489200282 -10.3787867844429
139.9328852646152 39.13634314785151 0 0 39.13634314785151 49.5151299322944 -10.3787867844429
139.9328852646152 39.13634314785151 0 0 39.13634314785151 49.5151299322944 -10.3787867844429
139.9328852646152 39.13634314785151 0 0 39.13634314785151 49.5151299322944 -10.3787867844429
139.9308029149563 39.13406573347737 0 0 39.13406573347737 49.51285251792027 -10.3787867844429
139.9276942106998 39.13426961868032 0 0 39.13426961868032 49.51305640312322 -10.3787867844429
139.9138120262343 39.13598653004806 0 0 39.13598653004806 49.51477331449095 -10.3787867844429
139.9017414785296 39.13409762427399 0 0 39.13409762427399 49.51288440871689 -10.3787867844429
139.8952868146316 39.13512338825633 0 0 39.13512338825633 49.51391017269923 -10.3787867844429
139.9000381613136 39.13432561980832 0 0 39.13432561980832 49.51311240425122 -10.3787867844429
139.9114029537616 39.1343664713648 0 0 39.1343664713648 49.5131532558077 -10.3787867844429
139.9131415939581 39.134709491377 0 0 39.134709491377 49.51349627581989 -10.3787867844429
139.9131415939581 39.134709491377 0 0 39.134709491377 49.51349627581989 -10.3787867844429
139.9131415939581 39.134709491377 0 0 39.134709491377 49.51349627581989 -10.3787867844429
139.9190759464825 39.13563546307783 0 0 39.13563546307783 49.51442224752073 -10.3787867844429
139.9152033221648 39.13305733706072 0 0 39.13305733706072 49.51184412150362 -10.3787867844429
139.9164227206573 39.13374135313144 0 0 39.13374135313144 49.51252813757434 -10.3787867844429
139.9100983758294 39.13528355164074 0 0 39.13528355164074 49.51407033608364 -10.3787867844429
139.9222475364396 39.14775958980481 0 0 39.14775958980481 49.52654637424771 -10.3787867844429
139.9218092110205 39.14825443330186 0 0 39.14825443330186 49.52704121774475 -10.3787867844429
139.922105935728 39.14683844166157 0 0 39.14683844166157 49.52562522610447 -10.3787867844429
139.922105935728 39.14683844166157 0 0 39.14683844166157 49.52562522610447 -10.3787867844429
139.9180109556755 39.14656905140384 0 0 39.14656905140384 49.52535583584674 -10.3787867844429
139.9240396378494 39.14658346279649 0 0 39.14658346279649 49.52537024723939 -10.3787867844429
139.9320488778641 39.14325478271832 0 0 39.14325478271832 49.52204156716122 -10.3787867844429
139.9329830266993 39.14305102287989 0 0 39.14305102287989 49.52183780732279 -10.3787867844429
139.9329830266993 39.14305102287989 0 0 39.14305102287989 49.52183780732279 -10.3787867844429
139.9329830266993 39.14305102287989 0 0 39.14305102287989 49.52183780732279 -10.3787867844429
139.9372949509596 39.14500117081639 0 0 39.14500117081639 49.52378795525929 -10.3787867844429
139.9372949509596 39.14500117081639 0 0 39.14500117081639 49.52378795525929 -10.3787867844429
139.9324298792015 39.14657037505688 0 0 39.14657037505688 49.52535715949978 -10.3787867844429
139.9301764439048 39.14685632521818 0 0 39.14685632521818 49.52564310966108 -10.3787867844429
139.937228565182 39.148865561799 0 0 39.148865561799 49.52765234624189 -10.3787867844429
139.9368744397594 39.14934322400492 0 0 39.14934322400492 49.52813000844782 -10.3787867844429
139.9368704035468 39.1493263229146 0 0 39.1493263229146 49.52811310735751 -10.3787867844429
139.9333109224615 39.14895462333283 0 0 39.14895462333283 49.52774140777573 -10.3787867844429
139.9095068240634 39.13932507003062 0 0 39.13932507003062 49.51811185447352 -10.3787867844429
139.9163497762258 39.13968526096158 0 0 39.13968526096158 49.51847204540448 -10.3787867844429
139.9157866802814 39.13888543185585 0 0 39.13888543185585 49.51767221629875 -10.3787867844429
139.922461056128 39.1396776489032 0 0 39.1396776489032 49.5184644333461 -10.3787867844429
139.9282665024831 39.14020299821297 0 0 39.14020299821297 49.51898978265586 -10.3787867844429
139.9224767211735 39.14085631928171 0 0 39.14085631928171 49.51964310372461 -10.3787867844429
139.9198446336441 39.14098877621767 0 0 39.14098877621767 49.51977556066056 -10.3787867844429
139.9198446336441 39.14098877621767 0 0 39.14098877621767 49.51977556066056 -10.3787867844429
139.9113285510056 39.14235977130623 0 0 39.14235977130623 49.52114655574913 -10.3787867844429
139.9238928755316 39.14257016026266 0 0 39.14257016026266 49.52135694470557 -10.3787867844429
139.9238928755316 39.14257016026266 0 0 39.14257016026266 49.52135694470557 -10.3787867844429
139.9309619947124 39.14546152464261 0 0 39.14546152464261 49.52424830908551 -10.3787867844429
139.9339862066991 39.14690091642746 0 0 39.14690091642746 49.52568770087036 -10.3787867844429
139.9392285367847 39.1466117620831 0 0 39.1466117620831 49.525398546526 -10.3787867844429
139.9390055270375 39.14501111872904 0 0 39.14501111872904 49.52379790317195 -10.3787867844429
139.9383246558203 39.14547750288249 0 0 39.14547750288249 49.52426428732539 -10.3787867844429
139.9356113148053 39.14454417410381 0 0 39.14454417410381 49.52333095854671 -10.3787867844429
139.9308076257346 39.14467555116389 0 0 39.14467555116389 49.52346233560679 -10.3787867844429
139.9300062066777 39.14474806720277 0 0 39.14474806720277 49.52353485164567 -10.3787867844429
139.9245213711417 39.14464420210491 0 0 39.14464420210491 49.52343098654782 -10.3787867844429
139.9292126271502 39.14395840857722 0 0 39.14395840857722 49.52274519302011 -10.3787867844429
139.9271862931943 39.14328836599074 0 0 39.14328836599074 49.52207515043364 -10.3787867844429
139.9267609876459 39.14250944633402 0 0 39.14250944633402 49.52129623077691 -10.3787867844429
139.9267609876459 39.14250944633402 0 0 39.14250944633402 49.52129623077691 -10.3787867844429
139.9247685197786 39.14284789019472 0 0 39.14284789019472 49.52163467463762 -10.3787867844429
139.9212976243817 39.1422568594531 0 0 39.1422568594531 49.521043643896 -10.3787867844429
139.9212976243817 39.1422568594531 0 0 39.1422568594531 49.521043643896 -10.3787867844429
139.9212976243817 39.1422568594531 0 0 39.1422568594531 49.521043643896 -10.3787867844429
139.9148475608354 39.14139939124179 0 0 39.14139939124179 49.52018617568469 -10.3787867844429
139.9148475608354 39.14139939124179 0 0 39.14139939124179 49.52018617568469 -10.3787867844429
139.9131122930596 39.14296970217401 0 0 39.14296970217401 49.52175648661692 -10.3787867844429
139.9094634031085 39.14243550653377 0 0 39.14243550653377 49.52122229097667 -10.3787867844429
139.9151338205064 39.14096410621687 0 0 39.14096410621687 49.51975089065976 -10.3787867844429
139.9082768760772 39.14205891667518 0 0 39.14205891667518 49.52084570111808 -10.3787867844429
139.9035494038627 39.14201417355969 0 0 39.14201417355969 49.52080095800258 -10.3787867844429
139.9011826365224 39.14088332222168 0 0 39.14088332222168 49.51967010666458 -10.3787867844429
139.9046663937151 39.14208495698833 0 0 39.14208495698833 49.52087174143122 -10.3787867844429
139.9092790632622 39.1423412551201 0 0 39.1423412551201 49.521128039563 -10.3787867844429
139.9092790632622 39.1423412551201 0 0 39.1423412551201 49.521128039563 -10.3787867844429
139.9054743997694 39.14066060381052 0 0 39.14066060381052 49.51944738825341 -10.3787867844429
139.911769288234 39.13895332058668 0 0 39.13895332058668 49.51774010502957 -10.3787867844429
139.9132555875352 39.14272957888899 0 0 39.14272957888899 49.52151636333188 -10.3787867844429
139.923568839409 39.14970532616535 0 0 39.14970532616535 49.52849211060825 -10.3787867844429
139.9312513968407 39.14956483373574 0 0 39.14956483373574 49.52835161817864 -10.3787867844429
139.937577605389 39.14748467150511 0 0 39.14748467150511 49.52627145594801 -10.3787867844429
139.9417350918115 39.14820778828322 0 0 39.14820778828322 49.52699457272611 -10.3787867844429
139.9418568706857 39.14753457311456 0 0 39.14753457311456 49.52632135755745 -10.3787867844429
139.9414576605982 39.14847050286392 0 0 39.14847050286392 49.52725728730681 -10.3787867844429
139.9312713365322 39.14752708210108 0 0 39.14752708210108 49.52631386654397 -10.3787867844429
139.9246813324134 39.1464197296656 0 0 39.1464197296656 49.52520651410849 -10.3787867844429
139.9138390904816 39.14599334162709 0 0 39.14599334162709 49.52478012606999 -10.3787867844429
139.9050820793673 39.14538784204848 0 0 39.14538784204848 49.52417462649138 -10.3787867844429
139.9031227712603 39.14638578990731 0 0 39.14638578990731 49.52517257435021 -10.3787867844429
139.904755675897 39.14626044434371 0 0 39.14626044434371 49.5250472287866 -10.3787867844429
139.904755675897 39.14626044434371 0 0 39.14626044434371 49.5250472287866 -10.3787867844429
139.914916845312 39.14720095241785 0 0 39.14720095241785 49.52598773686074 -10.3787867844429
139.9205398528874 39.15390129558313 0 0 39.15390129558313 49.53268808002602 -10.3787867844429
139.9205398528874 39.15390129558313 0 0 39.15390129558313 49.53268808002602 -10.3787867844429
139.9225090971707 39.15541384009072 0 0 39.15541384009072 49.53420062453361 -10.3787867844429
139.9225090971707 39.15541384009072 0 0 39.15541384009072 49.53420062453361 -10.3787867844429
139.9310254622906 39.15632473143924 0 0 39.15632473143924 49.53511151588214 -10.3787867844429
139.9332726936647 39.15775850941692 0 0 39.15775850941692 49.53654529385982 -10.3787867844429
139.9340407363841 39.15776686720338 0 0 39.15776686720338 49.53655365164627 -10.3787867844429
139.9340407363841 39.15776686720338 0 0 39.15776686720338 49.53655365164627 -10.3787867844429
139.9290442790284 39.15708745330504 0 0 39.15708745330504 49.53587423774794 -10.3787867844429
139.9256135653671 39.15748878100794 0 0 39.15748878100794 49.53627556545084 -10.3787867844429
139.9242493293139 39.15638552953368 0 0 39.15638552953368 49.53517231397657 -10.3787867844429
139.921060920351 39.15576076367651 0 0 39.15576076367651 49.53454754811941 -10.3787867844429
139.9243247755867 39.15523312866921 0 0 39.15523312866921 49.53401991311211 -10.3787867844429
139.9276587679127 39.15537941260271 0 0 39.15537941260271 49.53416619704561 -10.3787867844429
139.9276587679127 39.15537941260271 0 0 39.15537941260271 49.53416619704561 -10.3787867844429
139.9318120977895 39.1548532180895 0 0 39.1548532180895 49.53364000253239 -10.3787867844429
139.9344706735368 39.15531335796388 0 0 39.15531335796388 49.53410014240677 -10.3787867844429
139.9480768189773 39.15356867206698 0 0 39.15356867206698 49.53235545650988 -10.3787867844429
139.9523197390387 39.15295053395303 0 0 39.15295053395303 49.53173731839593 -10.3787867844429
139.9523197390387 39.15295053395303 0 0 39.15295053395303 49.53173731839593 -10.3787867844429
139.9498322293748 39.1527649812305 0 0 39.1527649812305 49.53155176567341 -10.3787867844429
139.9419012609972 39.15345845469054 0 0 39.15345845469054 49.53224523913344 -10.3787867844429
139.9419012609972 39.15345845469054 0 0 39.15345845469054 49.53224523913344 -10.3787867844429
139.9456978571567 39.15482303870687 0 0 39.15482303870687 49.53360982314976 -10.3787867844429
139.9441963789286 39.15729898675745 0 0 39.15729898675745 49.53608577120036 -10.3787867844429
139.9558382536993 39.15083976999958 0 0 39.15083976999958 49.52962655444247 -10.3787867844429
139.9526632178388 39.15026602816459 0 0 39.15026602816459 49.5290528126075 -10.3787867844429
139.9520326131997 39.15069258338099 0 0 39.15069258338099 49.52947936782389 -10.3787867844429
139.9520326131997 39.15069258338099 0 0 39.15069258338099 49.52947936782389 -10.3787867844429
139.9521412462015 39.14863118491117 0 0 39.14863118491117 49.52741796935407 -10.3787867844429
139.9521412462015 39.14863118491117 0 0 39.14863118491117 49.52741796935407 -10.3787867844429
139.9521412462015 39.14863118491117 0 0 39.14863118491117 49.52741796935407 -10.3787867844429
139.9639309863262 39.14948583335226 0 0 39.14948583335226 49.52827261779515 -10.3787867844429
139.9639309863262 39.14948583335226 0 0 39.14948583335226 49.52827261779515 -10.3787867844429
139.9675865102906 39.14982941515952 0 0 39.14982941515952 49.52861619960241 -10.3787867844429
139.9675865102906 39.14982941515952 0 0 39.14982941515952 49.52861619960241 -10.3787867844429
139.9675865102906 39.14982941515952 0 0 39.14982941515952 49.52861619960241 -10.3787867844429
139.9680174556114 39.14977892689804 0 0 39.14977892689804 49.52856571134094 -10.3787867844429
139.9639252202642 39.15192773800258 0 0 39.15192773800258 49.53071452244549 -10.3787867844429
139.9639252202642 39.15192773800258 0 0 39.15192773800258 49.53071452244549 -10.3787867844429
139.9639252202642 39.15192773800258 0 0 39.15192773800258 49.53071452244549 -10.3787867844429
139.9649079883189 39.15231060617759 0 0 39.15231060617759 49.53109739062049 -10.3787867844429
139.9579083215565 39.15257970380138 0 0 39.15257970380138 49.53136648824427 -10.3787867844429
139.9579083215565 39.15257970380138 0 0 39.15257970380138 49.53136648824427 -10.3787867844429
139.9654478570699 39.15359370120221 0 0 39.15359370120221 49.53238048564511 -10.3787867844429
139.964612965347 39.154819720647 0 0 39.154819720647 49.53360650508989 -10.3787867844429
139.964612965347 39.154819720647 0 0 39.154819720647 49.53360650508989 -10.3787867844429
139.9632379309358 39.15514077895438 0 0 39.15514077895438 49.53392756339727 -10.3787867844429
139.9629604079602 39.15529461591456 0 0 39.15529461591456 49.53408140035746 -10.3787867844429
139.9693679544185 39.15690447869899 0 0 39.15690447869899 49.53569126314189 -10.3787867844429
139.973003687664 39.15754736947518 0 0 39.15754736947518 49.53633415391808 -10.3787867844429
139.9667599323685 39.15609413286444 0 0 39.15609413286444 49.53488091730734 -10.3787867844429
139.9782004662038 39.15725183967156 0 0 39.15725183967156 49.53603862411445 -10.3787867844429
139.9856149391562 39.15624926262601 0 0 39.15624926262601 49.53503604706891 -10.3787867844429
139.9880379508922 39.15747571546926 0 0 39.15747571546926 49.53626249991216 -10.3787867844429
139.9888066998464 39.15870810811761 0 0 39.15870810811761 49.53749489256051 -10.3787867844429
139.9888066998464 39.15870810811761 0 0 39.15870810811761 49.53749489256051 -10.3787867844429
139.9895228569058 39.15817945437514 0 0 39.15817945437514 49.53696623881804 -10.3787867844429
139.9876851693847 39.15974290105748 0 0 39.15974290105748 49.53852968550038 -10.3787867844429
139.9950366610062 39.16085207376805 0 0 39.16085207376805 49.53963885821095 -10.3787867844429
139.9980604047411 39.1621076576489 0 0 39.1621076576489 49.5408944420918 -10.3787867844429
139.9887285715655 39.15987032742051 0 0 39.15987032742051 49.53865711186341 -10.3787867844429
139.9712331066998 39.16935882151802 0 0 39.16935882151802 49.54814560596092 -10.3787867844429
139.9720973094521 39.1681014765816 0 0 39.1681014765816 49.5468882610245 -10.3787867844429
139.9681881392693 39.16740349177977 0 0 39.16740349177977 49.54619027622267 -10.3787867844429
139.964152598975 39.16694202635014 0 0 39.16694202635014 49.54572881079304 -10.3787867844429
139.9616822656448 39.16776636985435 0 0 39.16776636985435 49.54655315429724 -10.3787867844429
139.9553573685082 39.1670401604119 0 0 39.1670401604119 49.5458269448548 -10.3787867844429
139.9604143360607 39.1649854660767 0 0 39.1649854660767 49.5437722505196 -10.3787867844429
139.9604143360607 39.1649854660767 0 0 39.1649854660767 49.5437722505196 -10.3787867844429
139.9597548434239 39.16547131973846 0 0 39.16547131973846 49.54425810418136 -10.3787867844429
139.9597548434239 39.16547131973846 0 0 39.16547131973846 49.54425810418136 -10.3787867844429
139.9568903248321 39.16652332481824 0 0 39.16652332481824 49.54531010926114 -10.3787867844429
139.9627445875989 39.16549003798664 0 0 39.16549003798664 49.54427682242954 -10.3787867844429
139.9793608153147 39.1647335745412 0 0 39.1647335745412 49.5435203589841 -10.3787867844429
139.9793608153147 39.1647335745412 0 0 39.1647335745412 49.5435203589841 -10.3787867844429
139.9793608153147 39.1647335745412 0 0 39.1647335745412 49.5435203589841 -10.3787867844429
139.9851769021626 39.16477840749566 0 0 39.16477840749566 49.54356519193855 -10.3787867844429
139.9929505910998 39.16518050524192 0 0 39.16518050524192 49.54396728968482 -10.3787867844429
139.9929505910998 39.16518050524192 0 0 39.16518050524192 49.54396728968482 -10.3787867844429
139.9929505910998 39.16518050524192 0 0 39.16518050524192 49.54396728968482 -10.3787867844429
139.9808473296314 39.16542495192068 0 0 39.16542495192068 49.54421173636359 -10.3787867844429
139.9896085225023 39.16616225653068 0 0 39.16616225653068 49.54494904097358 -10.3787867844429
139.9847799200822 39.16816841929266 0 0 39.16816841929266 49.54695520373555 -10.3787867844429
139.9858031306117 39.16671555724348 0 0 39.16671555724348 49.54550234168638 -10.3787867844429
139.9840521281647 39.16893657109991 0 0 39.16893657109991 49.5477233555428 -10.3787867844429
139.9900029020538 39.16840981295073 0 0 39.16840981295073 49.54719659739363 -10.3787867844429
139.9900029020538 39.16840981295073 0 0 39.16840981295073 49.54719659739363 -10.3787867844429
139.9865302396764 39.16828978047707 0 0 39.16828978047707 49.54707656491997 -10.3787867844429
139.9903950837423 39.16763420788185 0 0 39.16763420788185 49.54642099232474 -10.3787867844429
139.9951868258174 39.16750635070176 0 0 39.16750635070176 49.54629313514465 -10.3787867844429
139.996016948888 39.16741536671387 0 0 39.16741536671387 49.54620215115676 -10.3787867844429
139.9908150254082 39.16653152109782 0 0 39.16653152109782 49.54531830554073 -10.3787867844429
139.9908150254082 39.16653152109782 0 0 39.16653152109782 49.54531830554073 -10.3787867844429
139.9890700432235 39.16550875331856 0 0 39.16550875331856 49.54429553776146 -10.3787867844429
139.9868238962422 39.17020001329431 0 0 39.17020001329431 49.54898679773721 -10.3787867844429
139.9866393697858 39.16938088235365 0 0 39.16938088235365 49.54816766679654 -10.3787867844429
139.993891445389 39.16816177976575 0 0 39.16816177976575 49.54694856420866 -10.3787867844429
139.9906052541289 39.16954968616996 0 0 39.16954968616996 49.54833647061285 -10.3787867844429
139.9864343146268 39.15371853636421 0 0 39.15371853636421 49.53250532080711 -10.3787867844429
139.9933907672861 39.15448694578534 0 0 39.15448694578534 49.53327373022823 -10.3787867844429
139.9933907672861 39.15448694578534 0 0 39.15448694578534 49.53327373022823 -10.3787867844429
139.9982295975063 39.15573442227524 0 0 39.15573442227524 49.53452120671815 -10.3787867844429
139.996752520128 39.15504161019919 0 0 39.15504161019919 49.53382839464209 -10.3787867844429
139.9925781352301 39.15621379951548 0 0 39.15621379951548 49.53500058395838 -10.3787867844429
139.9887645688677 39.15681611462063 0 0 39.15681611462063 49.53560289906353 -10.3787867844429
139.9913824048354 39.15811611249325 0 0 39.15811611249325 49.53690289693614 -10.3787867844429
139.984700169236 39.16134158456894 0 0 39.16134158456894 49.54012836901185 -10.3787867844429
139.9884816731944 39.16217918235392 0 0 39.16217918235392 49.54096596679683 -10.3787867844429
139.9924401227739 39.16306987047044 0 0 39.16306987047044 49.54185665491334 -10.3787867844429
140.0131575157707 39.17151831893128 0 0 39.17151831893128 49.55030510337417 -10.3787867844429
140.0100833177138 39.17196435043896 0 0 39.17196435043896 49.55075113488186 -10.3787867844429
140.0148237073439 39.1697854460247 0 0 39.1697854460247 49.54857223046761 -10.3787867844429
140.0146691036938 39.1688298808177 0 0 39.1688298808177 49.5476166652606 -10.3787867844429
140.0157965694157 39.16801370787692 0 0 39.16801370787692 49.54680049231983 -10.3787867844429
140.0225055045493 39.16654036742084 0 0 39.16654036742084 49.54532715186373 -10.3787867844429
140.0350865096258 39.16615285239949 0 0 39.16615285239949 49.54493963684239 -10.3787867844429
140.0350414366605 39.16733200568557 0 0 39.16733200568557 49.54611879012846 -10.3787867844429
140.0340789057962 39.15125527248939 0 0 39.15125527248939 49.53004205693229 -10.3787867844429
140.0448212401728 39.14884532784045 0 0 39.14884532784045 49.52763211228335 -10.3787867844429
140.0511002025208 39.14694656114575 0 0 39.14694656114575 49.52573334558866 -10.3787867844429
140.0481935823038 39.14720170280546 0 0 39.14720170280546 49.52598848724836 -10.3787867844429
140.0509064816297 39.14805192107978 0 0 39.14805192107978 49.52683870552269 -10.3787867844429
140.0571517534912 39.14762564040447 0 0 39.14762564040447 49.52641242484737 -10.3787867844429
140.0571517534912 39.14762564040447 0 0 39.14762564040447 49.52641242484737 -10.3787867844429
140.0571517534912 39.14762564040447 0 0 39.14762564040447 49.52641242484737 -10.3787867844429
140.0571517534912 39.14762564040447 0 0 39.14762564040447 49.52641242484737 -10.3787867844429
140.0613861240455 39.14671456002758 0 0 39.14671456002758 49.52550134447048 -10.3787867844429
140.058532031665 39.14548363349493 0 0 39.14548363349493 49.52427041793784 -10.3787867844429
140.0560339931058 39.14516608009416 0 0 39.14516608009416 49.52395286453705 -10.3787867844429
140.0591461547505 39.14600371586742 0 0 39.14600371586742 49.52479050031032 -10.3787867844429
140.0519619061047 39.14597153142194 0 0 39.14597153142194 49.52475831586484 -10.3787867844429
140.0431583931938 39.14691917718864 0 0 39.14691917718864 49.52570596163153 -10.3787867844429
140.0463107298501 39.14643495362164 0 0 39.14643495362164 49.52522173806454 -10.3787867844429
140.0432981996429 39.14451043316899 0 0 39.14451043316899 49.52329721761189 -10.3787867844429
140.0448054500092 39.14497937860725 0 0 39.14497937860725 49.52376616305014 -10.3787867844429
140.0403545561956 39.14324951347804 0 0 39.14324951347804 49.52203629792093 -10.3787867844429
140.0403545561956 39.14324951347804 0 0 39.14324951347804 49.52203629792093 -10.3787867844429
140.0441786405492 39.14236378738342 0 0 39.14236378738342 49.52115057182632 -10.3787867844429
140.0404623367987 39.14156246399519 0 0 39.14156246399519 49.52034924843809 -10.3787867844429
140.0355779117273 39.14175225059475 0 0 39.14175225059475 49.52053903503765 -10.3787867844429
140.0400039431362 39.1416815196672 0 0 39.1416815196672 49.5204683041101 -10.3787867844429
140.0414972336596 39.1412078566179 0 0 39.1412078566179 49.5199946410608 -10.3787867844429
140.0414972336596 39.1412078566179 0 0 39.1412078566179 49.5199946410608 -10.3787867844429
140.0398594477588 39.14205078482347 0 0 39.14205078482347 49.52083756926636 -10.3787867844429
140.0371910865252 39.14006707722231 0 0 39.14006707722231 49.51885386166521 -10.3787867844429
140.0359804162818 39.1394409606813 0 0 39.1394409606813 49.5182277451242 -10.3787867844429
140.0360193516038 39.13991619859505 0 0 39.13991619859505 49.51870298303795 -10.3787867844429
140.0327860965377 39.14045524892849 0 0 39.14045524892849 49.51924203337138 -10.3787867844429
140.0342774792875 39.14220553718441 0 0 39.14220553718441 49.5209923216273 -10.3787867844429
140.0250854019878 39.14104572612854 0 0 39.14104572612854 49.51983251057144 -10.3787867844429
140.0197878653223 39.14319252201389 0 0 39.14319252201389 49.52197930645679 -10.3787867844429
140.0118141270325 39.14304076682501 0 0 39.14304076682501 49.5218275512679 -10.3787867844429
140.0141444851594 39.14313937144841 0 0 39.14313937144841 49.52192615589131 -10.3787867844429
140.0141444851594 39.14313937144841 0 0 39.14313937144841 49.52192615589131 -10.3787867844429
140.0043003880337 39.14349440216492 0 0 39.14349440216492 49.52228118660781 -10.3787867844429
140.0043003880337 39.14349440216492 0 0 39.14349440216492 49.52228118660781 -10.3787867844429
140.0043003880337 39.14349440216492 0 0 39.14349440216492 49.52228118660781 -10.3787867844429
140.0125657545594 39.14523700056999 0 0 39.14523700056999 49.52402378501289 -10.3787867844429
140.0125657545594 39.14523700056999 0 0 39.14523700056999 49.52402378501289 -10.3787867844429
140.0125657545594 39.14523700056999 0 0 39.14523700056999 49.52402378501289 -10.3787867844429
139.9347805595953 39.13520918176721 0 0 39.13520918176721 49.5139959662101 -10.3787867844429
139.9378659447562 39.13404554999036 0 0 39.13404554999036 49.51283233443326 -10.3787867844429
139.9282766441249 39.13410018399699 0 0 39.13410018399699 49.51288696843989 -10.3787867844429
139.9249691495302 39.13503633441766 0 0 39.13503633441766 49.51382311886056 -10.3787867844429
139.934215677884 39.13530104466057 0 0 39.13530104466057 49.51408782910346 -10.3787867844429
139.9338635816184 39.13558497802561 0 0 39.13558497802561 49.51437176246851 -10.3787867844429
139.9404084252249 39.13621350475323 0 0 39.13621350475323 49.51500028919613 -10.3787867844429
139.9468910566673 39.13567224460434 0 0 39.13567224460434 49.51445902904723 -10.3787867844429
139.954501833633 39.13497749379496 0 0 39.13497749379496 49.51376427823786 -10.3787867844429
139.9391018410992 39.13491531509206 0 0 39.13491531509206 49.51370209953495 -10.3787867844429
139.9391018410992 39.13491531509206 0 0 39.13491531509206 49.51370209953495 -10.3787867844429
139.9424502545358 39.13453580765977 0 0 39.13453580765977 49.51332259210267 -10.3787867844429
139.9424502545358 39.13453580765977 0 0 39.13453580765977 49.51332259210267 -10.3787867844429
139.9544956864772 39.14083806834728 0 0 39.14083806834728 49.51962485279017 -10.3787867844429
139.9480798994809 39.14023430953775 0 0 39.14023430953775 49.51902109398065 -10.3787867844429
139.9480798994809 39.14023430953775 0 0 39.14023430953775 49.51902109398065 -10.3787867844429
139.9428894080784 39.14087153409696 0 0 39.14087153409696 49.51965831853985 -10.3787867844429
139.9428894080784 39.14087153409696 0 0 39.14087153409696 49.51965831853985 -10.3787867844429
139.9374450185234 39.14183039339802 0 0 39.14183039339802 49.52061717784093 -10.3787867844429
139.9301988892684 39.14114963445498 0 0 39.14114963445498 49.51993641889788 -10.3787867844429
139.9308165712067 39.14217179363941 0 0 39.14217179363941 49.5209585780823 -10.3787867844429
139.9363891207938 39.14277205044988 0 0 39.14277205044988 49.52155883489278 -10.3787867844429
139.9350102441542 39.14371092772163 0 0 39.14371092772163 49.52249771216452 -10.3787867844429
139.9350102441542 39.14371092772163 0 0 39.14371092772163 49.52249771216452 -10.3787867844429
139.9264480521308 39.1438253337204 0 0 39.1438253337204 49.52261211816329 -10.3787867844429
139.9280478482248 39.14360273431005 0 0 39.14360273431005 49.52238951875295 -10.3787867844429
139.9303280756728 39.14597531620413 0 0 39.14597531620413 49.52476210064702 -10.3787867844429
139.9231197384416 39.1459066189235 0 0 39.1459066189235 49.5246934033664 -10.3787867844429
139.917239179502 39.14729812716712 0 0 39.14729812716712 49.52608491161001 -10.3787867844429
139.921374042225 39.14658785681624 0 0 39.14658785681624 49.52537464125914 -10.3787867844429
139.9210124394309 39.14625962759133 0 0 39.14625962759133 49.52504641203424 -10.3787867844429
139.919321379662 39.14646124903832 0 0 39.14646124903832 49.52524803348123 -10.3787867844429
139.9122560247908 39.14653112421219 0 0 39.14653112421219 49.52531790865508 -10.3787867844429
139.9073343693709 39.14640454336595 0 0 39.14640454336595 49.52519132780884 -10.3787867844429
139.9125983637402 39.14671792513124 0 0 39.14671792513124 49.52550470957414 -10.3787867844429
139.9125983637402 39.14671792513124 0 0 39.14671792513124 49.52550470957414 -10.3787867844429
139.9050735879085 39.14834255174461 0 0 39.14834255174461 49.5271293361875 -10.3787867844429
139.9058641612826 39.14956779415586 0 0 39.14956779415586 49.52835457859875 -10.3787867844429
139.8973029374679 39.15101660562544 0 0 39.15101660562544 49.52980339006834 -10.3787867844429
139.8973029374679 39.15101660562544 0 0 39.15101660562544 49.52980339006834 -10.3787867844429
139.9028302237489 39.1513948983749 0 0 39.1513948983749 49.5301816828178 -10.3787867844429
139.9098342646904 39.15264667644753 0 0 39.15264667644753 49.53143346089043 -10.3787867844429
139.9121432089984 39.1524452936448 0 0 39.1524452936448 49.5312320780877 -10.3787867844429
139.9121432089984 39.1524452936448 0 0 39.1524452936448 49.5312320780877 -10.3787867844429
139.9121432089984 39.1524452936448 0 0 39.1524452936448 49.5312320780877 -10.3787867844429
139.9136810148408 39.15340446213358 0 0 39.15340446213358 49.53219124657648 -10.3787867844429
139.9097441439774 39.15399530612524 0 0 39.15399530612524 49.53278209056813 -10.3787867844429
139.9188855813107 39.153231024996 0 0 39.153231024996 49.5320178094389 -10.3787867844429
140.0024288995102 39.15582734155039 0 0 39.15582734155039 49.53461412599329 -10.3787867844429
140.011162981472 39.15760335822102 0 0 39.15760335822102 49.53639014266393 -10.3787867844429
140.013676279771 39.15863732492674 0 0 39.15863732492674 49.53742410936964 -10.3787867844429
140.0147336980383 39.15887895983717 0 0 39.15887895983717 49.53766574428006 -10.3787867844429
140.0174593507872 39.15852603894481 0 0 39.15852603894481 49.53731282338771 -10.3787867844429
140.0269482781064 39.15845348937857 0 0 39.15845348937857 49.53724027382147 -10.3787867844429
140.036855006972 39.15959705785366 0 0 39.15959705785366 49.53838384229656 -10.3787867844429
140.0303373471888 39.15807598572077 0 0 39.15807598572077 49.53686277016367 -10.3787867844429
140.028669039779 39.15807408441175 0 0 39.15807408441175 49.53686086885465 -10.3787867844429
140.0293751401015 39.1578390790534 0 0 39.1578390790534 49.5366258634963 -10.3787867844429
140.0328590245571 39.15783158012242 0 0 39.15783158012242 49.53661836456532 -10.3787867844429
140.0319147508727 39.15704886650232 0 0 39.15704886650232 49.53583565094522 -10.3787867844429
140.0319147508727 39.15704886650232 0 0 39.15704886650232 49.53583565094522 -10.3787867844429
140.0319147508727 39.15704886650232 0 0 39.15704886650232 49.53583565094522 -10.3787867844429
140.0284675225674 39.15722574883755 0 0 39.15722574883755 49.53601253328044 -10.3787867844429
140.0282350983763 39.15528752895931 0 0 39.15528752895931 49.5340743134022 -10.3787867844429
140.0259565083217 39.15585019200124 0 0 39.15585019200124 49.53463697644414 -10.3787867844429
140.0264336789604 39.15489156524615 0 0 39.15489156524615 49.53367834968904 -10.3787867844429
140.0360307766858 39.15368926349547 0 0 39.15368926349547 49.53247604793836 -10.3787867844429
140.0341150272317 39.15301217555995 0 0 39.15301217555995 49.53179896000285 -10.3787867844429
140.0293127798584 39.15271384731956 0 0 39.15271384731956 49.53150063176246 -10.3787867844429
140.0277167548791 39.15183804309066 0 0 39.15183804309066 49.53062482753356 -10.3787867844429
140.0280930371951 39.15253482133316 0 0 39.15253482133316 49.53132160577606 -10.3787867844429
140.0322558688135 39.15250838615856 0 0 39.15250838615856 49.53129517060146 -10.3787867844429
140.0223461707691 39.15280469281956 0 0 39.15280469281956 49.53159147726246 -10.3787867844429
140.0279794761343 39.15366831221824 0 0 39.15366831221824 49.53245509666115 -10.3787867844429
140.0224838080471 39.1538687985739 0 0 39.1538687985739 49.53265558301679 -10.3787867844429
140.0224838080471 39.1538687985739 0 0 39.1538687985739 49.53265558301679 -10.3787867844429
140.0232445942091 39.15465463133323 0 0 39.15465463133323 49.53344141577613 -10.3787867844429
140.0248190633523 39.15430744122635 0 0 39.15430744122635 49.53309422566925 -10.3787867844429
140.0225330504616 39.15509917826877 0 0 39.15509917826877 49.53388596271167 -10.3787867844429
140.018164420163 39.1550508897765 0 0 39.1550508897765 49.53383767421941 -10.3787867844429
140.0127399347268 39.15480573483339 0 0 39.15480573483339 49.53359251927628 -10.3787867844429
140.0072143814911 39.15453777160904 0 0 39.15453777160904 49.53332455605194 -10.3787867844429
140.0119973670314 39.156366249947 0 0 39.156366249947 49.53515303438989 -10.3787867844429
140.0081283094073 39.15861102823621 0 0 39.15861102823621 49.53739781267911 -10.3787867844429
140.0081283094073 39.15861102823621 0 0 39.15861102823621 49.53739781267911 -10.3787867844429
140.010739646628 39.15809452287994 0 0 39.15809452287994 49.53688130732283 -10.3787867844429
140.010739646628 39.15809452287994 0 0 39.15809452287994 49.53688130732283 -10.3787867844429
140.0188803106282 39.15710827381406 0 0 39.15710827381406 49.53589505825695 -10.3787867844429
140.0263343163528 39.15745408085691 0 0 39.15745408085691 49.5362408652998 -10.3787867844429
140.0245064803437 39.15700116785976 0 0 39.15700116785976 49.53578795230266 -10.3787867844429
140.0285904194357 39.15497127115115 0 0 39.15497127115115 49.53375805559406 -10.3787867844429
140.0272416985281 39.15456590706137 0 0 39.15456590706137 49.53335269150427 -10.3787867844429
140.0272416985281 39.15456590706137 0 0 39.15456590706137 49.53335269150427 -10.3787867844429
140.0265829710708 39.15456282849441 0 0 39.15456282849441 49.5333496129373 -10.3787867844429
140.022864766743 39.15526130040745 0 0 39.15526130040745 49.53404808485034 -10.3787867844429
140.0189487777797 39.1566599446284 0 0 39.1566599446284 49.5354467290713 -10.3787867844429
140.0162912092109 39.15807526717568 0 0 39.15807526717568 49.53686205161858 -10.3787867844429
140.0127841062427 39.15683124536747 0 0 39.15683124536747 49.53561802981037 -10.3787867844429
140.0127841062427 39.15683124536747 0 0 39.15683124536747 49.53561802981037 -10.3787867844429
140.0057050609863 39.15616557054828 0 0 39.15616557054828 49.53495235499118 -10.3787867844429
140.0093530948251 39.15498974869595 0 0 39.15498974869595 49.53377653313886 -10.3787867844429
140.0116884441035 39.15408405494661 0 0 39.15408405494661 49.5328708393895 -10.3787867844429
140.0108744648716 39.15371348632264 0 0 39.15371348632264 49.53250027076555 -10.3787867844429
140.0121624941843 39.1548733441434 0 0 39.1548733441434 49.53366012858629 -10.3787867844429
140.0101713136393 39.15502958289878 0 0 39.15502958289878 49.53381636734167 -10.3787867844429
140.0094376254297 39.1550277261392 0 0 39.1550277261392 49.5338145105821 -10.3787867844429
140.0112446914631 39.15474455572812 0 0 39.15474455572812 49.53353134017102 -10.3787867844429
140.0095603147169 39.15674477631896 0 0 39.15674477631896 49.53553156076185 -10.3787867844429
140.0095603147169 39.15674477631896 0 0 39.15674477631896 49.53553156076185 -10.3787867844429
140.0011564910405 39.15915351577701 0 0 39.15915351577701 49.5379403002199 -10.3787867844429
139.9831073187222 39.1627677683864 0 0 39.1627677683864 49.5415545528293 -10.3787867844429
139.9831073187222 39.1627677683864 0 0 39.1627677683864 49.5415545528293 -10.3787867844429
139.9865749947154 39.16369861768523 0 0 39.16369861768523 49.54248540212813 -10.3787867844429
139.9894920770486 39.16430967781092 0 0 39.16430967781092 49.54309646225382 -10.3787867844429
139.9894920770486 39.16430967781092 0 0 39.16430967781092 49.54309646225382 -10.3787867844429
139.995238747426 39.16449296403985 0 0 39.16449296403985 49.54327974848275 -10.3787867844429
139.9883451561535 39.16463568363517 0 0 39.16463568363517 49.54342246807807 -10.3787867844429
140.0148643819694 39.1708159552152 0 0 39.1708159552152 49.54960273965811 -10.3787867844429
140.0154954933053 39.17054124190163 0 0 39.17054124190163 49.54932802634453 -10.3787867844429
140.0154954933053 39.17054124190163 0 0 39.17054124190163 49.54932802634453 -10.3787867844429
140.0215410970338 39.17010261476312 0 0 39.17010261476312 49.54888939920603 -10.3787867844429
140.0236315967037 39.1690641062789 0 0 39.1690641062789 49.54785089072179 -10.3787867844429
140.0236315967037 39.1690641062789 0 0 39.1690641062789 49.54785089072179 -10.3787867844429
140.0182762709285 39.1697248407998 0 0 39.1697248407998 49.5485116252427 -10.3787867844429
140.0159324801858 39.17076564376389 0 0 39.17076564376389 49.54955242820679 -10.3787867844429
140.016157344809 39.17232339624189 0 0 39.17232339624189 49.55111018068479 -10.3787867844429
140.0235825277885 39.17315442251493 0 0 39.17315442251493 49.55194120695783 -10.3787867844429
140.0194653034087 39.17320055886076 0 0 39.17320055886076 49.55198734330365 -10.3787867844429
140.0156884834267 39.1712167430332 0 0 39.1712167430332 49.55000352747609 -10.3787867844429
140.0184851496769 39.17070963309212 0 0 39.17070963309212 49.54949641753502 -10.3787867844429
140.0244356190983 39.17054993957598 0 0 39.17054993957598 49.54933672401888 -10.3787867844429
140.033220709917 39.16998866966551 0 0 39.16998866966551 49.54877545410841 -10.3787867844429
140.0410808323737 39.16833446077466 0 0 39.16833446077466 49.54712124521756 -10.3787867844429
140.04688260492 39.16999850772281 0 0 39.16999850772281 49.5487852921657 -10.3787867844429
140.0410498837276 39.16903772998569 0 0 39.16903772998569 49.54782451442859 -10.3787867844429
139.9332769270555 39.1524189173516 0 0 39.1524189173516 49.5312057017945 -10.3787867844429
139.9332769270555 39.1524189173516 0 0 39.1524189173516 49.5312057017945 -10.3787867844429
139.9356049355032 39.15241866474949 0 0 39.15241866474949 49.53120544919239 -10.3787867844429
139.9223390642977 39.15245255318648 0 0 39.15245255318648 49.53123933762938 -10.3787867844429
139.9215712807209 39.1528081984671 0 0 39.1528081984671 49.53159498291 -10.3787867844429
139.9157560843452 39.15328963950833 0 0 39.15328963950833 49.53207642395122 -10.3787867844429
139.9120043191185 39.15186142918881 0 0 39.15186142918881 49.53064821363171 -10.3787867844429
139.9006170746009 39.14958559514174 0 0 39.14958559514174 49.52837237958464 -10.3787867844429
139.9038209872892 39.14859283751888 0 0 39.14859283751888 49.52737962196177 -10.3787867844429
139.9089714647461 39.15014609589326 0 0 39.15014609589326 49.52893288033616 -10.3787867844429
139.9083333049369 39.15126795625754 0 0 39.15126795625754 49.53005474070044 -10.3787867844429
139.9173840913976 39.15179173397252 0 0 39.15179173397252 49.53057851841541 -10.3787867844429
139.9188520777877 39.1536274063959 0 0 39.1536274063959 49.53241419083879 -10.3787867844429
139.9188520777877 39.1536274063959 0 0 39.1536274063959 49.53241419083879 -10.3787867844429
139.9187470934468 39.15297744526929 0 0 39.15297744526929 49.53176422971219 -10.3787867844429
139.9173225844087 39.15485002673508 0 0 39.15485002673508 49.53363681117797 -10.3787867844429
139.9173225844087 39.15485002673508 0 0 39.15485002673508 49.53363681117797 -10.3787867844429
139.9134026231887 39.15547128287051 0 0 39.15547128287051 49.5342580673134 -10.3787867844429
139.9074990740413 39.15518700599799 0 0 39.15518700599799 49.53397379044089 -10.3787867844429
139.9074990740413 39.15518700599799 0 0 39.15518700599799 49.53397379044089 -10.3787867844429
139.9063732387838 39.15554640676145 0 0 39.15554640676145 49.53433319120434 -10.3787867844429
139.9053536706226 39.15561742199037 0 0 39.15561742199037 49.53440420643327 -10.3787867844429
139.9047919388771 39.15272525131741 0 0 39.15272525131741 49.5315120357603 -10.3787867844429
139.9047919388771 39.15272525131741 0 0 39.15272525131741 49.5315120357603 -10.3787867844429
139.9026168691898 39.15360517945267 0 0 39.15360517945267 49.53239196389557 -10.3787867844429
139.9029608658433 39.15301547754058 0 0 39.15301547754058 49.53180226198347 -10.3787867844429
139.9029608658433 39.15301547754058 0 0 39.15301547754058 49.53180226198347 -10.3787867844429
139.8984358782007 39.15340728662437 0 0 39.15340728662437 49.53219407106727 -10.3787867844429
