totalLogLikelihoodDensity totalLogPriorDensity H1NoiseLogPriorDensity L1NoiseLogPriorDensity gwLogPriorDensity gwExtrinsicLogPriorDensityTracker gwCbcLogPriorDensityTracker
42.0772389922526 40.64309517940067 0 0 40.64309517940067 51.02188196384357 -10.3787867844429
138.2012448502592 39.15690088971803 0 0 39.15690088971803 49.53568767416093 -10.3787867844429
138.2012448502592 39.15690088971803 0 0 39.15690088971803 49.53568767416093 -10.3787867844429
138.2012448502592 39.15690088971803 0 0 39.15690088971803 49.53568767416093 -10.3787867844429
138.2012448502592 39.15690088971803 0 0 39.15690088971803 49.53568767416093 -10.3787867844429
138.2012448502592 39.15690088971803 0 0 39.15690088971803 49.53568767416093 -10.3787867844429
138.2012448502592 39.15690088971803 0 0 39.15690088971803 49.53568767416093 -10.3787867844429
138.2012448502592 39.15690088971803 0 0 39.15690088971803 49.53568767416093 -10.3787867844429
138.2012448502592 39.15690088971803 0 0 39.15690088971803 49.53568767416093 -10.3787867844429
138.2012448502592 39.15690088971803 0 0 39.15690088971803 49.53568767416093 -10.3787867844429
138.2012448502592 39.15690088971803 0 0 39.15690088971803 49.53568767416093 -10.3787867844429
138.2012448502592 39.15690088971803 0 0 39.15690088971803 49.53568767416093 -10.3787867844429
138.2012448502592 39.15690088971803 0 0 39.15690088971803 49.53568767416093 -10.3787867844429
138.2012448502592 39.15690088971803 0 0 39.15690088971803 49.53568767416093 -10.3787867844429
138.2012448502592 39.15690088971803 0 0 39.15690088971803 49.53568767416093 -10.3787867844429
138.2012448502592 39.15690088971803 0 0 39.15690088971803 49.53568767416093 -10.3787867844429
138.2012448502592 39.15690088971803 0 0 39.15690088971803 49.53568767416093 -10.3787867844429
138.2012448502592 39.15690088971803 0 0 39.15690088971803 49.53568767416093 -10.3787867844429
138.2012448502592 39.15690088971803 0 0 39.15690088971803 49.53568767416093 -10.3787867844429
138.2012448502592 39.15690088971803 0 0 39.15690088971803 49.53568767416093 -10.3787867844429
138.2012448502592 39.15690088971803 0 0 39.15690088971803 49.53568767416093 -10.3787867844429
138.2012448502592 39.15690088971803 0 0 39.15690088971803 49.53568767416093 -10.3787867844429
138.2012448502592 39.15690088971803 0 0 39.15690088971803 49.53568767416093 -10.3787867844429
138.2012448502592 39.15690088971803 0 0 39.15690088971803 49.53568767416093 -10.3787867844429
138.2012448502592 39.15690088971803 0 0 39.15690088971803 49.53568767416093 -10.3787867844429
138.2012448502592 39.15690088971803 0 0 39.15690088971803 49.53568767416093 -10.3787867844429
138.2012448502592 39.15690088971803 0 0 39.15690088971803 49.53568767416093 -10.3787867844429
138.2012448502592 39.15690088971803 0 0 39.15690088971803 49.53568767416093 -10.3787867844429
138.2012448502592 39.15690088971803 0 0 39.15690088971803 49.53568767416093 -10.3787867844429
138.2012448502592 39.15690088971803 0 0 39.15690088971803 49.53568767416093 -10.3787867844429
138.2012448502592 39.15690088971803 0 0 39.15690088971803 49.53568767416093 -10.3787867844429
138.2012448502592 39.15690088971803 0 0 39.15690088971803 49.53568767416093 -10.3787867844429
138.2012448502592 39.15690088971803 0 0 39.15690088971803 49.53568767416093 -10.3787867844429
138.2012448502592 39.15690088971803 0 0 39.15690088971803 49.53568767416093 -10.3787867844429
138.2012448502592 39.15690088971803 0 0 39.15690088971803 49.53568767416093 -10.3787867844429
138.2012448502592 39.15690088971803 0 0 39.15690088971803 49.53568767416093 -10.3787867844429
138.2012448502592 39.15690088971803 0 0 39.15690088971803 49.53568767416093 -10.3787867844429
138.2012448502592 39.15690088971803 0 0 39.15690088971803 49.53568767416093 -10.3787867844429
138.2012448502592 39.15690088971803 0 0 39.15690088971803 49.53568767416093 -10.3787867844429
137.8633305888603 39.15840951609314 0 0 39.15840951609314 49.53719630053604 -10.3787867844429
137.8633305888603 39.15840951609314 0 0 39.15840951609314 49.53719630053604 -10.3787867844429
137.8633305888603 39.15840951609314 0 0 39.15840951609314 49.53719630053604 -10.3787867844429
137.8633305888603 39.15840951609314 0 0 39.15840951609314 49.53719630053604 -10.3787867844429
137.8795323123938 39.15858552851952 0 0 39.15858552851952 49.53737231296243 -10.3787867844429
137.8795323123938 39.15858552851952 0 0 39.15858552851952 49.53737231296243 -10.3787867844429
137.8795323123938 39.15858552851952 0 0 39.15858552851952 49.53737231296243 -10.3787867844429
137.8764288258351 39.15821525000608 0 0 39.15821525000608 49.53700203444897 -10.3787867844429
137.8764288258351 39.15821525000608 0 0 39.15821525000608 49.53700203444897 -10.3787867844429
137.8764288258351 39.15821525000608 0 0 39.15821525000608 49.53700203444897 -10.3787867844429
137.8887104953615 39.1574432430069 0 0 39.1574432430069 49.53623002744979 -10.3787867844429
137.8752836743045 39.15729973988877 0 0 39.15729973988877 49.53608652433167 -10.3787867844429
137.8752836743045 39.15729973988877 0 0 39.15729973988877 49.53608652433167 -10.3787867844429
137.8752836743045 39.15729973988877 0 0 39.15729973988877 49.53608652433167 -10.3787867844429
137.8752836743045 39.15729973988877 0 0 39.15729973988877 49.53608652433167 -10.3787867844429
137.8752836743045 39.15729973988877 0 0 39.15729973988877 49.53608652433167 -10.3787867844429
137.8752836743045 39.15729973988877 0 0 39.15729973988877 49.53608652433167 -10.3787867844429
137.8752836743045 39.15729973988877 0 0 39.15729973988877 49.53608652433167 -10.3787867844429
137.8752836743045 39.15729973988877 0 0 39.15729973988877 49.53608652433167 -10.3787867844429
137.8752836743045 39.15729973988877 0 0 39.15729973988877 49.53608652433167 -10.3787867844429
137.8752836743045 39.15729973988877 0 0 39.15729973988877 49.53608652433167 -10.3787867844429
137.8752836743045 39.15729973988877 0 0 39.15729973988877 49.53608652433167 -10.3787867844429
137.8752836743045 39.15729973988877 0 0 39.15729973988877 49.53608652433167 -10.3787867844429
137.869743654896 39.15710070624795 0 0 39.15710070624795 49.53588749069085 -10.3787867844429
137.8942842409764 39.15754679929329 0 0 39.15754679929329 49.53633358373618 -10.3787867844429
137.8965025078997 39.15804496848821 0 0 39.15804496848821 49.53683175293111 -10.3787867844429
137.902704405065 39.15788264042124 0 0 39.15788264042124 49.53666942486413 -10.3787867844429
137.902704405065 39.15788264042124 0 0 39.15788264042124 49.53666942486413 -10.3787867844429
137.902704405065 39.15788264042124 0 0 39.15788264042124 49.53666942486413 -10.3787867844429
137.902704405065 39.15788264042124 0 0 39.15788264042124 49.53666942486413 -10.3787867844429
137.902704405065 39.15788264042124 0 0 39.15788264042124 49.53666942486413 -10.3787867844429
139.0743795585976 39.15782659594834 0 0 39.15782659594834 49.53661338039124 -10.3787867844429
139.0743795585976 39.15782659594834 0 0 39.15782659594834 49.53661338039124 -10.3787867844429
139.0743795585976 39.15782659594834 0 0 39.15782659594834 49.53661338039124 -10.3787867844429
139.0743795585976 39.15782659594834 0 0 39.15782659594834 49.53661338039124 -10.3787867844429
139.0743795585976 39.15782659594834 0 0 39.15782659594834 49.53661338039124 -10.3787867844429
139.0743795585976 39.15782659594834 0 0 39.15782659594834 49.53661338039124 -10.3787867844429
139.0743795585976 39.15782659594834 0 0 39.15782659594834 49.53661338039124 -10.3787867844429
139.0743795585976 39.15782659594834 0 0 39.15782659594834 49.53661338039124 -10.3787867844429
139.0743795585976 39.15782659594834 0 0 39.15782659594834 49.53661338039124 -10.3787867844429
139.0743795585976 39.15782659594834 0 0 39.15782659594834 49.53661338039124 -10.3787867844429
139.0743795585976 39.15782659594834 0 0 39.15782659594834 49.53661338039124 -10.3787867844429
139.0697681024758 39.15946886252378 0 0 39.15946886252378 49.53825564696668 -10.3787867844429
139.0802365453837 39.15860121887505 0 0 39.15860121887505 49.53738800331794 -10.3787867844429
139.0802365453837 39.15860121887505 0 0 39.15860121887505 49.53738800331794 -10.3787867844429
139.0790202904504 39.15899126027081 0 0 39.15899126027081 49.53777804471371 -10.3787867844429
139.1508777848493 39.15888361865201 0 0 39.15888361865201 49.53767040309491 -10.3787867844429
139.1508777848493 39.15888361865201 0 0 39.15888361865201 49.53767040309491 -10.3787867844429
139.1508777848493 39.15888361865201 0 0 39.15888361865201 49.53767040309491 -10.3787867844429
139.1508777848493 39.15888361865201 0 0 39.15888361865201 49.53767040309491 -10.3787867844429
139.1508777848493 39.15888361865201 0 0 39.15888361865201 49.53767040309491 -10.3787867844429
139.1508777848493 39.15888361865201 0 0 39.15888361865201 49.53767040309491 -10.3787867844429
139.1508777848493 39.15888361865201 0 0 39.15888361865201 49.53767040309491 -10.3787867844429
139.1508777848493 39.15888361865201 0 0 39.15888361865201 49.53767040309491 -10.3787867844429
139.2172874693349 39.15830069850722 0 0 39.15830069850722 49.53708748295011 -10.3787867844429
139.2172874693349 39.15830069850722 0 0 39.15830069850722 49.53708748295011 -10.3787867844429
139.2172874693349 39.15830069850722 0 0 39.15830069850722 49.53708748295011 -10.3787867844429
139.2172874693349 39.15830069850722 0 0 39.15830069850722 49.53708748295011 -10.3787867844429
139.2172874693349 39.15830069850722 0 0 39.15830069850722 49.53708748295011 -10.3787867844429
139.2172874693349 39.15830069850722 0 0 39.15830069850722 49.53708748295011 -10.3787867844429
139.2172874693349 39.15830069850722 0 0 39.15830069850722 49.53708748295011 -10.3787867844429
139.2172874693349 39.15830069850722 0 0 39.15830069850722 49.53708748295011 -10.3787867844429
139.2172874693349 39.15830069850722 0 0 39.15830069850722 49.53708748295011 -10.3787867844429
139.2172874693349 39.15830069850722 0 0 39.15830069850722 49.53708748295011 -10.3787867844429
139.2172874693349 39.15830069850722 0 0 39.15830069850722 49.53708748295011 -10.3787867844429
139.2172874693349 39.15830069850722 0 0 39.15830069850722 49.53708748295011 -10.3787867844429
139.2172874693349 39.15830069850722 0 0 39.15830069850722 49.53708748295011 -10.3787867844429
139.2172874693349 39.15830069850722 0 0 39.15830069850722 49.53708748295011 -10.3787867844429
139.8913625597368 39.15672587144309 0 0 39.15672587144309 49.53551265588599 -10.3787867844429
139.8913625597368 39.15672587144309 0 0 39.15672587144309 49.53551265588599 -10.3787867844429
139.8913625597368 39.15672587144309 0 0 39.15672587144309 49.53551265588599 -10.3787867844429
139.8913625597368 39.15672587144309 0 0 39.15672587144309 49.53551265588599 -10.3787867844429
139.8913625597368 39.15672587144309 0 0 39.15672587144309 49.53551265588599 -10.3787867844429
139.8913625597368 39.15672587144309 0 0 39.15672587144309 49.53551265588599 -10.3787867844429
139.8913625597368 39.15672587144309 0 0 39.15672587144309 49.53551265588599 -10.3787867844429
139.8913625597368 39.15672587144309 0 0 39.15672587144309 49.53551265588599 -10.3787867844429
139.8913625597368 39.15672587144309 0 0 39.15672587144309 49.53551265588599 -10.3787867844429
139.6983086789805 39.15630752685068 0 0 39.15630752685068 49.53509431129358 -10.3787867844429
139.6983086789805 39.15630752685068 0 0 39.15630752685068 49.53509431129358 -10.3787867844429
139.6983086789805 39.15630752685068 0 0 39.15630752685068 49.53509431129358 -10.3787867844429
139.6983086789805 39.15630752685068 0 0 39.15630752685068 49.53509431129358 -10.3787867844429
139.6983086789805 39.15630752685068 0 0 39.15630752685068 49.53509431129358 -10.3787867844429
139.6983086789805 39.15630752685068 0 0 39.15630752685068 49.53509431129358 -10.3787867844429
139.6983086789805 39.15630752685068 0 0 39.15630752685068 49.53509431129358 -10.3787867844429
139.6983086789805 39.15630752685068 0 0 39.15630752685068 49.53509431129358 -10.3787867844429
139.6983086789805 39.15630752685068 0 0 39.15630752685068 49.53509431129358 -10.3787867844429
139.6983086789805 39.15630752685068 0 0 39.15630752685068 49.53509431129358 -10.3787867844429
139.6989091883051 39.154317871309 0 0 39.154317871309 49.53310465575191 -10.3787867844429
139.6937197779616 39.15437579246171 0 0 39.15437579246171 49.53316257690461 -10.3787867844429
139.6872249394617 39.1572702201471 0 0 39.1572702201471 49.53605700458999 -10.3787867844429
139.6927864314457 39.15707083133591 0 0 39.15707083133591 49.53585761577882 -10.3787867844429
139.6941857367909 39.15628319066509 0 0 39.15628319066509 49.53506997510799 -10.3787867844429
139.6509002868833 39.15625625014269 0 0 39.15625625014269 49.53504303458558 -10.3787867844429
139.6487099380516 39.15639019404306 0 0 39.15639019404306 49.53517697848595 -10.3787867844429
139.6487099380516 39.15639019404306 0 0 39.15639019404306 49.53517697848595 -10.3787867844429
139.6531962555961 39.15511143169425 0 0 39.15511143169425 49.53389821613715 -10.3787867844429
139.6632274919277 39.15535070225322 0 0 39.15535070225322 49.53413748669611 -10.3787867844429
139.6632274919277 39.15535070225322 0 0 39.15535070225322 49.53413748669611 -10.3787867844429
139.6632274919277 39.15535070225322 0 0 39.15535070225322 49.53413748669611 -10.3787867844429
139.6632274919277 39.15535070225322 0 0 39.15535070225322 49.53413748669611 -10.3787867844429
139.6632274919277 39.15535070225322 0 0 39.15535070225322 49.53413748669611 -10.3787867844429
139.6632274919277 39.15535070225322 0 0 39.15535070225322 49.53413748669611 -10.3787867844429
139.6632274919277 39.15535070225322 0 0 39.15535070225322 49.53413748669611 -10.3787867844429
139.6632274919277 39.15535070225322 0 0 39.15535070225322 49.53413748669611 -10.3787867844429
139.4268941593469 39.15604720155923 0 0 39.15604720155923 49.53483398600213 -10.3787867844429
139.4268941593469 39.15604720155923 0 0 39.15604720155923 49.53483398600213 -10.3787867844429
139.4268941593469 39.15604720155923 0 0 39.15604720155923 49.53483398600213 -10.3787867844429
139.4268941593469 39.15604720155923 0 0 39.15604720155923 49.53483398600213 -10.3787867844429
139.4268941593469 39.15604720155923 0 0 39.15604720155923 49.53483398600213 -10.3787867844429
139.4268941593469 39.15604720155923 0 0 39.15604720155923 49.53483398600213 -10.3787867844429
139.4268941593469 39.15604720155923 0 0 39.15604720155923 49.53483398600213 -10.3787867844429
139.4268941593469 39.15604720155923 0 0 39.15604720155923 49.53483398600213 -10.3787867844429
139.4708190538087 39.15572826269245 0 0 39.15572826269245 49.53451504713535 -10.3787867844429
139.4708190538087 39.15572826269245 0 0 39.15572826269245 49.53451504713535 -10.3787867844429
139.4708190538087 39.15572826269245 0 0 39.15572826269245 49.53451504713535 -10.3787867844429
139.4708190538087 39.15572826269245 0 0 39.15572826269245 49.53451504713535 -10.3787867844429
139.3850337608692 39.1570661855741 0 0 39.1570661855741 49.53585297001699 -10.3787867844429
139.3850337608692 39.1570661855741 0 0 39.1570661855741 49.53585297001699 -10.3787867844429
139.3850337608692 39.1570661855741 0 0 39.1570661855741 49.53585297001699 -10.3787867844429
139.3850337608692 39.1570661855741 0 0 39.1570661855741 49.53585297001699 -10.3787867844429
139.3850337608692 39.1570661855741 0 0 39.1570661855741 49.53585297001699 -10.3787867844429
139.3850337608692 39.1570661855741 0 0 39.1570661855741 49.53585297001699 -10.3787867844429
139.3850337608692 39.1570661855741 0 0 39.1570661855741 49.53585297001699 -10.3787867844429
139.3850337608692 39.1570661855741 0 0 39.1570661855741 49.53585297001699 -10.3787867844429
139.3850337608692 39.1570661855741 0 0 39.1570661855741 49.53585297001699 -10.3787867844429
139.3850337608692 39.1570661855741 0 0 39.1570661855741 49.53585297001699 -10.3787867844429
139.3850337608692 39.1570661855741 0 0 39.1570661855741 49.53585297001699 -10.3787867844429
140.0927886961816 39.15596379276309 0 0 39.15596379276309 49.53475057720599 -10.3787867844429
140.0927886961816 39.15596379276309 0 0 39.15596379276309 49.53475057720599 -10.3787867844429
140.0927886961816 39.15596379276309 0 0 39.15596379276309 49.53475057720599 -10.3787867844429
140.0927886961816 39.15596379276309 0 0 39.15596379276309 49.53475057720599 -10.3787867844429
140.0927886961816 39.15596379276309 0 0 39.15596379276309 49.53475057720599 -10.3787867844429
140.0944631385104 39.15557591443157 0 0 39.15557591443157 49.53436269887447 -10.3787867844429
140.0911909864733 39.15463813395444 0 0 39.15463813395444 49.53342491839734 -10.3787867844429
140.0911909864733 39.15463813395444 0 0 39.15463813395444 49.53342491839734 -10.3787867844429
140.0870538352969 39.15309261974541 0 0 39.15309261974541 49.53187940418831 -10.3787867844429
140.0837383957353 39.15249323348661 0 0 39.15249323348661 49.5312800179295 -10.3787867844429
140.0837383957353 39.15249323348661 0 0 39.15249323348661 49.5312800179295 -10.3787867844429
140.0837383957353 39.15249323348661 0 0 39.15249323348661 49.5312800179295 -10.3787867844429
140.0837383957353 39.15249323348661 0 0 39.15249323348661 49.5312800179295 -10.3787867844429
140.0837383957353 39.15249323348661 0 0 39.15249323348661 49.5312800179295 -10.3787867844429
140.0837383957353 39.15249323348661 0 0 39.15249323348661 49.5312800179295 -10.3787867844429
140.0837383957353 39.15249323348661 0 0 39.15249323348661 49.5312800179295 -10.3787867844429
140.0909334491836 39.15321179205797 0 0 39.15321179205797 49.53199857650087 -10.3787867844429
140.0924727938806 39.15140385645854 0 0 39.15140385645854 49.53019064090144 -10.3787867844429
140.0873875282117 39.15091709467015 0 0 39.15091709467015 49.52970387911305 -10.3787867844429
140.0944838587208 39.15202426848658 0 0 39.15202426848658 49.53081105292948 -10.3787867844429
140.0944838587208 39.15202426848658 0 0 39.15202426848658 49.53081105292948 -10.3787867844429
140.0944838587208 39.15202426848658 0 0 39.15202426848658 49.53081105292948 -10.3787867844429
140.0944838587208 39.15202426848658 0 0 39.15202426848658 49.53081105292948 -10.3787867844429
140.0944838587208 39.15202426848658 0 0 39.15202426848658 49.53081105292948 -10.3787867844429
140.0944838587208 39.15202426848658 0 0 39.15202426848658 49.53081105292948 -10.3787867844429
140.0944838587208 39.15202426848658 0 0 39.15202426848658 49.53081105292948 -10.3787867844429
139.9533957043301 39.15176724097273 0 0 39.15176724097273 49.53055402541563 -10.3787867844429
139.9533957043301 39.15176724097273 0 0 39.15176724097273 49.53055402541563 -10.3787867844429
139.9533957043301 39.15176724097273 0 0 39.15176724097273 49.53055402541563 -10.3787867844429
139.9533957043301 39.15176724097273 0 0 39.15176724097273 49.53055402541563 -10.3787867844429
139.9520040301014 39.1511592868406 0 0 39.1511592868406 49.5299460712835 -10.3787867844429
140.062834335118 39.15097695663108 0 0 39.15097695663108 49.52976374107399 -10.3787867844429
140.062834335118 39.15097695663108 0 0 39.15097695663108 49.52976374107399 -10.3787867844429
140.0609311506105 39.15070308789382 0 0 39.15070308789382 49.52948987233672 -10.3787867844429
140.0508984230821 39.15081513562163 0 0 39.15081513562163 49.52960192006453 -10.3787867844429
140.0508984230821 39.15081513562163 0 0 39.15081513562163 49.52960192006453 -10.3787867844429
140.0508984230821 39.15081513562163 0 0 39.15081513562163 49.52960192006453 -10.3787867844429
140.0508984230821 39.15081513562163 0 0 39.15081513562163 49.52960192006453 -10.3787867844429
140.0508984230821 39.15081513562163 0 0 39.15081513562163 49.52960192006453 -10.3787867844429
140.0508984230821 39.15081513562163 0 0 39.15081513562163 49.52960192006453 -10.3787867844429
140.0508984230821 39.15081513562163 0 0 39.15081513562163 49.52960192006453 -10.3787867844429
140.0508984230821 39.15081513562163 0 0 39.15081513562163 49.52960192006453 -10.3787867844429
140.0508984230821 39.15081513562163 0 0 39.15081513562163 49.52960192006453 -10.3787867844429
140.0508984230821 39.15081513562163 0 0 39.15081513562163 49.52960192006453 -10.3787867844429
140.0508984230821 39.15081513562163 0 0 39.15081513562163 49.52960192006453 -10.3787867844429
140.0508984230821 39.15081513562163 0 0 39.15081513562163 49.52960192006453 -10.3787867844429
140.0508984230821 39.15081513562163 0 0 39.15081513562163 49.52960192006453 -10.3787867844429
140.0508984230821 39.15081513562163 0 0 39.15081513562163 49.52960192006453 -10.3787867844429
140.0508984230821 39.15081513562163 0 0 39.15081513562163 49.52960192006453 -10.3787867844429
140.0508984230821 39.15081513562163 0 0 39.15081513562163 49.52960192006453 -10.3787867844429
140.0508984230821 39.15081513562163 0 0 39.15081513562163 49.52960192006453 -10.3787867844429
140.0508984230821 39.15081513562163 0 0 39.15081513562163 49.52960192006453 -10.3787867844429
140.0479385247958 39.15324372337581 0 0 39.15324372337581 49.5320305078187 -10.3787867844429
140.0536986085796 39.15290194786964 0 0 39.15290194786964 49.53168873231253 -10.3787867844429
140.0536986085796 39.15290194786964 0 0 39.15290194786964 49.53168873231253 -10.3787867844429
140.0536986085796 39.15290194786964 0 0 39.15290194786964 49.53168873231253 -10.3787867844429
140.0536986085796 39.15290194786964 0 0 39.15290194786964 49.53168873231253 -10.3787867844429
140.0536986085796 39.15290194786964 0 0 39.15290194786964 49.53168873231253 -10.3787867844429
140.0536986085796 39.15290194786964 0 0 39.15290194786964 49.53168873231253 -10.3787867844429
140.0536986085796 39.15290194786964 0 0 39.15290194786964 49.53168873231253 -10.3787867844429
140.0536986085796 39.15290194786964 0 0 39.15290194786964 49.53168873231253 -10.3787867844429
140.0536986085796 39.15290194786964 0 0 39.15290194786964 49.53168873231253 -10.3787867844429
140.0536986085796 39.15290194786964 0 0 39.15290194786964 49.53168873231253 -10.3787867844429
140.0536986085796 39.15290194786964 0 0 39.15290194786964 49.53168873231253 -10.3787867844429
140.0536986085796 39.15290194786964 0 0 39.15290194786964 49.53168873231253 -10.3787867844429
140.057718562637 39.15043834468976 0 0 39.15043834468976 49.52922512913266 -10.3787867844429
140.0418993604952 39.14872218628469 0 0 39.14872218628469 49.52750897072759 -10.3787867844429
140.0333267147281 39.14765874223106 0 0 39.14765874223106 49.52644552667396 -10.3787867844429
140.0578733779113 39.14929036422295 0 0 39.14929036422295 49.52807714866585 -10.3787867844429
140.0578733779113 39.14929036422295 0 0 39.14929036422295 49.52807714866585 -10.3787867844429
140.0578733779113 39.14929036422295 0 0 39.14929036422295 49.52807714866585 -10.3787867844429
140.0578733779113 39.14929036422295 0 0 39.14929036422295 49.52807714866585 -10.3787867844429
140.0578733779113 39.14929036422295 0 0 39.14929036422295 49.52807714866585 -10.3787867844429
140.0578733779113 39.14929036422295 0 0 39.14929036422295 49.52807714866585 -10.3787867844429
140.0578733779113 39.14929036422295 0 0 39.14929036422295 49.52807714866585 -10.3787867844429
140.0578733779113 39.14929036422295 0 0 39.14929036422295 49.52807714866585 -10.3787867844429
140.0578733779113 39.14929036422295 0 0 39.14929036422295 49.52807714866585 -10.3787867844429
140.0578733779113 39.14929036422295 0 0 39.14929036422295 49.52807714866585 -10.3787867844429
140.0578733779113 39.14929036422295 0 0 39.14929036422295 49.52807714866585 -10.3787867844429
140.0578733779113 39.14929036422295 0 0 39.14929036422295 49.52807714866585 -10.3787867844429
140.0578733779113 39.14929036422295 0 0 39.14929036422295 49.52807714866585 -10.3787867844429
140.0578733779113 39.14929036422295 0 0 39.14929036422295 49.52807714866585 -10.3787867844429
140.0578733779113 39.14929036422295 0 0 39.14929036422295 49.52807714866585 -10.3787867844429
140.0578733779113 39.14929036422295 0 0 39.14929036422295 49.52807714866585 -10.3787867844429
140.1104940454792 39.15091526591769 0 0 39.15091526591769 49.52970205036059 -10.3787867844429
140.1064160626334 39.14965926602892 0 0 39.14965926602892 49.52844605047182 -10.3787867844429
140.1064160626334 39.14965926602892 0 0 39.14965926602892 49.52844605047182 -10.3787867844429
140.1030952539527 39.15032152175856 0 0 39.15032152175856 49.52910830620145 -10.3787867844429
140.1036318439482 39.14938388230598 0 0 39.14938388230598 49.52817066674888 -10.3787867844429
139.9530233350421 39.146386538779 0 0 39.146386538779 49.5251733232219 -10.3787867844429
139.9530233350421 39.146386538779 0 0 39.146386538779 49.5251733232219 -10.3787867844429
139.9530233350421 39.146386538779 0 0 39.146386538779 49.5251733232219 -10.3787867844429
139.9530233350421 39.146386538779 0 0 39.146386538779 49.5251733232219 -10.3787867844429
139.9530233350421 39.146386538779 0 0 39.146386538779 49.5251733232219 -10.3787867844429
139.9530233350421 39.146386538779 0 0 39.146386538779 49.5251733232219 -10.3787867844429
139.9530233350421 39.146386538779 0 0 39.146386538779 49.5251733232219 -10.3787867844429
139.9530233350421 39.146386538779 0 0 39.146386538779 49.5251733232219 -10.3787867844429
139.9530233350421 39.146386538779 0 0 39.146386538779 49.5251733232219 -10.3787867844429
139.9530233350421 39.146386538779 0 0 39.146386538779 49.5251733232219 -10.3787867844429
139.9530233350421 39.146386538779 0 0 39.146386538779 49.5251733232219 -10.3787867844429
139.9171965265675 39.14392858849692 0 0 39.14392858849692 49.52271537293982 -10.3787867844429
139.9171965265675 39.14392858849692 0 0 39.14392858849692 49.52271537293982 -10.3787867844429
139.9171965265675 39.14392858849692 0 0 39.14392858849692 49.52271537293982 -10.3787867844429
139.9171965265675 39.14392858849692 0 0 39.14392858849692 49.52271537293982 -10.3787867844429
139.9171965265675 39.14392858849692 0 0 39.14392858849692 49.52271537293982 -10.3787867844429
139.9171965265675 39.14392858849692 0 0 39.14392858849692 49.52271537293982 -10.3787867844429
139.9171965265675 39.14392858849692 0 0 39.14392858849692 49.52271537293982 -10.3787867844429
139.9171965265675 39.14392858849692 0 0 39.14392858849692 49.52271537293982 -10.3787867844429
139.9171965265675 39.14392858849692 0 0 39.14392858849692 49.52271537293982 -10.3787867844429
139.9171965265675 39.14392858849692 0 0 39.14392858849692 49.52271537293982 -10.3787867844429
139.9171965265675 39.14392858849692 0 0 39.14392858849692 49.52271537293982 -10.3787867844429
139.9171965265675 39.14392858849692 0 0 39.14392858849692 49.52271537293982 -10.3787867844429
139.9171965265675 39.14392858849692 0 0 39.14392858849692 49.52271537293982 -10.3787867844429
139.9171965265675 39.14392858849692 0 0 39.14392858849692 49.52271537293982 -10.3787867844429
139.9171965265675 39.14392858849692 0 0 39.14392858849692 49.52271537293982 -10.3787867844429
139.9171965265675 39.14392858849692 0 0 39.14392858849692 49.52271537293982 -10.3787867844429
139.9171965265675 39.14392858849692 0 0 39.14392858849692 49.52271537293982 -10.3787867844429
139.9604633180786 39.14650131415397 0 0 39.14650131415397 49.52528809859687 -10.3787867844429
139.9370150659515 39.14397858460603 0 0 39.14397858460603 49.52276536904893 -10.3787867844429
139.9370150659515 39.14397858460603 0 0 39.14397858460603 49.52276536904893 -10.3787867844429
139.9370150659515 39.14397858460603 0 0 39.14397858460603 49.52276536904893 -10.3787867844429
139.9445219679858 39.14370090744981 0 0 39.14370090744981 49.52248769189271 -10.3787867844429
139.9445219679858 39.14370090744981 0 0 39.14370090744981 49.52248769189271 -10.3787867844429
139.9445219679858 39.14370090744981 0 0 39.14370090744981 49.52248769189271 -10.3787867844429
139.9445219679858 39.14370090744981 0 0 39.14370090744981 49.52248769189271 -10.3787867844429
139.9445219679858 39.14370090744981 0 0 39.14370090744981 49.52248769189271 -10.3787867844429
139.9445219679858 39.14370090744981 0 0 39.14370090744981 49.52248769189271 -10.3787867844429
139.9445219679858 39.14370090744981 0 0 39.14370090744981 49.52248769189271 -10.3787867844429
139.9445219679858 39.14370090744981 0 0 39.14370090744981 49.52248769189271 -10.3787867844429
139.9445219679858 39.14370090744981 0 0 39.14370090744981 49.52248769189271 -10.3787867844429
139.9445219679858 39.14370090744981 0 0 39.14370090744981 49.52248769189271 -10.3787867844429
139.9908438078078 39.14552411232562 0 0 39.14552411232562 49.52431089676852 -10.3787867844429
139.9325383578668 39.14536976390133 0 0 39.14536976390133 49.52415654834422 -10.3787867844429
139.9325383578668 39.14536976390133 0 0 39.14536976390133 49.52415654834422 -10.3787867844429
139.9325383578668 39.14536976390133 0 0 39.14536976390133 49.52415654834422 -10.3787867844429
139.9325383578668 39.14536976390133 0 0 39.14536976390133 49.52415654834422 -10.3787867844429
139.9325383578668 39.14536976390133 0 0 39.14536976390133 49.52415654834422 -10.3787867844429
139.9325383578668 39.14536976390133 0 0 39.14536976390133 49.52415654834422 -10.3787867844429
139.9325383578668 39.14536976390133 0 0 39.14536976390133 49.52415654834422 -10.3787867844429
139.9325383578668 39.14536976390133 0 0 39.14536976390133 49.52415654834422 -10.3787867844429
139.9298895141153 39.14697931361565 0 0 39.14697931361565 49.52576609805854 -10.3787867844429
139.9242916380084 39.14722046298948 0 0 39.14722046298948 49.52600724743237 -10.3787867844429
139.9181005020978 39.14644840714686 0 0 39.14644840714686 49.52523519158976 -10.3787867844429
139.9168854818199 39.14726504272122 0 0 39.14726504272122 49.52605182716411 -10.3787867844429
139.9202945046001 39.14772663907117 0 0 39.14772663907117 49.52651342351406 -10.3787867844429
139.8969896717774 39.14844101072498 0 0 39.14844101072498 49.52722779516787 -10.3787867844429
139.8969896717774 39.14844101072498 0 0 39.14844101072498 49.52722779516787 -10.3787867844429
139.8969896717774 39.14844101072498 0 0 39.14844101072498 49.52722779516787 -10.3787867844429
139.3055304894208 39.14865979385637 0 0 39.14865979385637 49.52744657829927 -10.3787867844429
139.9562094642407 39.14699226052106 0 0 39.14699226052106 49.52577904496396 -10.3787867844429
139.9562094642407 39.14699226052106 0 0 39.14699226052106 49.52577904496396 -10.3787867844429
139.9562094642407 39.14699226052106 0 0 39.14699226052106 49.52577904496396 -10.3787867844429
139.9562094642407 39.14699226052106 0 0 39.14699226052106 49.52577904496396 -10.3787867844429
139.9562094642407 39.14699226052106 0 0 39.14699226052106 49.52577904496396 -10.3787867844429
139.9562094642407 39.14699226052106 0 0 39.14699226052106 49.52577904496396 -10.3787867844429
139.9562094642407 39.14699226052106 0 0 39.14699226052106 49.52577904496396 -10.3787867844429
139.9769816336226 39.14717317635119 0 0 39.14717317635119 49.52595996079408 -10.3787867844429
139.9769816336226 39.14717317635119 0 0 39.14717317635119 49.52595996079408 -10.3787867844429
139.9769816336226 39.14717317635119 0 0 39.14717317635119 49.52595996079408 -10.3787867844429
139.9769816336226 39.14717317635119 0 0 39.14717317635119 49.52595996079408 -10.3787867844429
139.9769816336226 39.14717317635119 0 0 39.14717317635119 49.52595996079408 -10.3787867844429
139.9769816336226 39.14717317635119 0 0 39.14717317635119 49.52595996079408 -10.3787867844429
139.9769816336226 39.14717317635119 0 0 39.14717317635119 49.52595996079408 -10.3787867844429
139.9769816336226 39.14717317635119 0 0 39.14717317635119 49.52595996079408 -10.3787867844429
139.9769816336226 39.14717317635119 0 0 39.14717317635119 49.52595996079408 -10.3787867844429
139.9769816336226 39.14717317635119 0 0 39.14717317635119 49.52595996079408 -10.3787867844429
139.9769816336226 39.14717317635119 0 0 39.14717317635119 49.52595996079408 -10.3787867844429
139.9769816336226 39.14717317635119 0 0 39.14717317635119 49.52595996079408 -10.3787867844429
139.9769816336226 39.14717317635119 0 0 39.14717317635119 49.52595996079408 -10.3787867844429
139.9769816336226 39.14717317635119 0 0 39.14717317635119 49.52595996079408 -10.3787867844429
139.9769816336226 39.14717317635119 0 0 39.14717317635119 49.52595996079408 -10.3787867844429
139.9296288818905 39.14649637156879 0 0 39.14649637156879 49.52528315601168 -10.3787867844429
139.9296288818905 39.14649637156879 0 0 39.14649637156879 49.52528315601168 -10.3787867844429
139.9296288818905 39.14649637156879 0 0 39.14649637156879 49.52528315601168 -10.3787867844429
139.9296288818905 39.14649637156879 0 0 39.14649637156879 49.52528315601168 -10.3787867844429
139.9296288818905 39.14649637156879 0 0 39.14649637156879 49.52528315601168 -10.3787867844429
139.9296288818905 39.14649637156879 0 0 39.14649637156879 49.52528315601168 -10.3787867844429
139.9296288818905 39.14649637156879 0 0 39.14649637156879 49.52528315601168 -10.3787867844429
139.9296288818905 39.14649637156879 0 0 39.14649637156879 49.52528315601168 -10.3787867844429
139.9296288818905 39.14649637156879 0 0 39.14649637156879 49.52528315601168 -10.3787867844429
139.995712483442 39.14906672250997 0 0 39.14906672250997 49.52785350695287 -10.3787867844429
139.995712483442 39.14906672250997 0 0 39.14906672250997 49.52785350695287 -10.3787867844429
139.995712483442 39.14906672250997 0 0 39.14906672250997 49.52785350695287 -10.3787867844429
139.995712483442 39.14906672250997 0 0 39.14906672250997 49.52785350695287 -10.3787867844429
139.995712483442 39.14906672250997 0 0 39.14906672250997 49.52785350695287 -10.3787867844429
139.9845377358636 39.14948784624623 0 0 39.14948784624623 49.52827463068913 -10.3787867844429
139.9907209469905 39.1482053325492 0 0 39.1482053325492 49.5269921169921 -10.3787867844429
139.9907209469905 39.1482053325492 0 0 39.1482053325492 49.5269921169921 -10.3787867844429
139.9907209469905 39.1482053325492 0 0 39.1482053325492 49.5269921169921 -10.3787867844429
139.9978193719768 39.14821051259457 0 0 39.14821051259457 49.52699729703747 -10.3787867844429
139.9978193719768 39.14821051259457 0 0 39.14821051259457 49.52699729703747 -10.3787867844429
139.9978193719768 39.14821051259457 0 0 39.14821051259457 49.52699729703747 -10.3787867844429
139.9978193719768 39.14821051259457 0 0 39.14821051259457 49.52699729703747 -10.3787867844429
139.9978193719768 39.14821051259457 0 0 39.14821051259457 49.52699729703747 -10.3787867844429
139.9978193719768 39.14821051259457 0 0 39.14821051259457 49.52699729703747 -10.3787867844429
139.9978193719768 39.14821051259457 0 0 39.14821051259457 49.52699729703747 -10.3787867844429
139.9809549282922 39.14994116153837 0 0 39.14994116153837 49.52872794598126 -10.3787867844429
139.9809549282922 39.14994116153837 0 0 39.14994116153837 49.52872794598126 -10.3787867844429
139.9809549282922 39.14994116153837 0 0 39.14994116153837 49.52872794598126 -10.3787867844429
139.9876058987335 39.1482061430418 0 0 39.1482061430418 49.52699292748471 -10.3787867844429
139.7507371315935 39.15324258105046 0 0 39.15324258105046 49.53202936549336 -10.3787867844429
140.0687203239796 39.15275205449053 0 0 39.15275205449053 49.53153883893343 -10.3787867844429
140.0687203239796 39.15275205449053 0 0 39.15275205449053 49.53153883893343 -10.3787867844429
140.0687203239796 39.15275205449053 0 0 39.15275205449053 49.53153883893343 -10.3787867844429
140.0687203239796 39.15275205449053 0 0 39.15275205449053 49.53153883893343 -10.3787867844429
140.0687203239796 39.15275205449053 0 0 39.15275205449053 49.53153883893343 -10.3787867844429
140.0687203239796 39.15275205449053 0 0 39.15275205449053 49.53153883893343 -10.3787867844429
140.0687203239796 39.15275205449053 0 0 39.15275205449053 49.53153883893343 -10.3787867844429
140.0687203239796 39.15275205449053 0 0 39.15275205449053 49.53153883893343 -10.3787867844429
140.0715551290133 39.15035990898514 0 0 39.15035990898514 49.52914669342804 -10.3787867844429
140.0715551290133 39.15035990898514 0 0 39.15035990898514 49.52914669342804 -10.3787867844429
140.0715551290133 39.15035990898514 0 0 39.15035990898514 49.52914669342804 -10.3787867844429
140.0715551290133 39.15035990898514 0 0 39.15035990898514 49.52914669342804 -10.3787867844429
140.0715551290133 39.15035990898514 0 0 39.15035990898514 49.52914669342804 -10.3787867844429
140.1113108802061 39.1507149668148 0 0 39.1507149668148 49.5295017512577 -10.3787867844429
140.1113108802061 39.1507149668148 0 0 39.1507149668148 49.5295017512577 -10.3787867844429
140.1113108802061 39.1507149668148 0 0 39.1507149668148 49.5295017512577 -10.3787867844429
140.1113108802061 39.1507149668148 0 0 39.1507149668148 49.5295017512577 -10.3787867844429
140.1113108802061 39.1507149668148 0 0 39.1507149668148 49.5295017512577 -10.3787867844429
140.1113108802061 39.1507149668148 0 0 39.1507149668148 49.5295017512577 -10.3787867844429
140.1113108802061 39.1507149668148 0 0 39.1507149668148 49.5295017512577 -10.3787867844429
140.0588343509257 39.1494500004265 0 0 39.1494500004265 49.52823678486939 -10.3787867844429
140.0588343509257 39.1494500004265 0 0 39.1494500004265 49.52823678486939 -10.3787867844429
140.0588343509257 39.1494500004265 0 0 39.1494500004265 49.52823678486939 -10.3787867844429
140.0588343509257 39.1494500004265 0 0 39.1494500004265 49.52823678486939 -10.3787867844429
140.0588343509257 39.1494500004265 0 0 39.1494500004265 49.52823678486939 -10.3787867844429
140.0588343509257 39.1494500004265 0 0 39.1494500004265 49.52823678486939 -10.3787867844429
140.0588343509257 39.1494500004265 0 0 39.1494500004265 49.52823678486939 -10.3787867844429
140.0588343509257 39.1494500004265 0 0 39.1494500004265 49.52823678486939 -10.3787867844429
140.0588343509257 39.1494500004265 0 0 39.1494500004265 49.52823678486939 -10.3787867844429
140.0588343509257 39.1494500004265 0 0 39.1494500004265 49.52823678486939 -10.3787867844429
140.0588343509257 39.1494500004265 0 0 39.1494500004265 49.52823678486939 -10.3787867844429
140.0588343509257 39.1494500004265 0 0 39.1494500004265 49.52823678486939 -10.3787867844429
140.0588343509257 39.1494500004265 0 0 39.1494500004265 49.52823678486939 -10.3787867844429
140.0588343509257 39.1494500004265 0 0 39.1494500004265 49.52823678486939 -10.3787867844429
140.0588343509257 39.1494500004265 0 0 39.1494500004265 49.52823678486939 -10.3787867844429
140.0588343509257 39.1494500004265 0 0 39.1494500004265 49.52823678486939 -10.3787867844429
140.0588343509257 39.1494500004265 0 0 39.1494500004265 49.52823678486939 -10.3787867844429
140.0588343509257 39.1494500004265 0 0 39.1494500004265 49.52823678486939 -10.3787867844429
140.0588343509257 39.1494500004265 0 0 39.1494500004265 49.52823678486939 -10.3787867844429
140.0588343509257 39.1494500004265 0 0 39.1494500004265 49.52823678486939 -10.3787867844429
139.7904022439567 39.15040977921855 0 0 39.15040977921855 49.52919656366145 -10.3787867844429
139.7904022439567 39.15040977921855 0 0 39.15040977921855 49.52919656366145 -10.3787867844429
139.7904022439567 39.15040977921855 0 0 39.15040977921855 49.52919656366145 -10.3787867844429
139.7904022439567 39.15040977921855 0 0 39.15040977921855 49.52919656366145 -10.3787867844429
139.7904022439567 39.15040977921855 0 0 39.15040977921855 49.52919656366145 -10.3787867844429
139.9101599429113 39.15031841629356 0 0 39.15031841629356 49.52910520073645 -10.3787867844429
139.9101599429113 39.15031841629356 0 0 39.15031841629356 49.52910520073645 -10.3787867844429
139.9850231048282 39.14488724223773 0 0 39.14488724223773 49.52367402668063 -10.3787867844429
139.4068556326147 39.14356568592814 0 0 39.14356568592814 49.52235247037104 -10.3787867844429
139.4240910539484 39.14109523692412 0 0 39.14109523692412 49.51988202136701 -10.3787867844429
139.4426802385335 39.14049471971184 0 0 39.14049471971184 49.51928150415473 -10.3787867844429
139.4304028663831 39.14138538296356 0 0 39.14138538296356 49.52017216740646 -10.3787867844429
139.4319829160333 39.13911880340481 0 0 39.13911880340481 49.51790558784771 -10.3787867844429
139.4272279594782 39.13669721901992 0 0 39.13669721901992 49.51548400346282 -10.3787867844429
139.4272279594782 39.13669721901992 0 0 39.13669721901992 49.51548400346282 -10.3787867844429
139.4272279594782 39.13669721901992 0 0 39.13669721901992 49.51548400346282 -10.3787867844429
139.4272279594782 39.13669721901992 0 0 39.13669721901992 49.51548400346282 -10.3787867844429
139.4272279594782 39.13669721901992 0 0 39.13669721901992 49.51548400346282 -10.3787867844429
139.1471813855462 39.13598052119052 0 0 39.13598052119052 49.51476730563342 -10.3787867844429
139.1471813855462 39.13598052119052 0 0 39.13598052119052 49.51476730563342 -10.3787867844429
139.1471813855462 39.13598052119052 0 0 39.13598052119052 49.51476730563342 -10.3787867844429
139.1471813855462 39.13598052119052 0 0 39.13598052119052 49.51476730563342 -10.3787867844429
139.1471813855462 39.13598052119052 0 0 39.13598052119052 49.51476730563342 -10.3787867844429
139.1471813855462 39.13598052119052 0 0 39.13598052119052 49.51476730563342 -10.3787867844429
139.1471813855462 39.13598052119052 0 0 39.13598052119052 49.51476730563342 -10.3787867844429
139.1471813855462 39.13598052119052 0 0 39.13598052119052 49.51476730563342 -10.3787867844429
139.1471813855462 39.13598052119052 0 0 39.13598052119052 49.51476730563342 -10.3787867844429
139.1471813855462 39.13598052119052 0 0 39.13598052119052 49.51476730563342 -10.3787867844429
139.1471813855462 39.13598052119052 0 0 39.13598052119052 49.51476730563342 -10.3787867844429
139.1471813855462 39.13598052119052 0 0 39.13598052119052 49.51476730563342 -10.3787867844429
139.1471813855462 39.13598052119052 0 0 39.13598052119052 49.51476730563342 -10.3787867844429
139.1471813855462 39.13598052119052 0 0 39.13598052119052 49.51476730563342 -10.3787867844429
139.1471813855462 39.13598052119052 0 0 39.13598052119052 49.51476730563342 -10.3787867844429
139.1344429827047 39.13611944323159 0 0 39.13611944323159 49.51490622767449 -10.3787867844429
139.1344429827047 39.13611944323159 0 0 39.13611944323159 49.51490622767449 -10.3787867844429
139.1344429827047 39.13611944323159 0 0 39.13611944323159 49.51490622767449 -10.3787867844429
139.1344429827047 39.13611944323159 0 0 39.13611944323159 49.51490622767449 -10.3787867844429
139.880438159159 39.13620335681638 0 0 39.13620335681638 49.51499014125928 -10.3787867844429
139.880438159159 39.13620335681638 0 0 39.13620335681638 49.51499014125928 -10.3787867844429
139.880438159159 39.13620335681638 0 0 39.13620335681638 49.51499014125928 -10.3787867844429
139.880438159159 39.13620335681638 0 0 39.13620335681638 49.51499014125928 -10.3787867844429
139.8691801386055 39.13787290591766 0 0 39.13787290591766 49.51665969036056 -10.3787867844429
139.8691801386055 39.13787290591766 0 0 39.13787290591766 49.51665969036056 -10.3787867844429
139.8691801386055 39.13787290591766 0 0 39.13787290591766 49.51665969036056 -10.3787867844429
139.8691801386055 39.13787290591766 0 0 39.13787290591766 49.51665969036056 -10.3787867844429
140.0548556545091 39.13767228201979 0 0 39.13767228201979 49.51645906646269 -10.3787867844429
140.0548556545091 39.13767228201979 0 0 39.13767228201979 49.51645906646269 -10.3787867844429
140.0548556545091 39.13767228201979 0 0 39.13767228201979 49.51645906646269 -10.3787867844429
140.0548556545091 39.13767228201979 0 0 39.13767228201979 49.51645906646269 -10.3787867844429
140.0548556545091 39.13767228201979 0 0 39.13767228201979 49.51645906646269 -10.3787867844429
140.0541422053598 39.13754835826283 0 0 39.13754835826283 49.51633514270573 -10.3787867844429
140.0484468906515 39.1373583115829 0 0 39.1373583115829 49.5161450960258 -10.3787867844429
140.0460298604675 39.13689413688279 0 0 39.13689413688279 49.51568092132569 -10.3787867844429
140.0403512790468 39.13506366745121 0 0 39.13506366745121 49.51385045189411 -10.3787867844429
140.0403512790468 39.13506366745121 0 0 39.13506366745121 49.51385045189411 -10.3787867844429
140.0403512790468 39.13506366745121 0 0 39.13506366745121 49.51385045189411 -10.3787867844429
140.0403512790468 39.13506366745121 0 0 39.13506366745121 49.51385045189411 -10.3787867844429
140.0403512790468 39.13506366745121 0 0 39.13506366745121 49.51385045189411 -10.3787867844429
140.0403512790468 39.13506366745121 0 0 39.13506366745121 49.51385045189411 -10.3787867844429
140.0499255922702 39.13515927716129 0 0 39.13515927716129 49.51394606160419 -10.3787867844429
140.0499255922702 39.13515927716129 0 0 39.13515927716129 49.51394606160419 -10.3787867844429
140.0499255922702 39.13515927716129 0 0 39.13515927716129 49.51394606160419 -10.3787867844429
140.0499255922702 39.13515927716129 0 0 39.13515927716129 49.51394606160419 -10.3787867844429
140.0499255922702 39.13515927716129 0 0 39.13515927716129 49.51394606160419 -10.3787867844429
140.0495567089524 39.13546577424142 0 0 39.13546577424142 49.51425255868433 -10.3787867844429
140.0556935005373 39.13453581748554 0 0 39.13453581748554 49.51332260192844 -10.3787867844429
140.0587332062224 39.13370438731378 0 0 39.13370438731378 49.51249117175668 -10.3787867844429
140.0542045906882 39.13477698402683 0 0 39.13477698402683 49.51356376846973 -10.3787867844429
140.0440655325516 39.13513859885902 0 0 39.13513859885902 49.51392538330192 -10.3787867844429
140.0440655325516 39.13513859885902 0 0 39.13513859885902 49.51392538330192 -10.3787867844429
140.0440655325516 39.13513859885902 0 0 39.13513859885902 49.51392538330192 -10.3787867844429
140.0440655325516 39.13513859885902 0 0 39.13513859885902 49.51392538330192 -10.3787867844429
140.0440655325516 39.13513859885902 0 0 39.13513859885902 49.51392538330192 -10.3787867844429
140.0440655325516 39.13513859885902 0 0 39.13513859885902 49.51392538330192 -10.3787867844429
140.0440655325516 39.13513859885902 0 0 39.13513859885902 49.51392538330192 -10.3787867844429
140.0644119023854 39.13367640516697 0 0 39.13367640516697 49.51246318960986 -10.3787867844429
140.0644119023854 39.13367640516697 0 0 39.13367640516697 49.51246318960986 -10.3787867844429
140.0644119023854 39.13367640516697 0 0 39.13367640516697 49.51246318960986 -10.3787867844429
139.3855383897327 39.13294619490588 0 0 39.13294619490588 49.51173297934879 -10.3787867844429
139.3855383897327 39.13294619490588 0 0 39.13294619490588 49.51173297934879 -10.3787867844429
139.3855383897327 39.13294619490588 0 0 39.13294619490588 49.51173297934879 -10.3787867844429
139.3855383897327 39.13294619490588 0 0 39.13294619490588 49.51173297934879 -10.3787867844429
139.3855383897327 39.13294619490588 0 0 39.13294619490588 49.51173297934879 -10.3787867844429
139.3855383897327 39.13294619490588 0 0 39.13294619490588 49.51173297934879 -10.3787867844429
139.3855383897327 39.13294619490588 0 0 39.13294619490588 49.51173297934879 -10.3787867844429
139.3855383897327 39.13294619490588 0 0 39.13294619490588 49.51173297934879 -10.3787867844429
139.3855383897327 39.13294619490588 0 0 39.13294619490588 49.51173297934879 -10.3787867844429
139.3855383897327 39.13294619490588 0 0 39.13294619490588 49.51173297934879 -10.3787867844429
139.3855383897327 39.13294619490588 0 0 39.13294619490588 49.51173297934879 -10.3787867844429
139.3855383897327 39.13294619490588 0 0 39.13294619490588 49.51173297934879 -10.3787867844429
139.3855383897327 39.13294619490588 0 0 39.13294619490588 49.51173297934879 -10.3787867844429
139.3924001654925 39.13296000993695 0 0 39.13296000993695 49.51174679437985 -10.3787867844429
139.3924001654925 39.13296000993695 0 0 39.13296000993695 49.51174679437985 -10.3787867844429
139.3924001654925 39.13296000993695 0 0 39.13296000993695 49.51174679437985 -10.3787867844429
