totalLogLikelihoodDensity totalLogPriorDensity H1NoiseLogPriorDensity L1NoiseLogPriorDensity gwLogPriorDensity gwExtrinsicLogPriorDensityTracker gwCbcLogPriorDensityTracker
73.37544077908029 43.33966739931479 0 0 43.33966739931479 53.71845418375769 -10.3787867844429
138.2012448502592 39.15690088971803 0 0 39.15690088971803 49.53568767416093 -10.3787867844429
138.2305507146638 39.17397765329412 0 0 39.17397765329412 49.55276443773701 -10.3787867844429
138.2728645324055 39.16616978208863 0 0 39.16616978208863 49.54495656653153 -10.3787867844429
138.2728645324055 39.16616978208863 0 0 39.16616978208863 49.54495656653153 -10.3787867844429
138.2881422537151 39.16699551803173 0 0 39.16699551803173 49.54578230247462 -10.3787867844429
138.2881422537151 39.16699551803173 0 0 39.16699551803173 49.54578230247462 -10.3787867844429
138.2881422537151 39.16699551803173 0 0 39.16699551803173 49.54578230247462 -10.3787867844429
138.2881422537151 39.16699551803173 0 0 39.16699551803173 49.54578230247462 -10.3787867844429
138.2881422537151 39.16699551803173 0 0 39.16699551803173 49.54578230247462 -10.3787867844429
138.2881422537151 39.16699551803173 0 0 39.16699551803173 49.54578230247462 -10.3787867844429
138.2881422537151 39.16699551803173 0 0 39.16699551803173 49.54578230247462 -10.3787867844429
138.2881422537151 39.16699551803173 0 0 39.16699551803173 49.54578230247462 -10.3787867844429
138.2881422537151 39.16699551803173 0 0 39.16699551803173 49.54578230247462 -10.3787867844429
138.2881422537151 39.16699551803173 0 0 39.16699551803173 49.54578230247462 -10.3787867844429
138.2881422537151 39.16699551803173 0 0 39.16699551803173 49.54578230247462 -10.3787867844429
138.2881422537151 39.16699551803173 0 0 39.16699551803173 49.54578230247462 -10.3787867844429
138.2881422537151 39.16699551803173 0 0 39.16699551803173 49.54578230247462 -10.3787867844429
138.2881422537151 39.16699551803173 0 0 39.16699551803173 49.54578230247462 -10.3787867844429
138.2881422537151 39.16699551803173 0 0 39.16699551803173 49.54578230247462 -10.3787867844429
138.2881422537151 39.16699551803173 0 0 39.16699551803173 49.54578230247462 -10.3787867844429
138.2881422537151 39.16699551803173 0 0 39.16699551803173 49.54578230247462 -10.3787867844429
138.2881422537151 39.16699551803173 0 0 39.16699551803173 49.54578230247462 -10.3787867844429
138.2881422537151 39.16699551803173 0 0 39.16699551803173 49.54578230247462 -10.3787867844429
138.2881422537151 39.16699551803173 0 0 39.16699551803173 49.54578230247462 -10.3787867844429
138.2881422537151 39.16699551803173 0 0 39.16699551803173 49.54578230247462 -10.3787867844429
138.2881422537151 39.16699551803173 0 0 39.16699551803173 49.54578230247462 -10.3787867844429
138.2881422537151 39.16699551803173 0 0 39.16699551803173 49.54578230247462 -10.3787867844429
138.2881422537151 39.16699551803173 0 0 39.16699551803173 49.54578230247462 -10.3787867844429
138.2881422537151 39.16699551803173 0 0 39.16699551803173 49.54578230247462 -10.3787867844429
138.3358070215142 39.16547456655293 0 0 39.16547456655293 49.54426135099583 -10.3787867844429
138.3358070215142 39.16547456655293 0 0 39.16547456655293 49.54426135099583 -10.3787867844429
138.3358070215142 39.16547456655293 0 0 39.16547456655293 49.54426135099583 -10.3787867844429
138.8968978701116 39.16574291652226 0 0 39.16574291652226 49.54452970096516 -10.3787867844429
138.8968978701116 39.16574291652226 0 0 39.16574291652226 49.54452970096516 -10.3787867844429
138.8968978701116 39.16574291652226 0 0 39.16574291652226 49.54452970096516 -10.3787867844429
138.8968978701116 39.16574291652226 0 0 39.16574291652226 49.54452970096516 -10.3787867844429
138.8968978701116 39.16574291652226 0 0 39.16574291652226 49.54452970096516 -10.3787867844429
138.8968978701116 39.16574291652226 0 0 39.16574291652226 49.54452970096516 -10.3787867844429
138.8968978701116 39.16574291652226 0 0 39.16574291652226 49.54452970096516 -10.3787867844429
138.8968978701116 39.16574291652226 0 0 39.16574291652226 49.54452970096516 -10.3787867844429
138.8968978701116 39.16574291652226 0 0 39.16574291652226 49.54452970096516 -10.3787867844429
138.8968978701116 39.16574291652226 0 0 39.16574291652226 49.54452970096516 -10.3787867844429
138.8968978701116 39.16574291652226 0 0 39.16574291652226 49.54452970096516 -10.3787867844429
139.191014771877 39.16645097644893 0 0 39.16645097644893 49.54523776089182 -10.3787867844429
139.191014771877 39.16645097644893 0 0 39.16645097644893 49.54523776089182 -10.3787867844429
139.192385846269 39.1674123887226 0 0 39.1674123887226 49.54619917316549 -10.3787867844429
139.192385846269 39.1674123887226 0 0 39.1674123887226 49.54619917316549 -10.3787867844429
139.192385846269 39.1674123887226 0 0 39.1674123887226 49.54619917316549 -10.3787867844429
139.192385846269 39.1674123887226 0 0 39.1674123887226 49.54619917316549 -10.3787867844429
139.192385846269 39.1674123887226 0 0 39.1674123887226 49.54619917316549 -10.3787867844429
139.192385846269 39.1674123887226 0 0 39.1674123887226 49.54619917316549 -10.3787867844429
139.5396170590463 39.1664134565833 0 0 39.1664134565833 49.54520024102619 -10.3787867844429
139.5396170590463 39.1664134565833 0 0 39.1664134565833 49.54520024102619 -10.3787867844429
139.214712579753 39.16767147935288 0 0 39.16767147935288 49.54645826379578 -10.3787867844429
139.214712579753 39.16767147935288 0 0 39.16767147935288 49.54645826379578 -10.3787867844429
139.214712579753 39.16767147935288 0 0 39.16767147935288 49.54645826379578 -10.3787867844429
139.214712579753 39.16767147935288 0 0 39.16767147935288 49.54645826379578 -10.3787867844429
139.214712579753 39.16767147935288 0 0 39.16767147935288 49.54645826379578 -10.3787867844429
139.214712579753 39.16767147935288 0 0 39.16767147935288 49.54645826379578 -10.3787867844429
139.214712579753 39.16767147935288 0 0 39.16767147935288 49.54645826379578 -10.3787867844429
139.214712579753 39.16767147935288 0 0 39.16767147935288 49.54645826379578 -10.3787867844429
139.214712579753 39.16767147935288 0 0 39.16767147935288 49.54645826379578 -10.3787867844429
139.214712579753 39.16767147935288 0 0 39.16767147935288 49.54645826379578 -10.3787867844429
139.214712579753 39.16767147935288 0 0 39.16767147935288 49.54645826379578 -10.3787867844429
139.214712579753 39.16767147935288 0 0 39.16767147935288 49.54645826379578 -10.3787867844429
139.214712579753 39.16767147935288 0 0 39.16767147935288 49.54645826379578 -10.3787867844429
139.214712579753 39.16767147935288 0 0 39.16767147935288 49.54645826379578 -10.3787867844429
139.214712579753 39.16767147935288 0 0 39.16767147935288 49.54645826379578 -10.3787867844429
139.214712579753 39.16767147935288 0 0 39.16767147935288 49.54645826379578 -10.3787867844429
139.214712579753 39.16767147935288 0 0 39.16767147935288 49.54645826379578 -10.3787867844429
139.214712579753 39.16767147935288 0 0 39.16767147935288 49.54645826379578 -10.3787867844429
139.214712579753 39.16767147935288 0 0 39.16767147935288 49.54645826379578 -10.3787867844429
139.214712579753 39.16767147935288 0 0 39.16767147935288 49.54645826379578 -10.3787867844429
139.214712579753 39.16767147935288 0 0 39.16767147935288 49.54645826379578 -10.3787867844429
139.214712579753 39.16767147935288 0 0 39.16767147935288 49.54645826379578 -10.3787867844429
139.214712579753 39.16767147935288 0 0 39.16767147935288 49.54645826379578 -10.3787867844429
139.214712579753 39.16767147935288 0 0 39.16767147935288 49.54645826379578 -10.3787867844429
139.214712579753 39.16767147935288 0 0 39.16767147935288 49.54645826379578 -10.3787867844429
139.214712579753 39.16767147935288 0 0 39.16767147935288 49.54645826379578 -10.3787867844429
139.7700291942162 39.16845112009435 0 0 39.16845112009435 49.54723790453725 -10.3787867844429
139.7700291942162 39.16845112009435 0 0 39.16845112009435 49.54723790453725 -10.3787867844429
139.7700291942162 39.16845112009435 0 0 39.16845112009435 49.54723790453725 -10.3787867844429
139.7700291942162 39.16845112009435 0 0 39.16845112009435 49.54723790453725 -10.3787867844429
139.7700291942162 39.16845112009435 0 0 39.16845112009435 49.54723790453725 -10.3787867844429
139.7700291942162 39.16845112009435 0 0 39.16845112009435 49.54723790453725 -10.3787867844429
139.7700291942162 39.16845112009435 0 0 39.16845112009435 49.54723790453725 -10.3787867844429
139.7700291942162 39.16845112009435 0 0 39.16845112009435 49.54723790453725 -10.3787867844429
139.7700291942162 39.16845112009435 0 0 39.16845112009435 49.54723790453725 -10.3787867844429
139.7700291942162 39.16845112009435 0 0 39.16845112009435 49.54723790453725 -10.3787867844429
139.7700291942162 39.16845112009435 0 0 39.16845112009435 49.54723790453725 -10.3787867844429
139.7700291942162 39.16845112009435 0 0 39.16845112009435 49.54723790453725 -10.3787867844429
139.7700291942162 39.16845112009435 0 0 39.16845112009435 49.54723790453725 -10.3787867844429
139.7700291942162 39.16845112009435 0 0 39.16845112009435 49.54723790453725 -10.3787867844429
139.7700291942162 39.16845112009435 0 0 39.16845112009435 49.54723790453725 -10.3787867844429
139.7700291942162 39.16845112009435 0 0 39.16845112009435 49.54723790453725 -10.3787867844429
139.767646344798 39.16845368370691 0 0 39.16845368370691 49.54724046814981 -10.3787867844429
139.767646344798 39.16845368370691 0 0 39.16845368370691 49.54724046814981 -10.3787867844429
139.9374132300549 39.16761536437559 0 0 39.16761536437559 49.54640214881849 -10.3787867844429
139.9374132300549 39.16761536437559 0 0 39.16761536437559 49.54640214881849 -10.3787867844429
139.9374132300549 39.16761536437559 0 0 39.16761536437559 49.54640214881849 -10.3787867844429
139.9374132300549 39.16761536437559 0 0 39.16761536437559 49.54640214881849 -10.3787867844429
139.9374132300549 39.16761536437559 0 0 39.16761536437559 49.54640214881849 -10.3787867844429
139.9374132300549 39.16761536437559 0 0 39.16761536437559 49.54640214881849 -10.3787867844429
139.9374132300549 39.16761536437559 0 0 39.16761536437559 49.54640214881849 -10.3787867844429
139.9374132300549 39.16761536437559 0 0 39.16761536437559 49.54640214881849 -10.3787867844429
139.9800932382705 39.1684871315005 0 0 39.1684871315005 49.54727391594339 -10.3787867844429
139.9800932382705 39.1684871315005 0 0 39.1684871315005 49.54727391594339 -10.3787867844429
139.9800932382705 39.1684871315005 0 0 39.1684871315005 49.54727391594339 -10.3787867844429
139.9800932382705 39.1684871315005 0 0 39.1684871315005 49.54727391594339 -10.3787867844429
139.9800932382705 39.1684871315005 0 0 39.1684871315005 49.54727391594339 -10.3787867844429
139.9800932382705 39.1684871315005 0 0 39.1684871315005 49.54727391594339 -10.3787867844429
139.904054998419 39.16867833244888 0 0 39.16867833244888 49.54746511689177 -10.3787867844429
139.904054998419 39.16867833244888 0 0 39.16867833244888 49.54746511689177 -10.3787867844429
139.904054998419 39.16867833244888 0 0 39.16867833244888 49.54746511689177 -10.3787867844429
139.904054998419 39.16867833244888 0 0 39.16867833244888 49.54746511689177 -10.3787867844429
139.904054998419 39.16867833244888 0 0 39.16867833244888 49.54746511689177 -10.3787867844429
139.904054998419 39.16867833244888 0 0 39.16867833244888 49.54746511689177 -10.3787867844429
139.904054998419 39.16867833244888 0 0 39.16867833244888 49.54746511689177 -10.3787867844429
139.8520569592398 39.16961988971472 0 0 39.16961988971472 49.54840667415763 -10.3787867844429
139.8520569592398 39.16961988971472 0 0 39.16961988971472 49.54840667415763 -10.3787867844429
139.7490337547225 39.16970662902828 0 0 39.16970662902828 49.54849341347118 -10.3787867844429
139.7490337547225 39.16970662902828 0 0 39.16970662902828 49.54849341347118 -10.3787867844429
139.7490337547225 39.16970662902828 0 0 39.16970662902828 49.54849341347118 -10.3787867844429
139.7490337547225 39.16970662902828 0 0 39.16970662902828 49.54849341347118 -10.3787867844429
139.7490337547225 39.16970662902828 0 0 39.16970662902828 49.54849341347118 -10.3787867844429
139.7490337547225 39.16970662902828 0 0 39.16970662902828 49.54849341347118 -10.3787867844429
139.7490337547225 39.16970662902828 0 0 39.16970662902828 49.54849341347118 -10.3787867844429
139.7490337547225 39.16970662902828 0 0 39.16970662902828 49.54849341347118 -10.3787867844429
139.7490337547225 39.16970662902828 0 0 39.16970662902828 49.54849341347118 -10.3787867844429
139.7490337547225 39.16970662902828 0 0 39.16970662902828 49.54849341347118 -10.3787867844429
139.7490337547225 39.16970662902828 0 0 39.16970662902828 49.54849341347118 -10.3787867844429
139.7490337547225 39.16970662902828 0 0 39.16970662902828 49.54849341347118 -10.3787867844429
139.7490337547225 39.16970662902828 0 0 39.16970662902828 49.54849341347118 -10.3787867844429
139.7320595246825 39.17161424016871 0 0 39.17161424016871 49.55040102461161 -10.3787867844429
139.7320595246825 39.17161424016871 0 0 39.17161424016871 49.55040102461161 -10.3787867844429
139.7320595246825 39.17161424016871 0 0 39.17161424016871 49.55040102461161 -10.3787867844429
139.7320595246825 39.17161424016871 0 0 39.17161424016871 49.55040102461161 -10.3787867844429
139.7320595246825 39.17161424016871 0 0 39.17161424016871 49.55040102461161 -10.3787867844429
139.7320595246825 39.17161424016871 0 0 39.17161424016871 49.55040102461161 -10.3787867844429
139.7320595246825 39.17161424016871 0 0 39.17161424016871 49.55040102461161 -10.3787867844429
139.7320595246825 39.17161424016871 0 0 39.17161424016871 49.55040102461161 -10.3787867844429
139.7320595246825 39.17161424016871 0 0 39.17161424016871 49.55040102461161 -10.3787867844429
139.7320595246825 39.17161424016871 0 0 39.17161424016871 49.55040102461161 -10.3787867844429
139.7320595246825 39.17161424016871 0 0 39.17161424016871 49.55040102461161 -10.3787867844429
139.7320595246825 39.17161424016871 0 0 39.17161424016871 49.55040102461161 -10.3787867844429
139.7320595246825 39.17161424016871 0 0 39.17161424016871 49.55040102461161 -10.3787867844429
139.7320595246825 39.17161424016871 0 0 39.17161424016871 49.55040102461161 -10.3787867844429
139.7320595246825 39.17161424016871 0 0 39.17161424016871 49.55040102461161 -10.3787867844429
139.7320595246825 39.17161424016871 0 0 39.17161424016871 49.55040102461161 -10.3787867844429
139.7320595246825 39.17161424016871 0 0 39.17161424016871 49.55040102461161 -10.3787867844429
139.7320595246825 39.17161424016871 0 0 39.17161424016871 49.55040102461161 -10.3787867844429
139.7320595246825 39.17161424016871 0 0 39.17161424016871 49.55040102461161 -10.3787867844429
139.7320595246825 39.17161424016871 0 0 39.17161424016871 49.55040102461161 -10.3787867844429
139.7320595246825 39.17161424016871 0 0 39.17161424016871 49.55040102461161 -10.3787867844429
139.7320595246825 39.17161424016871 0 0 39.17161424016871 49.55040102461161 -10.3787867844429
139.7320595246825 39.17161424016871 0 0 39.17161424016871 49.55040102461161 -10.3787867844429
139.7320595246825 39.17161424016871 0 0 39.17161424016871 49.55040102461161 -10.3787867844429
139.7320595246825 39.17161424016871 0 0 39.17161424016871 49.55040102461161 -10.3787867844429
139.7320595246825 39.17161424016871 0 0 39.17161424016871 49.55040102461161 -10.3787867844429
139.7320595246825 39.17161424016871 0 0 39.17161424016871 49.55040102461161 -10.3787867844429
139.7320595246825 39.17161424016871 0 0 39.17161424016871 49.55040102461161 -10.3787867844429
139.7320595246825 39.17161424016871 0 0 39.17161424016871 49.55040102461161 -10.3787867844429
139.7320595246825 39.17161424016871 0 0 39.17161424016871 49.55040102461161 -10.3787867844429
139.6332518365867 39.17318070180512 0 0 39.17318070180512 49.55196748624802 -10.3787867844429
139.6332518365867 39.17318070180512 0 0 39.17318070180512 49.55196748624802 -10.3787867844429
139.6332518365867 39.17318070180512 0 0 39.17318070180512 49.55196748624802 -10.3787867844429
139.6332518365867 39.17318070180512 0 0 39.17318070180512 49.55196748624802 -10.3787867844429
139.6332518365867 39.17318070180512 0 0 39.17318070180512 49.55196748624802 -10.3787867844429
139.6332518365867 39.17318070180512 0 0 39.17318070180512 49.55196748624802 -10.3787867844429
139.6332518365867 39.17318070180512 0 0 39.17318070180512 49.55196748624802 -10.3787867844429
139.3801787675484 39.17262531454934 0 0 39.17262531454934 49.55141209899223 -10.3787867844429
139.7473299079953 39.17251813183559 0 0 39.17251813183559 49.55130491627849 -10.3787867844429
139.7473299079953 39.17251813183559 0 0 39.17251813183559 49.55130491627849 -10.3787867844429
139.7473299079953 39.17251813183559 0 0 39.17251813183559 49.55130491627849 -10.3787867844429
139.7473299079953 39.17251813183559 0 0 39.17251813183559 49.55130491627849 -10.3787867844429
139.7473299079953 39.17251813183559 0 0 39.17251813183559 49.55130491627849 -10.3787867844429
139.7473299079953 39.17251813183559 0 0 39.17251813183559 49.55130491627849 -10.3787867844429
139.7473299079953 39.17251813183559 0 0 39.17251813183559 49.55130491627849 -10.3787867844429
139.7473299079953 39.17251813183559 0 0 39.17251813183559 49.55130491627849 -10.3787867844429
139.7473299079953 39.17251813183559 0 0 39.17251813183559 49.55130491627849 -10.3787867844429
139.7473299079953 39.17251813183559 0 0 39.17251813183559 49.55130491627849 -10.3787867844429
139.7473299079953 39.17251813183559 0 0 39.17251813183559 49.55130491627849 -10.3787867844429
139.7473299079953 39.17251813183559 0 0 39.17251813183559 49.55130491627849 -10.3787867844429
139.7473299079953 39.17251813183559 0 0 39.17251813183559 49.55130491627849 -10.3787867844429
139.7473299079953 39.17251813183559 0 0 39.17251813183559 49.55130491627849 -10.3787867844429
139.7473299079953 39.17251813183559 0 0 39.17251813183559 49.55130491627849 -10.3787867844429
139.7473299079953 39.17251813183559 0 0 39.17251813183559 49.55130491627849 -10.3787867844429
139.7473299079953 39.17251813183559 0 0 39.17251813183559 49.55130491627849 -10.3787867844429
139.7473299079953 39.17251813183559 0 0 39.17251813183559 49.55130491627849 -10.3787867844429
139.7473299079953 39.17251813183559 0 0 39.17251813183559 49.55130491627849 -10.3787867844429
139.7473299079953 39.17251813183559 0 0 39.17251813183559 49.55130491627849 -10.3787867844429
139.7473299079953 39.17251813183559 0 0 39.17251813183559 49.55130491627849 -10.3787867844429
139.7473299079953 39.17251813183559 0 0 39.17251813183559 49.55130491627849 -10.3787867844429
139.7473299079953 39.17251813183559 0 0 39.17251813183559 49.55130491627849 -10.3787867844429
139.7473299079953 39.17251813183559 0 0 39.17251813183559 49.55130491627849 -10.3787867844429
139.7473299079953 39.17251813183559 0 0 39.17251813183559 49.55130491627849 -10.3787867844429
139.7473299079953 39.17251813183559 0 0 39.17251813183559 49.55130491627849 -10.3787867844429
139.7473299079953 39.17251813183559 0 0 39.17251813183559 49.55130491627849 -10.3787867844429
139.7473299079953 39.17251813183559 0 0 39.17251813183559 49.55130491627849 -10.3787867844429
139.7473299079953 39.17251813183559 0 0 39.17251813183559 49.55130491627849 -10.3787867844429
139.7473299079953 39.17251813183559 0 0 39.17251813183559 49.55130491627849 -10.3787867844429
139.7473299079953 39.17251813183559 0 0 39.17251813183559 49.55130491627849 -10.3787867844429
139.7473299079953 39.17251813183559 0 0 39.17251813183559 49.55130491627849 -10.3787867844429
139.7473299079953 39.17251813183559 0 0 39.17251813183559 49.55130491627849 -10.3787867844429
139.5735362441471 39.17152015177638 0 0 39.17152015177638 49.55030693621928 -10.3787867844429
139.5735362441471 39.17152015177638 0 0 39.17152015177638 49.55030693621928 -10.3787867844429
139.5735362441471 39.17152015177638 0 0 39.17152015177638 49.55030693621928 -10.3787867844429
139.5735362441471 39.17152015177638 0 0 39.17152015177638 49.55030693621928 -10.3787867844429
139.5735362441471 39.17152015177638 0 0 39.17152015177638 49.55030693621928 -10.3787867844429
139.5735362441471 39.17152015177638 0 0 39.17152015177638 49.55030693621928 -10.3787867844429
139.9150551727695 39.17210236788098 0 0 39.17210236788098 49.55088915232388 -10.3787867844429
139.9150551727695 39.17210236788098 0 0 39.17210236788098 49.55088915232388 -10.3787867844429
139.9150551727695 39.17210236788098 0 0 39.17210236788098 49.55088915232388 -10.3787867844429
139.9150551727695 39.17210236788098 0 0 39.17210236788098 49.55088915232388 -10.3787867844429
139.331830470814 39.17279230552317 0 0 39.17279230552317 49.55157908996607 -10.3787867844429
139.331830470814 39.17279230552317 0 0 39.17279230552317 49.55157908996607 -10.3787867844429
139.331830470814 39.17279230552317 0 0 39.17279230552317 49.55157908996607 -10.3787867844429
139.331830470814 39.17279230552317 0 0 39.17279230552317 49.55157908996607 -10.3787867844429
139.331830470814 39.17279230552317 0 0 39.17279230552317 49.55157908996607 -10.3787867844429
139.331830470814 39.17279230552317 0 0 39.17279230552317 49.55157908996607 -10.3787867844429
139.331830470814 39.17279230552317 0 0 39.17279230552317 49.55157908996607 -10.3787867844429
139.331830470814 39.17279230552317 0 0 39.17279230552317 49.55157908996607 -10.3787867844429
139.3125262277395 39.17286432225525 0 0 39.17286432225525 49.55165110669815 -10.3787867844429
139.3102659196932 39.17213882843141 0 0 39.17213882843141 49.55092561287432 -10.3787867844429
139.3224575767255 39.1712950876834 0 0 39.1712950876834 49.55008187212631 -10.3787867844429
139.3224575767255 39.1712950876834 0 0 39.1712950876834 49.55008187212631 -10.3787867844429
139.3224575767255 39.1712950876834 0 0 39.1712950876834 49.55008187212631 -10.3787867844429
139.3224575767255 39.1712950876834 0 0 39.1712950876834 49.55008187212631 -10.3787867844429
139.3224575767255 39.1712950876834 0 0 39.1712950876834 49.55008187212631 -10.3787867844429
139.3224575767255 39.1712950876834 0 0 39.1712950876834 49.55008187212631 -10.3787867844429
139.9841101246788 39.17293132085432 0 0 39.17293132085432 49.55171810529722 -10.3787867844429
139.8890933614865 39.17081949186434 0 0 39.17081949186434 49.54960627630724 -10.3787867844429
139.9906383708659 39.17018134375057 0 0 39.17018134375057 49.54896812819347 -10.3787867844429
139.9906383708659 39.17018134375057 0 0 39.17018134375057 49.54896812819347 -10.3787867844429
139.9906383708659 39.17018134375057 0 0 39.17018134375057 49.54896812819347 -10.3787867844429
139.9906383708659 39.17018134375057 0 0 39.17018134375057 49.54896812819347 -10.3787867844429
139.9906383708659 39.17018134375057 0 0 39.17018134375057 49.54896812819347 -10.3787867844429
139.9906383708659 39.17018134375057 0 0 39.17018134375057 49.54896812819347 -10.3787867844429
139.9906383708659 39.17018134375057 0 0 39.17018134375057 49.54896812819347 -10.3787867844429
139.9906383708659 39.17018134375057 0 0 39.17018134375057 49.54896812819347 -10.3787867844429
140.0006140242629 39.16825360552352 0 0 39.16825360552352 49.54704038996642 -10.3787867844429
140.001688122551 39.17102025205386 0 0 39.17102025205386 49.54980703649677 -10.3787867844429
140.0051339841326 39.17051090676097 0 0 39.17051090676097 49.54929769120387 -10.3787867844429
140.0027405757282 39.16992308462251 0 0 39.16992308462251 49.54870986906541 -10.3787867844429
140.0027405757282 39.16992308462251 0 0 39.16992308462251 49.54870986906541 -10.3787867844429
140.0027405757282 39.16992308462251 0 0 39.16992308462251 49.54870986906541 -10.3787867844429
140.0003802415656 39.17168473508376 0 0 39.17168473508376 49.55047151952666 -10.3787867844429
139.9916571174271 39.17285631699356 0 0 39.17285631699356 49.55164310143646 -10.3787867844429
139.9995678258168 39.17380444368301 0 0 39.17380444368301 49.55259122812591 -10.3787867844429
139.9995678258168 39.17380444368301 0 0 39.17380444368301 49.55259122812591 -10.3787867844429
139.9995678258168 39.17380444368301 0 0 39.17380444368301 49.55259122812591 -10.3787867844429
139.9995678258168 39.17380444368301 0 0 39.17380444368301 49.55259122812591 -10.3787867844429
139.9995678258168 39.17380444368301 0 0 39.17380444368301 49.55259122812591 -10.3787867844429
139.9995678258168 39.17380444368301 0 0 39.17380444368301 49.55259122812591 -10.3787867844429
139.9995678258168 39.17380444368301 0 0 39.17380444368301 49.55259122812591 -10.3787867844429
139.997225277717 39.17442040478126 0 0 39.17442040478126 49.55320718922415 -10.3787867844429
140.0065330352795 39.17513838093552 0 0 39.17513838093552 49.55392516537842 -10.3787867844429
140.0065330352795 39.17513838093552 0 0 39.17513838093552 49.55392516537842 -10.3787867844429
140.0162567139656 39.17518643992112 0 0 39.17518643992112 49.55397322436401 -10.3787867844429
140.0140118041665 39.17567924856044 0 0 39.17567924856044 49.55446603300334 -10.3787867844429
140.0140118041665 39.17567924856044 0 0 39.17567924856044 49.55446603300334 -10.3787867844429
140.0140118041665 39.17567924856044 0 0 39.17567924856044 49.55446603300334 -10.3787867844429
140.0140118041665 39.17567924856044 0 0 39.17567924856044 49.55446603300334 -10.3787867844429
140.0140118041665 39.17567924856044 0 0 39.17567924856044 49.55446603300334 -10.3787867844429
140.0140118041665 39.17567924856044 0 0 39.17567924856044 49.55446603300334 -10.3787867844429
140.0140118041665 39.17567924856044 0 0 39.17567924856044 49.55446603300334 -10.3787867844429
140.0140118041665 39.17567924856044 0 0 39.17567924856044 49.55446603300334 -10.3787867844429
140.017666811779 39.17399167627228 0 0 39.17399167627228 49.55277846071518 -10.3787867844429
140.017666811779 39.17399167627228 0 0 39.17399167627228 49.55277846071518 -10.3787867844429
140.017666811779 39.17399167627228 0 0 39.17399167627228 49.55277846071518 -10.3787867844429
140.017666811779 39.17399167627228 0 0 39.17399167627228 49.55277846071518 -10.3787867844429
140.017666811779 39.17399167627228 0 0 39.17399167627228 49.55277846071518 -10.3787867844429
140.017666811779 39.17399167627228 0 0 39.17399167627228 49.55277846071518 -10.3787867844429
140.017666811779 39.17399167627228 0 0 39.17399167627228 49.55277846071518 -10.3787867844429
140.017666811779 39.17399167627228 0 0 39.17399167627228 49.55277846071518 -10.3787867844429
140.017666811779 39.17399167627228 0 0 39.17399167627228 49.55277846071518 -10.3787867844429
140.017666811779 39.17399167627228 0 0 39.17399167627228 49.55277846071518 -10.3787867844429
140.017666811779 39.17399167627228 0 0 39.17399167627228 49.55277846071518 -10.3787867844429
140.017666811779 39.17399167627228 0 0 39.17399167627228 49.55277846071518 -10.3787867844429
140.017666811779 39.17399167627228 0 0 39.17399167627228 49.55277846071518 -10.3787867844429
140.017666811779 39.17399167627228 0 0 39.17399167627228 49.55277846071518 -10.3787867844429
140.017666811779 39.17399167627228 0 0 39.17399167627228 49.55277846071518 -10.3787867844429
140.017666811779 39.17399167627228 0 0 39.17399167627228 49.55277846071518 -10.3787867844429
140.017666811779 39.17399167627228 0 0 39.17399167627228 49.55277846071518 -10.3787867844429
140.017666811779 39.17399167627228 0 0 39.17399167627228 49.55277846071518 -10.3787867844429
140.017666811779 39.17399167627228 0 0 39.17399167627228 49.55277846071518 -10.3787867844429
140.017666811779 39.17399167627228 0 0 39.17399167627228 49.55277846071518 -10.3787867844429
140.017666811779 39.17399167627228 0 0 39.17399167627228 49.55277846071518 -10.3787867844429
140.017666811779 39.17399167627228 0 0 39.17399167627228 49.55277846071518 -10.3787867844429
140.017666811779 39.17399167627228 0 0 39.17399167627228 49.55277846071518 -10.3787867844429
140.017666811779 39.17399167627228 0 0 39.17399167627228 49.55277846071518 -10.3787867844429
140.017666811779 39.17399167627228 0 0 39.17399167627228 49.55277846071518 -10.3787867844429
140.017666811779 39.17399167627228 0 0 39.17399167627228 49.55277846071518 -10.3787867844429
140.017666811779 39.17399167627228 0 0 39.17399167627228 49.55277846071518 -10.3787867844429
140.017666811779 39.17399167627228 0 0 39.17399167627228 49.55277846071518 -10.3787867844429
140.017666811779 39.17399167627228 0 0 39.17399167627228 49.55277846071518 -10.3787867844429
140.017666811779 39.17399167627228 0 0 39.17399167627228 49.55277846071518 -10.3787867844429
140.017666811779 39.17399167627228 0 0 39.17399167627228 49.55277846071518 -10.3787867844429
140.017666811779 39.17399167627228 0 0 39.17399167627228 49.55277846071518 -10.3787867844429
140.017666811779 39.17399167627228 0 0 39.17399167627228 49.55277846071518 -10.3787867844429
140.017666811779 39.17399167627228 0 0 39.17399167627228 49.55277846071518 -10.3787867844429
140.017666811779 39.17399167627228 0 0 39.17399167627228 49.55277846071518 -10.3787867844429
140.017666811779 39.17399167627228 0 0 39.17399167627228 49.55277846071518 -10.3787867844429
140.017666811779 39.17399167627228 0 0 39.17399167627228 49.55277846071518 -10.3787867844429
140.017666811779 39.17399167627228 0 0 39.17399167627228 49.55277846071518 -10.3787867844429
140.017666811779 39.17399167627228 0 0 39.17399167627228 49.55277846071518 -10.3787867844429
140.0170358218166 39.1756307601872 0 0 39.1756307601872 49.55441754463011 -10.3787867844429
140.0182267348063 39.17592953977851 0 0 39.17592953977851 49.55471632422141 -10.3787867844429
140.0219639313038 39.17695712884429 0 0 39.17695712884429 49.55574391328719 -10.3787867844429
140.0241770352858 39.1764659929314 0 0 39.1764659929314 49.55525277737429 -10.3787867844429
140.0241770352858 39.1764659929314 0 0 39.1764659929314 49.55525277737429 -10.3787867844429
140.0241770352858 39.1764659929314 0 0 39.1764659929314 49.55525277737429 -10.3787867844429
140.0241770352858 39.1764659929314 0 0 39.1764659929314 49.55525277737429 -10.3787867844429
140.0241770352858 39.1764659929314 0 0 39.1764659929314 49.55525277737429 -10.3787867844429
140.0241770352858 39.1764659929314 0 0 39.1764659929314 49.55525277737429 -10.3787867844429
140.0700637921138 39.17687209450912 0 0 39.17687209450912 49.55565887895202 -10.3787867844429
140.0700637921138 39.17687209450912 0 0 39.17687209450912 49.55565887895202 -10.3787867844429
140.0700637921138 39.17687209450912 0 0 39.17687209450912 49.55565887895202 -10.3787867844429
140.0700637921138 39.17687209450912 0 0 39.17687209450912 49.55565887895202 -10.3787867844429
139.9865945323444 39.17561133416143 0 0 39.17561133416143 49.55439811860433 -10.3787867844429
139.9865945323444 39.17561133416143 0 0 39.17561133416143 49.55439811860433 -10.3787867844429
139.9865945323444 39.17561133416143 0 0 39.17561133416143 49.55439811860433 -10.3787867844429
140.0527434269768 39.17518454631485 0 0 39.17518454631485 49.55397133075775 -10.3787867844429
140.0527434269768 39.17518454631485 0 0 39.17518454631485 49.55397133075775 -10.3787867844429
140.051774215966 39.17501226479052 0 0 39.17501226479052 49.55379904923342 -10.3787867844429
140.051774215966 39.17501226479052 0 0 39.17501226479052 49.55379904923342 -10.3787867844429
140.051774215966 39.17501226479052 0 0 39.17501226479052 49.55379904923342 -10.3787867844429
140.051774215966 39.17501226479052 0 0 39.17501226479052 49.55379904923342 -10.3787867844429
140.051774215966 39.17501226479052 0 0 39.17501226479052 49.55379904923342 -10.3787867844429
140.051774215966 39.17501226479052 0 0 39.17501226479052 49.55379904923342 -10.3787867844429
140.030792607388 39.17527783874226 0 0 39.17527783874226 49.55406462318516 -10.3787867844429
140.0315416953413 39.17560103477366 0 0 39.17560103477366 49.55438781921656 -10.3787867844429
140.0302862547577 39.17416028627811 0 0 39.17416028627811 49.552947070721 -10.3787867844429
140.0302862547577 39.17416028627811 0 0 39.17416028627811 49.552947070721 -10.3787867844429
140.0302862547577 39.17416028627811 0 0 39.17416028627811 49.552947070721 -10.3787867844429
140.0302862547577 39.17416028627811 0 0 39.17416028627811 49.552947070721 -10.3787867844429
140.0302862547577 39.17416028627811 0 0 39.17416028627811 49.552947070721 -10.3787867844429
140.0302862547577 39.17416028627811 0 0 39.17416028627811 49.552947070721 -10.3787867844429
140.0302862547577 39.17416028627811 0 0 39.17416028627811 49.552947070721 -10.3787867844429
140.0302862547577 39.17416028627811 0 0 39.17416028627811 49.552947070721 -10.3787867844429
140.0302862547577 39.17416028627811 0 0 39.17416028627811 49.552947070721 -10.3787867844429
140.0302862547577 39.17416028627811 0 0 39.17416028627811 49.552947070721 -10.3787867844429
140.0302862547577 39.17416028627811 0 0 39.17416028627811 49.552947070721 -10.3787867844429
140.0302862547577 39.17416028627811 0 0 39.17416028627811 49.552947070721 -10.3787867844429
140.0302862547577 39.17416028627811 0 0 39.17416028627811 49.552947070721 -10.3787867844429
139.2109461292346 39.17372056310306 0 0 39.17372056310306 49.55250734754596 -10.3787867844429
139.2109461292346 39.17372056310306 0 0 39.17372056310306 49.55250734754596 -10.3787867844429
139.2109461292346 39.17372056310306 0 0 39.17372056310306 49.55250734754596 -10.3787867844429
139.2109461292346 39.17372056310306 0 0 39.17372056310306 49.55250734754596 -10.3787867844429
139.2109461292346 39.17372056310306 0 0 39.17372056310306 49.55250734754596 -10.3787867844429
139.2109461292346 39.17372056310306 0 0 39.17372056310306 49.55250734754596 -10.3787867844429
139.2109461292346 39.17372056310306 0 0 39.17372056310306 49.55250734754596 -10.3787867844429
139.2033862605369 39.17356991787884 0 0 39.17356991787884 49.55235670232174 -10.3787867844429
139.2033862605369 39.17356991787884 0 0 39.17356991787884 49.55235670232174 -10.3787867844429
139.2033862605369 39.17356991787884 0 0 39.17356991787884 49.55235670232174 -10.3787867844429
139.2033862605369 39.17356991787884 0 0 39.17356991787884 49.55235670232174 -10.3787867844429
139.2033862605369 39.17356991787884 0 0 39.17356991787884 49.55235670232174 -10.3787867844429
139.2033862605369 39.17356991787884 0 0 39.17356991787884 49.55235670232174 -10.3787867844429
139.2033862605369 39.17356991787884 0 0 39.17356991787884 49.55235670232174 -10.3787867844429
139.5035086744327 39.17408758865756 0 0 39.17408758865756 49.55287437310045 -10.3787867844429
139.5035086744327 39.17408758865756 0 0 39.17408758865756 49.55287437310045 -10.3787867844429
139.5035086744327 39.17408758865756 0 0 39.17408758865756 49.55287437310045 -10.3787867844429
139.5035086744327 39.17408758865756 0 0 39.17408758865756 49.55287437310045 -10.3787867844429
139.5035086744327 39.17408758865756 0 0 39.17408758865756 49.55287437310045 -10.3787867844429
139.5035086744327 39.17408758865756 0 0 39.17408758865756 49.55287437310045 -10.3787867844429
139.5035086744327 39.17408758865756 0 0 39.17408758865756 49.55287437310045 -10.3787867844429
139.5035086744327 39.17408758865756 0 0 39.17408758865756 49.55287437310045 -10.3787867844429
139.5035086744327 39.17408758865756 0 0 39.17408758865756 49.55287437310045 -10.3787867844429
139.5035086744327 39.17408758865756 0 0 39.17408758865756 49.55287437310045 -10.3787867844429
139.5035086744327 39.17408758865756 0 0 39.17408758865756 49.55287437310045 -10.3787867844429
139.5035086744327 39.17408758865756 0 0 39.17408758865756 49.55287437310045 -10.3787867844429
139.5035086744327 39.17408758865756 0 0 39.17408758865756 49.55287437310045 -10.3787867844429
139.5035086744327 39.17408758865756 0 0 39.17408758865756 49.55287437310045 -10.3787867844429
139.5035086744327 39.17408758865756 0 0 39.17408758865756 49.55287437310045 -10.3787867844429
139.4012617270063 39.1728875891846 0 0 39.1728875891846 49.5516743736275 -10.3787867844429
139.4012617270063 39.1728875891846 0 0 39.1728875891846 49.5516743736275 -10.3787867844429
139.4012617270063 39.1728875891846 0 0 39.1728875891846 49.5516743736275 -10.3787867844429
139.4012617270063 39.1728875891846 0 0 39.1728875891846 49.5516743736275 -10.3787867844429
139.4012617270063 39.1728875891846 0 0 39.1728875891846 49.5516743736275 -10.3787867844429
139.5648336881521 39.17735277954647 0 0 39.17735277954647 49.55613956398936 -10.3787867844429
139.5648336881521 39.17735277954647 0 0 39.17735277954647 49.55613956398936 -10.3787867844429
139.5648336881521 39.17735277954647 0 0 39.17735277954647 49.55613956398936 -10.3787867844429
139.5648336881521 39.17735277954647 0 0 39.17735277954647 49.55613956398936 -10.3787867844429
139.5648336881521 39.17735277954647 0 0 39.17735277954647 49.55613956398936 -10.3787867844429
139.5648336881521 39.17735277954647 0 0 39.17735277954647 49.55613956398936 -10.3787867844429
139.5648336881521 39.17735277954647 0 0 39.17735277954647 49.55613956398936 -10.3787867844429
139.5648336881521 39.17735277954647 0 0 39.17735277954647 49.55613956398936 -10.3787867844429
139.5648336881521 39.17735277954647 0 0 39.17735277954647 49.55613956398936 -10.3787867844429
139.986948150202 39.17524735293378 0 0 39.17524735293378 49.55403413737668 -10.3787867844429
139.986948150202 39.17524735293378 0 0 39.17524735293378 49.55403413737668 -10.3787867844429
139.986948150202 39.17524735293378 0 0 39.17524735293378 49.55403413737668 -10.3787867844429
139.986948150202 39.17524735293378 0 0 39.17524735293378 49.55403413737668 -10.3787867844429
139.986948150202 39.17524735293378 0 0 39.17524735293378 49.55403413737668 -10.3787867844429
139.986948150202 39.17524735293378 0 0 39.17524735293378 49.55403413737668 -10.3787867844429
139.986948150202 39.17524735293378 0 0 39.17524735293378 49.55403413737668 -10.3787867844429
139.9854919546326 39.17252293627963 0 0 39.17252293627963 49.55130972072253 -10.3787867844429
140.0019996900942 39.17276571217602 0 0 39.17276571217602 49.55155249661891 -10.3787867844429
139.9974119028276 39.17202900239432 0 0 39.17202900239432 49.55081578683722 -10.3787867844429
139.9974119028276 39.17202900239432 0 0 39.17202900239432 49.55081578683722 -10.3787867844429
139.9915043157442 39.16956577511985 0 0 39.16956577511985 49.54835255956275 -10.3787867844429
139.9915043157442 39.16956577511985 0 0 39.16956577511985 49.54835255956275 -10.3787867844429
139.9915043157442 39.16956577511985 0 0 39.16956577511985 49.54835255956275 -10.3787867844429
139.9812337547384 39.16737551167486 0 0 39.16737551167486 49.54616229611776 -10.3787867844429
139.9812337547384 39.16737551167486 0 0 39.16737551167486 49.54616229611776 -10.3787867844429
139.9812337547384 39.16737551167486 0 0 39.16737551167486 49.54616229611776 -10.3787867844429
139.9812337547384 39.16737551167486 0 0 39.16737551167486 49.54616229611776 -10.3787867844429
139.9812337547384 39.16737551167486 0 0 39.16737551167486 49.54616229611776 -10.3787867844429
139.9812337547384 39.16737551167486 0 0 39.16737551167486 49.54616229611776 -10.3787867844429
139.9812337547384 39.16737551167486 0 0 39.16737551167486 49.54616229611776 -10.3787867844429
139.9812337547384 39.16737551167486 0 0 39.16737551167486 49.54616229611776 -10.3787867844429
139.9812337547384 39.16737551167486 0 0 39.16737551167486 49.54616229611776 -10.3787867844429
139.9812337547384 39.16737551167486 0 0 39.16737551167486 49.54616229611776 -10.3787867844429
139.9812337547384 39.16737551167486 0 0 39.16737551167486 49.54616229611776 -10.3787867844429
139.9267146364197 39.16343275085903 0 0 39.16343275085903 49.54221953530193 -10.3787867844429
139.9267146364197 39.16343275085903 0 0 39.16343275085903 49.54221953530193 -10.3787867844429
139.9056836123003 39.16374311574589 0 0 39.16374311574589 49.54252990018878 -10.3787867844429
139.9056836123003 39.16374311574589 0 0 39.16374311574589 49.54252990018878 -10.3787867844429
139.9056836123003 39.16374311574589 0 0 39.16374311574589 49.54252990018878 -10.3787867844429
139.9056836123003 39.16374311574589 0 0 39.16374311574589 49.54252990018878 -10.3787867844429
139.9056836123003 39.16374311574589 0 0 39.16374311574589 49.54252990018878 -10.3787867844429
139.9056836123003 39.16374311574589 0 0 39.16374311574589 49.54252990018878 -10.3787867844429
139.9056836123003 39.16374311574589 0 0 39.16374311574589 49.54252990018878 -10.3787867844429
139.9056836123003 39.16374311574589 0 0 39.16374311574589 49.54252990018878 -10.3787867844429
139.9056836123003 39.16374311574589 0 0 39.16374311574589 49.54252990018878 -10.3787867844429
139.9056836123003 39.16374311574589 0 0 39.16374311574589 49.54252990018878 -10.3787867844429
139.9056836123003 39.16374311574589 0 0 39.16374311574589 49.54252990018878 -10.3787867844429
139.9056836123003 39.16374311574589 0 0 39.16374311574589 49.54252990018878 -10.3787867844429
139.9056836123003 39.16374311574589 0 0 39.16374311574589 49.54252990018878 -10.3787867844429
139.9056836123003 39.16374311574589 0 0 39.16374311574589 49.54252990018878 -10.3787867844429
139.9056836123003 39.16374311574589 0 0 39.16374311574589 49.54252990018878 -10.3787867844429
139.9056836123003 39.16374311574589 0 0 39.16374311574589 49.54252990018878 -10.3787867844429
139.9056836123003 39.16374311574589 0 0 39.16374311574589 49.54252990018878 -10.3787867844429
139.9056836123003 39.16374311574589 0 0 39.16374311574589 49.54252990018878 -10.3787867844429
139.9056836123003 39.16374311574589 0 0 39.16374311574589 49.54252990018878 -10.3787867844429
139.9056836123003 39.16374311574589 0 0 39.16374311574589 49.54252990018878 -10.3787867844429
139.9056836123003 39.16374311574589 0 0 39.16374311574589 49.54252990018878 -10.3787867844429
139.9056836123003 39.16374311574589 0 0 39.16374311574589 49.54252990018878 -10.3787867844429
139.9056836123003 39.16374311574589 0 0 39.16374311574589 49.54252990018878 -10.3787867844429
139.9056836123003 39.16374311574589 0 0 39.16374311574589 49.54252990018878 -10.3787867844429
139.9056836123003 39.16374311574589 0 0 39.16374311574589 49.54252990018878 -10.3787867844429
139.9056836123003 39.16374311574589 0 0 39.16374311574589 49.54252990018878 -10.3787867844429
139.9056836123003 39.16374311574589 0 0 39.16374311574589 49.54252990018878 -10.3787867844429
139.9056836123003 39.16374311574589 0 0 39.16374311574589 49.54252990018878 -10.3787867844429
139.9056836123003 39.16374311574589 0 0 39.16374311574589 49.54252990018878 -10.3787867844429
139.9056836123003 39.16374311574589 0 0 39.16374311574589 49.54252990018878 -10.3787867844429
139.9130232272563 39.16304467429745 0 0 39.16304467429745 49.54183145874035 -10.3787867844429
139.9104315114031 39.16135489828842 0 0 39.16135489828842 49.54014168273132 -10.3787867844429
139.9169608952674 39.16076293211513 0 0 39.16076293211513 49.53954971655803 -10.3787867844429
139.913953830652 39.16268973657763 0 0 39.16268973657763 49.54147652102053 -10.3787867844429
139.9088829474428 39.16071341924105 0 0 39.16071341924105 49.53950020368395 -10.3787867844429
139.9088829474428 39.16071341924105 0 0 39.16071341924105 49.53950020368395 -10.3787867844429
139.9088829474428 39.16071341924105 0 0 39.16071341924105 49.53950020368395 -10.3787867844429
139.9088829474428 39.16071341924105 0 0 39.16071341924105 49.53950020368395 -10.3787867844429
139.9088829474428 39.16071341924105 0 0 39.16071341924105 49.53950020368395 -10.3787867844429
139.9088829474428 39.16071341924105 0 0 39.16071341924105 49.53950020368395 -10.3787867844429
139.9088829474428 39.16071341924105 0 0 39.16071341924105 49.53950020368395 -10.3787867844429
139.9088829474428 39.16071341924105 0 0 39.16071341924105 49.53950020368395 -10.3787867844429
139.9095609881354 39.16142499787092 0 0 39.16142499787092 49.54021178231382 -10.3787867844429
139.9167900298944 39.16095386226498 0 0 39.16095386226498 49.53974064670788 -10.3787867844429
139.9042227931045 39.16093015172092 0 0 39.16093015172092 49.53971693616381 -10.3787867844429
139.9042227931045 39.16093015172092 0 0 39.16093015172092 49.53971693616381 -10.3787867844429
139.9042227931045 39.16093015172092 0 0 39.16093015172092 49.53971693616381 -10.3787867844429
139.9042227931045 39.16093015172092 0 0 39.16093015172092 49.53971693616381 -10.3787867844429
139.9042227931045 39.16093015172092 0 0 39.16093015172092 49.53971693616381 -10.3787867844429
139.9042227931045 39.16093015172092 0 0 39.16093015172092 49.53971693616381 -10.3787867844429
139.9042227931045 39.16093015172092 0 0 39.16093015172092 49.53971693616381 -10.3787867844429
139.9042227931045 39.16093015172092 0 0 39.16093015172092 49.53971693616381 -10.3787867844429
139.9042227931045 39.16093015172092 0 0 39.16093015172092 49.53971693616381 -10.3787867844429
139.9042227931045 39.16093015172092 0 0 39.16093015172092 49.53971693616381 -10.3787867844429
139.9042227931045 39.16093015172092 0 0 39.16093015172092 49.53971693616381 -10.3787867844429
139.9042227931045 39.16093015172092 0 0 39.16093015172092 49.53971693616381 -10.3787867844429
139.9042227931045 39.16093015172092 0 0 39.16093015172092 49.53971693616381 -10.3787867844429
139.9042227931045 39.16093015172092 0 0 39.16093015172092 49.53971693616381 -10.3787867844429
139.9042227931045 39.16093015172092 0 0 39.16093015172092 49.53971693616381 -10.3787867844429
139.9042227931045 39.16093015172092 0 0 39.16093015172092 49.53971693616381 -10.3787867844429
139.9042227931045 39.16093015172092 0 0 39.16093015172092 49.53971693616381 -10.3787867844429
139.9042227931045 39.16093015172092 0 0 39.16093015172092 49.53971693616381 -10.3787867844429
139.9042227931045 39.16093015172092 0 0 39.16093015172092 49.53971693616381 -10.3787867844429
139.0731740548693 39.16041102685021 0 0 39.16041102685021 49.53919781129311 -10.3787867844429
139.0731740548693 39.16041102685021 0 0 39.16041102685021 49.53919781129311 -10.3787867844429
139.0776850203602 39.16039303057694 0 0 39.16039303057694 49.53917981501984 -10.3787867844429
139.0776850203602 39.16039303057694 0 0 39.16039303057694 49.53917981501984 -10.3787867844429
139.0723030907768 39.16008398741823 0 0 39.16008398741823 49.53887077186113 -10.3787867844429
139.0665142310496 39.15939645303334 0 0 39.15939645303334 49.53818323747624 -10.3787867844429
139.0586234540243 39.16106167656042 0 0 39.16106167656042 49.53984846100332 -10.3787867844429
139.0586234540243 39.16106167656042 0 0 39.16106167656042 49.53984846100332 -10.3787867844429
139.0586234540243 39.16106167656042 0 0 39.16106167656042 49.53984846100332 -10.3787867844429
139.0586234540243 39.16106167656042 0 0 39.16106167656042 49.53984846100332 -10.3787867844429
139.0586234540243 39.16106167656042 0 0 39.16106167656042 49.53984846100332 -10.3787867844429
139.0586234540243 39.16106167656042 0 0 39.16106167656042 49.53984846100332 -10.3787867844429
139.0586234540243 39.16106167656042 0 0 39.16106167656042 49.53984846100332 -10.3787867844429
139.0684530091402 39.16035594657156 0 0 39.16035594657156 49.53914273101446 -10.3787867844429
139.0684530091402 39.16035594657156 0 0 39.16035594657156 49.53914273101446 -10.3787867844429
139.0684530091402 39.16035594657156 0 0 39.16035594657156 49.53914273101446 -10.3787867844429
139.0684530091402 39.16035594657156 0 0 39.16035594657156 49.53914273101446 -10.3787867844429
139.0684530091402 39.16035594657156 0 0 39.16035594657156 49.53914273101446 -10.3787867844429
139.0684530091402 39.16035594657156 0 0 39.16035594657156 49.53914273101446 -10.3787867844429
139.0684530091402 39.16035594657156 0 0 39.16035594657156 49.53914273101446 -10.3787867844429
139.0684530091402 39.16035594657156 0 0 39.16035594657156 49.53914273101446 -10.3787867844429
139.0684530091402 39.16035594657156 0 0 39.16035594657156 49.53914273101446 -10.3787867844429
