totalLogLikelihoodDensity totalLogPriorDensity H1NoiseLogPriorDensity L1NoiseLogPriorDensity gwLogPriorDensity gwExtrinsicLogPriorDensityTracker gwCbcLogPriorDensityTracker
71.98235283165624 43.59441787567901 0 0 43.59441787567901 53.97320466012191 -10.3787867844429
138.2012448502592 39.15690088971803 0 0 39.15690088971803 49.53568767416093 -10.3787867844429
138.2012448502592 39.15690088971803 0 0 39.15690088971803 49.53568767416093 -10.3787867844429
138.2012448502592 39.15690088971803 0 0 39.15690088971803 49.53568767416093 -10.3787867844429
138.2012448502592 39.15690088971803 0 0 39.15690088971803 49.53568767416093 -10.3787867844429
138.2012448502592 39.15690088971803 0 0 39.15690088971803 49.53568767416093 -10.3787867844429
138.2012448502592 39.15690088971803 0 0 39.15690088971803 49.53568767416093 -10.3787867844429
138.2012448502592 39.15690088971803 0 0 39.15690088971803 49.53568767416093 -10.3787867844429
138.2012448502592 39.15690088971803 0 0 39.15690088971803 49.53568767416093 -10.3787867844429
138.2012448502592 39.15690088971803 0 0 39.15690088971803 49.53568767416093 -10.3787867844429
138.2012448502592 39.15690088971803 0 0 39.15690088971803 49.53568767416093 -10.3787867844429
138.2012448502592 39.15690088971803 0 0 39.15690088971803 49.53568767416093 -10.3787867844429
138.2012448502592 39.15690088971803 0 0 39.15690088971803 49.53568767416093 -10.3787867844429
138.2012448502592 39.15690088971803 0 0 39.15690088971803 49.53568767416093 -10.3787867844429
138.2012448502592 39.15690088971803 0 0 39.15690088971803 49.53568767416093 -10.3787867844429
138.2012448502592 39.15690088971803 0 0 39.15690088971803 49.53568767416093 -10.3787867844429
138.2012448502592 39.15690088971803 0 0 39.15690088971803 49.53568767416093 -10.3787867844429
138.2012448502592 39.15690088971803 0 0 39.15690088971803 49.53568767416093 -10.3787867844429
137.9465925919986 39.15643447251844 0 0 39.15643447251844 49.53522125696134 -10.3787867844429
137.9465925919986 39.15643447251844 0 0 39.15643447251844 49.53522125696134 -10.3787867844429
137.9465925919986 39.15643447251844 0 0 39.15643447251844 49.53522125696134 -10.3787867844429
137.9465925919986 39.15643447251844 0 0 39.15643447251844 49.53522125696134 -10.3787867844429
137.8767345955679 39.15464810487821 0 0 39.15464810487821 49.53343488932111 -10.3787867844429
137.8767345955679 39.15464810487821 0 0 39.15464810487821 49.53343488932111 -10.3787867844429
139.7870330748505 39.15520676944536 0 0 39.15520676944536 49.53399355388826 -10.3787867844429
139.7870330748505 39.15520676944536 0 0 39.15520676944536 49.53399355388826 -10.3787867844429
139.7870330748505 39.15520676944536 0 0 39.15520676944536 49.53399355388826 -10.3787867844429
139.7870330748505 39.15520676944536 0 0 39.15520676944536 49.53399355388826 -10.3787867844429
139.7870330748505 39.15520676944536 0 0 39.15520676944536 49.53399355388826 -10.3787867844429
139.7870330748505 39.15520676944536 0 0 39.15520676944536 49.53399355388826 -10.3787867844429
139.9562136133976 39.1553895426929 0 0 39.1553895426929 49.5341763271358 -10.3787867844429
139.9562136133976 39.1553895426929 0 0 39.1553895426929 49.5341763271358 -10.3787867844429
139.9298431688973 39.15510506038464 0 0 39.15510506038464 49.53389184482754 -10.3787867844429
139.9298431688973 39.15510506038464 0 0 39.15510506038464 49.53389184482754 -10.3787867844429
139.316932389853 39.15424275123385 0 0 39.15424275123385 49.53302953567675 -10.3787867844429
139.316932389853 39.15424275123385 0 0 39.15424275123385 49.53302953567675 -10.3787867844429
139.316932389853 39.15424275123385 0 0 39.15424275123385 49.53302953567675 -10.3787867844429
139.316932389853 39.15424275123385 0 0 39.15424275123385 49.53302953567675 -10.3787867844429
139.2407942968712 39.15389870666361 0 0 39.15389870666361 49.53268549110651 -10.3787867844429
139.2407942968712 39.15389870666361 0 0 39.15389870666361 49.53268549110651 -10.3787867844429
139.6640811451102 39.15449586564378 0 0 39.15449586564378 49.53328265008668 -10.3787867844429
139.6841434717896 39.1550507562546 0 0 39.1550507562546 49.53383754069749 -10.3787867844429
139.6841434717896 39.1550507562546 0 0 39.1550507562546 49.53383754069749 -10.3787867844429
139.8936082316011 39.15405900153524 0 0 39.15405900153524 49.53284578597814 -10.3787867844429
139.8936082316011 39.15405900153524 0 0 39.15405900153524 49.53284578597814 -10.3787867844429
139.8936082316011 39.15405900153524 0 0 39.15405900153524 49.53284578597814 -10.3787867844429
139.8936082316011 39.15405900153524 0 0 39.15405900153524 49.53284578597814 -10.3787867844429
139.702268231523 39.15492864630424 0 0 39.15492864630424 49.53371543074714 -10.3787867844429
139.702268231523 39.15492864630424 0 0 39.15492864630424 49.53371543074714 -10.3787867844429
139.702268231523 39.15492864630424 0 0 39.15492864630424 49.53371543074714 -10.3787867844429
139.702268231523 39.15492864630424 0 0 39.15492864630424 49.53371543074714 -10.3787867844429
139.702268231523 39.15492864630424 0 0 39.15492864630424 49.53371543074714 -10.3787867844429
139.702268231523 39.15492864630424 0 0 39.15492864630424 49.53371543074714 -10.3787867844429
139.702268231523 39.15492864630424 0 0 39.15492864630424 49.53371543074714 -10.3787867844429
139.8642586926022 39.15569667954533 0 0 39.15569667954533 49.53448346398822 -10.3787867844429
139.8642586926022 39.15569667954533 0 0 39.15569667954533 49.53448346398822 -10.3787867844429
139.8677654430261 39.15542134181285 0 0 39.15542134181285 49.53420812625576 -10.3787867844429
139.8594061376116 39.15363378569957 0 0 39.15363378569957 49.53242057014247 -10.3787867844429
139.8548938584474 39.15385722396739 0 0 39.15385722396739 49.53264400841029 -10.3787867844429
139.8548938584474 39.15385722396739 0 0 39.15385722396739 49.53264400841029 -10.3787867844429
139.851696676836 39.15472959886075 0 0 39.15472959886075 49.53351638330366 -10.3787867844429
139.851696676836 39.15472959886075 0 0 39.15472959886075 49.53351638330366 -10.3787867844429
139.851696676836 39.15472959886075 0 0 39.15472959886075 49.53351638330366 -10.3787867844429
139.851696676836 39.15472959886075 0 0 39.15472959886075 49.53351638330366 -10.3787867844429
139.851696676836 39.15472959886075 0 0 39.15472959886075 49.53351638330366 -10.3787867844429
139.851696676836 39.15472959886075 0 0 39.15472959886075 49.53351638330366 -10.3787867844429
139.851696676836 39.15472959886075 0 0 39.15472959886075 49.53351638330366 -10.3787867844429
139.8505269851498 39.15480339463495 0 0 39.15480339463495 49.53359017907785 -10.3787867844429
139.8449375185959 39.15663227554533 0 0 39.15663227554533 49.53541905998824 -10.3787867844429
139.8449375185959 39.15663227554533 0 0 39.15663227554533 49.53541905998824 -10.3787867844429
139.8403966423295 39.15582679325817 0 0 39.15582679325817 49.53461357770107 -10.3787867844429
139.7938546791265 39.15611634737492 0 0 39.15611634737492 49.53490313181782 -10.3787867844429
139.7932206598479 39.15587945219487 0 0 39.15587945219487 49.53466623663776 -10.3787867844429
139.7809329926958 39.15562776177096 0 0 39.15562776177096 49.53441454621386 -10.3787867844429
139.7729821795128 39.15593748211231 0 0 39.15593748211231 49.53472426655521 -10.3787867844429
139.7835108118655 39.1557341846234 0 0 39.1557341846234 49.5345209690663 -10.3787867844429
139.7835108118655 39.1557341846234 0 0 39.1557341846234 49.5345209690663 -10.3787867844429
139.7835108118655 39.1557341846234 0 0 39.1557341846234 49.5345209690663 -10.3787867844429
139.7835108118655 39.1557341846234 0 0 39.1557341846234 49.5345209690663 -10.3787867844429
139.7835108118655 39.1557341846234 0 0 39.1557341846234 49.5345209690663 -10.3787867844429
139.7835108118655 39.1557341846234 0 0 39.1557341846234 49.5345209690663 -10.3787867844429
139.7835108118655 39.1557341846234 0 0 39.1557341846234 49.5345209690663 -10.3787867844429
139.7873734612372 39.15450003318435 0 0 39.15450003318435 49.53328681762725 -10.3787867844429
139.7854078683442 39.15356362856133 0 0 39.15356362856133 49.53235041300422 -10.3787867844429
139.8523984553837 39.15376652013852 0 0 39.15376652013852 49.53255330458141 -10.3787867844429
139.8492742837949 39.15324799399609 0 0 39.15324799399609 49.53203477843898 -10.3787867844429
139.8734467211919 39.15334675138101 0 0 39.15334675138101 49.53213353582391 -10.3787867844429
139.8734467211919 39.15334675138101 0 0 39.15334675138101 49.53213353582391 -10.3787867844429
139.8734467211919 39.15334675138101 0 0 39.15334675138101 49.53213353582391 -10.3787867844429
139.8734467211919 39.15334675138101 0 0 39.15334675138101 49.53213353582391 -10.3787867844429
139.7436091441132 39.15424704010312 0 0 39.15424704010312 49.53303382454602 -10.3787867844429
139.7436091441132 39.15424704010312 0 0 39.15424704010312 49.53303382454602 -10.3787867844429
139.7475619319501 39.15278249521377 0 0 39.15278249521377 49.53156927965667 -10.3787867844429
139.749150250511 39.15156425215393 0 0 39.15156425215393 49.53035103659683 -10.3787867844429
139.7513902836471 39.15024562395226 0 0 39.15024562395226 49.52903240839515 -10.3787867844429
139.7556855826258 39.14940805428641 0 0 39.14940805428641 49.52819483872931 -10.3787867844429
139.7552994558446 39.14875636438879 0 0 39.14875636438879 49.52754314883168 -10.3787867844429
139.7552994558446 39.14875636438879 0 0 39.14875636438879 49.52754314883168 -10.3787867844429
139.7511333119783 39.15132559804424 0 0 39.15132559804424 49.53011238248714 -10.3787867844429
139.7511333119783 39.15132559804424 0 0 39.15132559804424 49.53011238248714 -10.3787867844429
139.7627890980331 39.15016520415172 0 0 39.15016520415172 49.52895198859461 -10.3787867844429
139.7507237478422 39.15076895594197 0 0 39.15076895594197 49.52955574038487 -10.3787867844429
139.7507237478422 39.15076895594197 0 0 39.15076895594197 49.52955574038487 -10.3787867844429
139.7346140639624 39.15070677526518 0 0 39.15070677526518 49.52949355970808 -10.3787867844429
139.7346140639624 39.15070677526518 0 0 39.15070677526518 49.52949355970808 -10.3787867844429
139.7346140639624 39.15070677526518 0 0 39.15070677526518 49.52949355970808 -10.3787867844429
139.7346140639624 39.15070677526518 0 0 39.15070677526518 49.52949355970808 -10.3787867844429
139.7346140639624 39.15070677526518 0 0 39.15070677526518 49.52949355970808 -10.3787867844429
139.7346140639624 39.15070677526518 0 0 39.15070677526518 49.52949355970808 -10.3787867844429
139.7346140639624 39.15070677526518 0 0 39.15070677526518 49.52949355970808 -10.3787867844429
139.7346140639624 39.15070677526518 0 0 39.15070677526518 49.52949355970808 -10.3787867844429
139.7379532981435 39.15167646490629 0 0 39.15167646490629 49.53046324934919 -10.3787867844429
139.7379532981435 39.15167646490629 0 0 39.15167646490629 49.53046324934919 -10.3787867844429
139.7326328909087 39.15112879031847 0 0 39.15112879031847 49.52991557476137 -10.3787867844429
139.7297346515234 39.1497896725795 0 0 39.1497896725795 49.5285764570224 -10.3787867844429
139.7297346515234 39.1497896725795 0 0 39.1497896725795 49.5285764570224 -10.3787867844429
139.7218737569881 39.15023500437897 0 0 39.15023500437897 49.52902178882186 -10.3787867844429
139.72058835442 39.15099397104024 0 0 39.15099397104024 49.52978075548314 -10.3787867844429
139.7325123810552 39.1519900373 0 0 39.1519900373 49.5307768217429 -10.3787867844429
139.7424716341716 39.15117142286863 0 0 39.15117142286863 49.52995820731152 -10.3787867844429
139.7455384461655 39.15477775350379 0 0 39.15477775350379 49.53356453794669 -10.3787867844429
139.7455384461655 39.15477775350379 0 0 39.15477775350379 49.53356453794669 -10.3787867844429
139.7455384461655 39.15477775350379 0 0 39.15477775350379 49.53356453794669 -10.3787867844429
139.7455384461655 39.15477775350379 0 0 39.15477775350379 49.53356453794669 -10.3787867844429
139.7455384461655 39.15477775350379 0 0 39.15477775350379 49.53356453794669 -10.3787867844429
139.8276385331771 39.15291470190915 0 0 39.15291470190915 49.53170148635206 -10.3787867844429
139.8276385331771 39.15291470190915 0 0 39.15291470190915 49.53170148635206 -10.3787867844429
139.8276385331771 39.15291470190915 0 0 39.15291470190915 49.53170148635206 -10.3787867844429
139.8276385331771 39.15291470190915 0 0 39.15291470190915 49.53170148635206 -10.3787867844429
139.8276385331771 39.15291470190915 0 0 39.15291470190915 49.53170148635206 -10.3787867844429
139.8276385331771 39.15291470190915 0 0 39.15291470190915 49.53170148635206 -10.3787867844429
139.8276385331771 39.15291470190915 0 0 39.15291470190915 49.53170148635206 -10.3787867844429
139.8276385331771 39.15291470190915 0 0 39.15291470190915 49.53170148635206 -10.3787867844429
139.8276385331771 39.15291470190915 0 0 39.15291470190915 49.53170148635206 -10.3787867844429
139.8276385331771 39.15291470190915 0 0 39.15291470190915 49.53170148635206 -10.3787867844429
139.8276385331771 39.15291470190915 0 0 39.15291470190915 49.53170148635206 -10.3787867844429
139.8257516032344 39.15296042673378 0 0 39.15296042673378 49.53174721117668 -10.3787867844429
139.8243242337387 39.15406138874776 0 0 39.15406138874776 49.53284817319066 -10.3787867844429
139.8170552912068 39.15505805347492 0 0 39.15505805347492 49.53384483791782 -10.3787867844429
139.8160495995919 39.15519135346651 0 0 39.15519135346651 49.53397813790941 -10.3787867844429
139.8131658524322 39.15490716579355 0 0 39.15490716579355 49.53369395023645 -10.3787867844429
139.8131658524322 39.15490716579355 0 0 39.15490716579355 49.53369395023645 -10.3787867844429
139.8131658524322 39.15490716579355 0 0 39.15490716579355 49.53369395023645 -10.3787867844429
139.8131658524322 39.15490716579355 0 0 39.15490716579355 49.53369395023645 -10.3787867844429
139.8131658524322 39.15490716579355 0 0 39.15490716579355 49.53369395023645 -10.3787867844429
139.8131658524322 39.15490716579355 0 0 39.15490716579355 49.53369395023645 -10.3787867844429
139.8207740431186 39.15500747446637 0 0 39.15500747446637 49.53379425890927 -10.3787867844429
139.8330051425473 39.15505738947262 0 0 39.15505738947262 49.53384417391551 -10.3787867844429
139.8292976430547 39.15499525325477 0 0 39.15499525325477 49.53378203769766 -10.3787867844429
139.7971432606981 39.15366111513842 0 0 39.15366111513842 49.53244789958132 -10.3787867844429
139.7974471308021 39.15260366125071 0 0 39.15260366125071 49.53139044569361 -10.3787867844429
139.8126992795463 39.15223457829964 0 0 39.15223457829964 49.53102136274254 -10.3787867844429
139.8126992795463 39.15223457829964 0 0 39.15223457829964 49.53102136274254 -10.3787867844429
139.8104598144255 39.15249775726039 0 0 39.15249775726039 49.53128454170329 -10.3787867844429
139.8158152670612 39.15041521293081 0 0 39.15041521293081 49.52920199737371 -10.3787867844429
139.8158152670612 39.15041521293081 0 0 39.15041521293081 49.52920199737371 -10.3787867844429
139.8158152670612 39.15041521293081 0 0 39.15041521293081 49.52920199737371 -10.3787867844429
139.8158152670612 39.15041521293081 0 0 39.15041521293081 49.52920199737371 -10.3787867844429
139.8158152670612 39.15041521293081 0 0 39.15041521293081 49.52920199737371 -10.3787867844429
139.8661803825869 39.15050601999215 0 0 39.15050601999215 49.52929280443504 -10.3787867844429
139.5847212458416 39.15132014446927 0 0 39.15132014446927 49.53010692891216 -10.3787867844429
139.5784812711458 39.15347637776887 0 0 39.15347637776887 49.53226316221177 -10.3787867844429
139.5784812711458 39.15347637776887 0 0 39.15347637776887 49.53226316221177 -10.3787867844429
139.5798638664172 39.15236353174147 0 0 39.15236353174147 49.53115031618437 -10.3787867844429
139.5759814993603 39.15170314887527 0 0 39.15170314887527 49.53048993331817 -10.3787867844429
139.5671277144325 39.15113627566521 0 0 39.15113627566521 49.5299230601081 -10.3787867844429
139.5671277144325 39.15113627566521 0 0 39.15113627566521 49.5299230601081 -10.3787867844429
139.8457453334684 39.14946792161696 0 0 39.14946792161696 49.52825470605986 -10.3787867844429
139.8457453334684 39.14946792161696 0 0 39.14946792161696 49.52825470605986 -10.3787867844429
139.8457453334684 39.14946792161696 0 0 39.14946792161696 49.52825470605986 -10.3787867844429
139.8551992064232 39.14811111901435 0 0 39.14811111901435 49.52689790345724 -10.3787867844429
139.8551992064232 39.14811111901435 0 0 39.14811111901435 49.52689790345724 -10.3787867844429
139.8551992064232 39.14811111901435 0 0 39.14811111901435 49.52689790345724 -10.3787867844429
139.8592335937035 39.14895932753679 0 0 39.14895932753679 49.52774611197969 -10.3787867844429
139.8592335937035 39.14895932753679 0 0 39.14895932753679 49.52774611197969 -10.3787867844429
139.8592335937035 39.14895932753679 0 0 39.14895932753679 49.52774611197969 -10.3787867844429
139.8552074638385 39.14860941079242 0 0 39.14860941079242 49.52739619523531 -10.3787867844429
139.8552074638385 39.14860941079242 0 0 39.14860941079242 49.52739619523531 -10.3787867844429
139.8552074638385 39.14860941079242 0 0 39.14860941079242 49.52739619523531 -10.3787867844429
139.8552074638385 39.14860941079242 0 0 39.14860941079242 49.52739619523531 -10.3787867844429
139.8904770828285 39.14916970900025 0 0 39.14916970900025 49.52795649344315 -10.3787867844429
139.8941503450872 39.14881166624812 0 0 39.14881166624812 49.52759845069102 -10.3787867844429
139.8964061407278 39.14840504020793 0 0 39.14840504020793 49.52719182465083 -10.3787867844429
139.8956303245647 39.14631210692083 0 0 39.14631210692083 49.52509889136373 -10.3787867844429
139.8885031548415 39.14406576262729 0 0 39.14406576262729 49.52285254707019 -10.3787867844429
139.8873105877236 39.14323008623916 0 0 39.14323008623916 49.52201687068206 -10.3787867844429
139.8873105877236 39.14323008623916 0 0 39.14323008623916 49.52201687068206 -10.3787867844429
139.8873105877236 39.14323008623916 0 0 39.14323008623916 49.52201687068206 -10.3787867844429
139.8873105877236 39.14323008623916 0 0 39.14323008623916 49.52201687068206 -10.3787867844429
139.8873105877236 39.14323008623916 0 0 39.14323008623916 49.52201687068206 -10.3787867844429
139.8873105877236 39.14323008623916 0 0 39.14323008623916 49.52201687068206 -10.3787867844429
139.8873105877236 39.14323008623916 0 0 39.14323008623916 49.52201687068206 -10.3787867844429
139.8873105877236 39.14323008623916 0 0 39.14323008623916 49.52201687068206 -10.3787867844429
139.8873105877236 39.14323008623916 0 0 39.14323008623916 49.52201687068206 -10.3787867844429
139.8873105877236 39.14323008623916 0 0 39.14323008623916 49.52201687068206 -10.3787867844429
139.8873105877236 39.14323008623916 0 0 39.14323008623916 49.52201687068206 -10.3787867844429
139.8883899386562 39.14367106881798 0 0 39.14367106881798 49.52245785326087 -10.3787867844429
139.8983974476241 39.14263878930328 0 0 39.14263878930328 49.52142557374617 -10.3787867844429
139.8932328927529 39.14213202400492 0 0 39.14213202400492 49.52091880844782 -10.3787867844429
139.8958416211177 39.14519507456474 0 0 39.14519507456474 49.52398185900764 -10.3787867844429
139.9053600390355 39.14478149133905 0 0 39.14478149133905 49.52356827578195 -10.3787867844429
139.9053600390355 39.14478149133905 0 0 39.14478149133905 49.52356827578195 -10.3787867844429
139.9053600390355 39.14478149133905 0 0 39.14478149133905 49.52356827578195 -10.3787867844429
139.9053600390355 39.14478149133905 0 0 39.14478149133905 49.52356827578195 -10.3787867844429
139.9053600390355 39.14478149133905 0 0 39.14478149133905 49.52356827578195 -10.3787867844429
139.9053600390355 39.14478149133905 0 0 39.14478149133905 49.52356827578195 -10.3787867844429
139.9053600390355 39.14478149133905 0 0 39.14478149133905 49.52356827578195 -10.3787867844429
139.9053600390355 39.14478149133905 0 0 39.14478149133905 49.52356827578195 -10.3787867844429
139.9053600390355 39.14478149133905 0 0 39.14478149133905 49.52356827578195 -10.3787867844429
139.9053600390355 39.14478149133905 0 0 39.14478149133905 49.52356827578195 -10.3787867844429
139.8690233169297 39.1440828629467 0 0 39.1440828629467 49.52286964738961 -10.3787867844429
139.5089281961719 39.14537336362903 0 0 39.14537336362903 49.52416014807193 -10.3787867844429
139.5089281961719 39.14537336362903 0 0 39.14537336362903 49.52416014807193 -10.3787867844429
139.5112831531035 39.1465617670095 0 0 39.1465617670095 49.5253485514524 -10.3787867844429
139.5112831531035 39.1465617670095 0 0 39.1465617670095 49.5253485514524 -10.3787867844429
139.5095967288677 39.1462753485675 0 0 39.1462753485675 49.5250621330104 -10.3787867844429
139.5095967288677 39.1462753485675 0 0 39.1462753485675 49.5250621330104 -10.3787867844429
139.5095967288677 39.1462753485675 0 0 39.1462753485675 49.5250621330104 -10.3787867844429
139.8182000993546 39.14748584870947 0 0 39.14748584870947 49.52627263315236 -10.3787867844429
139.8182000993546 39.14748584870947 0 0 39.14748584870947 49.52627263315236 -10.3787867844429
139.8182000993546 39.14748584870947 0 0 39.14748584870947 49.52627263315236 -10.3787867844429
139.8182000993546 39.14748584870947 0 0 39.14748584870947 49.52627263315236 -10.3787867844429
139.8182000993546 39.14748584870947 0 0 39.14748584870947 49.52627263315236 -10.3787867844429
139.8182000993546 39.14748584870947 0 0 39.14748584870947 49.52627263315236 -10.3787867844429
139.8182000993546 39.14748584870947 0 0 39.14748584870947 49.52627263315236 -10.3787867844429
139.9000583831698 39.14661859449208 0 0 39.14661859449208 49.52540537893498 -10.3787867844429
139.9037949026194 39.14661516502022 0 0 39.14661516502022 49.52540194946312 -10.3787867844429
139.9021965038762 39.14796023186004 0 0 39.14796023186004 49.52674701630293 -10.3787867844429
139.9021965038762 39.14796023186004 0 0 39.14796023186004 49.52674701630293 -10.3787867844429
139.9021965038762 39.14796023186004 0 0 39.14796023186004 49.52674701630293 -10.3787867844429
139.8889101738438 39.14768589665701 0 0 39.14768589665701 49.52647268109991 -10.3787867844429
139.8889101738438 39.14768589665701 0 0 39.14768589665701 49.52647268109991 -10.3787867844429
139.8889101738438 39.14768589665701 0 0 39.14768589665701 49.52647268109991 -10.3787867844429
139.8889101738438 39.14768589665701 0 0 39.14768589665701 49.52647268109991 -10.3787867844429
139.8889101738438 39.14768589665701 0 0 39.14768589665701 49.52647268109991 -10.3787867844429
139.8889101738438 39.14768589665701 0 0 39.14768589665701 49.52647268109991 -10.3787867844429
139.8830431668341 39.14761512542955 0 0 39.14761512542955 49.52640190987245 -10.3787867844429
139.8819690950522 39.1475005955626 0 0 39.1475005955626 49.5262873800055 -10.3787867844429
139.8839056781529 39.14665545233468 0 0 39.14665545233468 49.52544223677759 -10.3787867844429
139.881493932436 39.1459766163687 0 0 39.1459766163687 49.5247634008116 -10.3787867844429
139.881493932436 39.1459766163687 0 0 39.1459766163687 49.5247634008116 -10.3787867844429
139.881493932436 39.1459766163687 0 0 39.1459766163687 49.5247634008116 -10.3787867844429
139.881493932436 39.1459766163687 0 0 39.1459766163687 49.5247634008116 -10.3787867844429
139.8714553017909 39.14533320411621 0 0 39.14533320411621 49.52411998855911 -10.3787867844429
139.8803016384647 39.14503370133225 0 0 39.14503370133225 49.52382048577515 -10.3787867844429
139.8803016384647 39.14503370133225 0 0 39.14503370133225 49.52382048577515 -10.3787867844429
139.8831177585763 39.14233328937314 0 0 39.14233328937314 49.52112007381604 -10.3787867844429
139.8761328213748 39.13989747527657 0 0 39.13989747527657 49.51868425971947 -10.3787867844429
139.8710328919069 39.13933178137059 0 0 39.13933178137059 49.51811856581349 -10.3787867844429
139.871617687004 39.1393273022033 0 0 39.1393273022033 49.5181140866462 -10.3787867844429
139.8672050447243 39.13918428389731 0 0 39.13918428389731 49.51797106834021 -10.3787867844429
139.8679223474748 39.13938842126929 0 0 39.13938842126929 49.51817520571218 -10.3787867844429
139.8635227904156 39.13836774455811 0 0 39.13836774455811 49.517154529001 -10.3787867844429
139.8635227904156 39.13836774455811 0 0 39.13836774455811 49.517154529001 -10.3787867844429
139.8600796108722 39.13866835068343 0 0 39.13866835068343 49.51745513512633 -10.3787867844429
139.8542468893751 39.13727922037222 0 0 39.13727922037222 49.51606600481512 -10.3787867844429
139.8542468893751 39.13727922037222 0 0 39.13727922037222 49.51606600481512 -10.3787867844429
139.8542468893751 39.13727922037222 0 0 39.13727922037222 49.51606600481512 -10.3787867844429
139.8542468893751 39.13727922037222 0 0 39.13727922037222 49.51606600481512 -10.3787867844429
139.8542468893751 39.13727922037222 0 0 39.13727922037222 49.51606600481512 -10.3787867844429
139.8542468893751 39.13727922037222 0 0 39.13727922037222 49.51606600481512 -10.3787867844429
139.8542468893751 39.13727922037222 0 0 39.13727922037222 49.51606600481512 -10.3787867844429
139.8542468893751 39.13727922037222 0 0 39.13727922037222 49.51606600481512 -10.3787867844429
139.8542468893751 39.13727922037222 0 0 39.13727922037222 49.51606600481512 -10.3787867844429
139.8542468893751 39.13727922037222 0 0 39.13727922037222 49.51606600481512 -10.3787867844429
139.7964883207044 39.13883425877182 0 0 39.13883425877182 49.51762104321472 -10.3787867844429
139.7964883207044 39.13883425877182 0 0 39.13883425877182 49.51762104321472 -10.3787867844429
139.7964883207044 39.13883425877182 0 0 39.13883425877182 49.51762104321472 -10.3787867844429
139.7072871602333 39.13945535452822 0 0 39.13945535452822 49.51824213897112 -10.3787867844429
139.7072871602333 39.13945535452822 0 0 39.13945535452822 49.51824213897112 -10.3787867844429
139.7072871602333 39.13945535452822 0 0 39.13945535452822 49.51824213897112 -10.3787867844429
139.7072871602333 39.13945535452822 0 0 39.13945535452822 49.51824213897112 -10.3787867844429
139.6993021984383 39.13821241093788 0 0 39.13821241093788 49.51699919538078 -10.3787867844429
139.7032941658456 39.13764149716647 0 0 39.13764149716647 49.51642828160937 -10.3787867844429
139.7044476240988 39.13728344929845 0 0 39.13728344929845 49.51607023374135 -10.3787867844429
139.7044476240988 39.13728344929845 0 0 39.13728344929845 49.51607023374135 -10.3787867844429
139.6701902437594 39.13869531622231 0 0 39.13869531622231 49.51748210066521 -10.3787867844429
139.6701902437594 39.13869531622231 0 0 39.13869531622231 49.51748210066521 -10.3787867844429
139.8198643811655 39.13760190150863 0 0 39.13760190150863 49.51638868595153 -10.3787867844429
139.8198643811655 39.13760190150863 0 0 39.13760190150863 49.51638868595153 -10.3787867844429
139.8198643811655 39.13760190150863 0 0 39.13760190150863 49.51638868595153 -10.3787867844429
139.8147597401303 39.13768132625378 0 0 39.13768132625378 49.51646811069668 -10.3787867844429
139.814514223513 39.13852364060581 0 0 39.13852364060581 49.51731042504871 -10.3787867844429
139.8057565768505 39.13809917244966 0 0 39.13809917244966 49.51688595689255 -10.3787867844429
139.8115985446215 39.13789446646993 0 0 39.13789446646993 49.51668125091282 -10.3787867844429
139.8153655641655 39.13885200905438 0 0 39.13885200905438 49.51763879349728 -10.3787867844429
139.8175630506194 39.13790833655558 0 0 39.13790833655558 49.51669512099848 -10.3787867844429
139.8175630506194 39.13790833655558 0 0 39.13790833655558 49.51669512099848 -10.3787867844429
139.8175630506194 39.13790833655558 0 0 39.13790833655558 49.51669512099848 -10.3787867844429
139.8175630506194 39.13790833655558 0 0 39.13790833655558 49.51669512099848 -10.3787867844429
139.8175630506194 39.13790833655558 0 0 39.13790833655558 49.51669512099848 -10.3787867844429
139.8175630506194 39.13790833655558 0 0 39.13790833655558 49.51669512099848 -10.3787867844429
139.8175630506194 39.13790833655558 0 0 39.13790833655558 49.51669512099848 -10.3787867844429
139.8175630506194 39.13790833655558 0 0 39.13790833655558 49.51669512099848 -10.3787867844429
139.8175630506194 39.13790833655558 0 0 39.13790833655558 49.51669512099848 -10.3787867844429
139.8175630506194 39.13790833655558 0 0 39.13790833655558 49.51669512099848 -10.3787867844429
139.8151628223247 39.13794420450363 0 0 39.13794420450363 49.51673098894653 -10.3787867844429
139.8168743247755 39.13729741865147 0 0 39.13729741865147 49.51608420309437 -10.3787867844429
139.8241964653925 39.13791592853492 0 0 39.13791592853492 49.51670271297782 -10.3787867844429
139.8341318104715 39.13926502736746 0 0 39.13926502736746 49.51805181181035 -10.3787867844429
139.8341318104715 39.13926502736746 0 0 39.13926502736746 49.51805181181035 -10.3787867844429
139.8396979019947 39.13977114731303 0 0 39.13977114731303 49.51855793175593 -10.3787867844429
139.8427629519358 39.14006257446032 0 0 39.14006257446032 49.51884935890321 -10.3787867844429
139.8473649256715 39.13995145858944 0 0 39.13995145858944 49.51873824303233 -10.3787867844429
139.8473649256715 39.13995145858944 0 0 39.13995145858944 49.51873824303233 -10.3787867844429
139.8562157937041 39.14087357231561 0 0 39.14087357231561 49.51966035675851 -10.3787867844429
139.8562157937041 39.14087357231561 0 0 39.14087357231561 49.51966035675851 -10.3787867844429
139.8562157937041 39.14087357231561 0 0 39.14087357231561 49.51966035675851 -10.3787867844429
139.8562157937041 39.14087357231561 0 0 39.14087357231561 49.51966035675851 -10.3787867844429
139.8562157937041 39.14087357231561 0 0 39.14087357231561 49.51966035675851 -10.3787867844429
139.8562157937041 39.14087357231561 0 0 39.14087357231561 49.51966035675851 -10.3787867844429
139.8562157937041 39.14087357231561 0 0 39.14087357231561 49.51966035675851 -10.3787867844429
139.8628103818863 39.14122653480565 0 0 39.14122653480565 49.52001331924856 -10.3787867844429
139.8628103818863 39.14122653480565 0 0 39.14122653480565 49.52001331924856 -10.3787867844429
139.8628103818863 39.14122653480565 0 0 39.14122653480565 49.52001331924856 -10.3787867844429
139.8628103818863 39.14122653480565 0 0 39.14122653480565 49.52001331924856 -10.3787867844429
139.8628103818863 39.14122653480565 0 0 39.14122653480565 49.52001331924856 -10.3787867844429
139.8628103818863 39.14122653480565 0 0 39.14122653480565 49.52001331924856 -10.3787867844429
139.8890383642416 39.13964931667886 0 0 39.13964931667886 49.51843610112176 -10.3787867844429
139.8890383642416 39.13964931667886 0 0 39.13964931667886 49.51843610112176 -10.3787867844429
139.8847867894096 39.13926627234051 0 0 39.13926627234051 49.5180530567834 -10.3787867844429
139.8847867894096 39.13926627234051 0 0 39.13926627234051 49.5180530567834 -10.3787867844429
139.8847867894096 39.13926627234051 0 0 39.13926627234051 49.5180530567834 -10.3787867844429
139.8847867894096 39.13926627234051 0 0 39.13926627234051 49.5180530567834 -10.3787867844429
139.8847867894096 39.13926627234051 0 0 39.13926627234051 49.5180530567834 -10.3787867844429
139.8847867894096 39.13926627234051 0 0 39.13926627234051 49.5180530567834 -10.3787867844429
139.8889867453897 39.13886497483864 0 0 39.13886497483864 49.51765175928153 -10.3787867844429
139.8882013628407 39.14114558069836 0 0 39.14114558069836 49.51993236514126 -10.3787867844429
139.8884800044154 39.14194290958442 0 0 39.14194290958442 49.52072969402732 -10.3787867844429
139.8884800044154 39.14194290958442 0 0 39.14194290958442 49.52072969402732 -10.3787867844429
139.9022439750281 39.14176685944436 0 0 39.14176685944436 49.52055364388725 -10.3787867844429
139.9022439750281 39.14176685944436 0 0 39.14176685944436 49.52055364388725 -10.3787867844429
139.9022439750281 39.14176685944436 0 0 39.14176685944436 49.52055364388725 -10.3787867844429
139.9022439750281 39.14176685944436 0 0 39.14176685944436 49.52055364388725 -10.3787867844429
139.9022439750281 39.14176685944436 0 0 39.14176685944436 49.52055364388725 -10.3787867844429
139.9022439750281 39.14176685944436 0 0 39.14176685944436 49.52055364388725 -10.3787867844429
139.8919708525606 39.14212183768645 0 0 39.14212183768645 49.52090862212935 -10.3787867844429
139.8919708525606 39.14212183768645 0 0 39.14212183768645 49.52090862212935 -10.3787867844429
139.8919708525606 39.14212183768645 0 0 39.14212183768645 49.52090862212935 -10.3787867844429
139.8958118817506 39.1401710880105 0 0 39.1401710880105 49.51895787245341 -10.3787867844429
139.8980891001623 39.14030776495275 0 0 39.14030776495275 49.51909454939565 -10.3787867844429
139.8980891001623 39.14030776495275 0 0 39.14030776495275 49.51909454939565 -10.3787867844429
139.8980891001623 39.14030776495275 0 0 39.14030776495275 49.51909454939565 -10.3787867844429
139.8980891001623 39.14030776495275 0 0 39.14030776495275 49.51909454939565 -10.3787867844429
139.8980891001623 39.14030776495275 0 0 39.14030776495275 49.51909454939565 -10.3787867844429
139.8980891001623 39.14030776495275 0 0 39.14030776495275 49.51909454939565 -10.3787867844429
139.8980891001623 39.14030776495275 0 0 39.14030776495275 49.51909454939565 -10.3787867844429
139.8980891001623 39.14030776495275 0 0 39.14030776495275 49.51909454939565 -10.3787867844429
139.8980891001623 39.14030776495275 0 0 39.14030776495275 49.51909454939565 -10.3787867844429
139.8980891001623 39.14030776495275 0 0 39.14030776495275 49.51909454939565 -10.3787867844429
139.8980891001623 39.14030776495275 0 0 39.14030776495275 49.51909454939565 -10.3787867844429
139.8980891001623 39.14030776495275 0 0 39.14030776495275 49.51909454939565 -10.3787867844429
139.8980891001623 39.14030776495275 0 0 39.14030776495275 49.51909454939565 -10.3787867844429
139.8980891001623 39.14030776495275 0 0 39.14030776495275 49.51909454939565 -10.3787867844429
139.8980891001623 39.14030776495275 0 0 39.14030776495275 49.51909454939565 -10.3787867844429
139.8980891001623 39.14030776495275 0 0 39.14030776495275 49.51909454939565 -10.3787867844429
139.8980891001623 39.14030776495275 0 0 39.14030776495275 49.51909454939565 -10.3787867844429
139.9033240676983 39.13901366740264 0 0 39.13901366740264 49.51780045184553 -10.3787867844429
139.9070115029789 39.13867026506583 0 0 39.13867026506583 49.51745704950873 -10.3787867844429
139.8984494554487 39.137192679485 0 0 39.137192679485 49.51597946392789 -10.3787867844429
139.9007832589001 39.13808764679686 0 0 39.13808764679686 49.51687443123976 -10.3787867844429
139.9007832589001 39.13808764679686 0 0 39.13808764679686 49.51687443123976 -10.3787867844429
139.9007832589001 39.13808764679686 0 0 39.13808764679686 49.51687443123976 -10.3787867844429
139.9007832589001 39.13808764679686 0 0 39.13808764679686 49.51687443123976 -10.3787867844429
139.9097363596399 39.13778602582687 0 0 39.13778602582687 49.51657281026977 -10.3787867844429
139.9097363596399 39.13778602582687 0 0 39.13778602582687 49.51657281026977 -10.3787867844429
139.921132597822 39.1359862125874 0 0 39.1359862125874 49.51477299703029 -10.3787867844429
139.9101067283099 39.13488337395059 0 0 39.13488337395059 49.51367015839348 -10.3787867844429
139.9101067283099 39.13488337395059 0 0 39.13488337395059 49.51367015839348 -10.3787867844429
139.902212883497 39.13583857457976 0 0 39.13583857457976 49.51462535902267 -10.3787867844429
139.902212883497 39.13583857457976 0 0 39.13583857457976 49.51462535902267 -10.3787867844429
139.902212883497 39.13583857457976 0 0 39.13583857457976 49.51462535902267 -10.3787867844429
139.902212883497 39.13583857457976 0 0 39.13583857457976 49.51462535902267 -10.3787867844429
139.902212883497 39.13583857457976 0 0 39.13583857457976 49.51462535902267 -10.3787867844429
139.8606088894866 39.13611706980461 0 0 39.13611706980461 49.51490385424751 -10.3787867844429
139.8606088894866 39.13611706980461 0 0 39.13611706980461 49.51490385424751 -10.3787867844429
139.8680882952602 39.13544756960222 0 0 39.13544756960222 49.51423435404512 -10.3787867844429
139.859067062831 39.13474591196353 0 0 39.13474591196353 49.51353269640643 -10.3787867844429
139.859067062831 39.13474591196353 0 0 39.13474591196353 49.51353269640643 -10.3787867844429
139.859067062831 39.13474591196353 0 0 39.13474591196353 49.51353269640643 -10.3787867844429
139.8527965702389 39.13347544768104 0 0 39.13347544768104 49.51226223212394 -10.3787867844429
139.8592154008619 39.13371951313155 0 0 39.13371951313155 49.51250629757445 -10.3787867844429
139.8592154008619 39.13371951313155 0 0 39.13371951313155 49.51250629757445 -10.3787867844429
139.8710230958102 39.13240705810604 0 0 39.13240705810604 49.51119384254894 -10.3787867844429
139.8839435026291 39.13327353907637 0 0 39.13327353907637 49.51206032351926 -10.3787867844429
139.8947558507282 39.1334175690655 0 0 39.1334175690655 49.5122043535084 -10.3787867844429
139.8947558507282 39.1334175690655 0 0 39.1334175690655 49.5122043535084 -10.3787867844429
139.8947558507282 39.1334175690655 0 0 39.1334175690655 49.5122043535084 -10.3787867844429
139.8947558507282 39.1334175690655 0 0 39.1334175690655 49.5122043535084 -10.3787867844429
139.9218560142612 39.13527786724805 0 0 39.13527786724805 49.51406465169095 -10.3787867844429
139.9218560142612 39.13527786724805 0 0 39.13527786724805 49.51406465169095 -10.3787867844429
139.9240104274049 39.13646862161056 0 0 39.13646862161056 49.51525540605346 -10.3787867844429
139.9026741595324 39.13670189147599 0 0 39.13670189147599 49.5154886759189 -10.3787867844429
139.897825998824 39.13690185746884 0 0 39.13690185746884 49.51568864191174 -10.3787867844429
139.907352826988 39.13517984506069 0 0 39.13517984506069 49.51396662950359 -10.3787867844429
139.907352826988 39.13517984506069 0 0 39.13517984506069 49.51396662950359 -10.3787867844429
139.907352826988 39.13517984506069 0 0 39.13517984506069 49.51396662950359 -10.3787867844429
139.907352826988 39.13517984506069 0 0 39.13517984506069 49.51396662950359 -10.3787867844429
139.907352826988 39.13517984506069 0 0 39.13517984506069 49.51396662950359 -10.3787867844429
139.907352826988 39.13517984506069 0 0 39.13517984506069 49.51396662950359 -10.3787867844429
139.8708996714335 39.13483323314199 0 0 39.13483323314199 49.51362001758488 -10.3787867844429
139.8605903684948 39.13362986235293 0 0 39.13362986235293 49.51241664679583 -10.3787867844429
139.8434083200451 39.13444011569824 0 0 39.13444011569824 49.51322690014113 -10.3787867844429
139.8426193285411 39.1325034720858 0 0 39.1325034720858 49.5112902565287 -10.3787867844429
139.843971005156 39.13347814091806 0 0 39.13347814091806 49.51226492536095 -10.3787867844429
139.8552591739385 39.13546730397726 0 0 39.13546730397726 49.51425408842017 -10.3787867844429
139.8645556623105 39.13682841112393 0 0 39.13682841112393 49.51561519556682 -10.3787867844429
139.8634321762246 39.13763107602841 0 0 39.13763107602841 49.51641786047131 -10.3787867844429
139.8790588842027 39.13887644271409 0 0 39.13887644271409 49.51766322715699 -10.3787867844429
139.8836022232517 39.13706173095736 0 0 39.13706173095736 49.51584851540026 -10.3787867844429
139.886684588509 39.13638681351588 0 0 39.13638681351588 49.51517359795879 -10.3787867844429
139.886684588509 39.13638681351588 0 0 39.13638681351588 49.51517359795879 -10.3787867844429
139.8785438678825 39.13769597038628 0 0 39.13769597038628 49.51648275482918 -10.3787867844429
139.8072381793666 39.14031541953793 0 0 39.14031541953793 49.51910220398082 -10.3787867844429
139.8072381793666 39.14031541953793 0 0 39.14031541953793 49.51910220398082 -10.3787867844429
139.7945126095838 39.13991787997098 0 0 39.13991787997098 49.51870466441387 -10.3787867844429
139.2626620149467 39.13875455019345 0 0 39.13875455019345 49.51754133463635 -10.3787867844429
139.291272950456 39.1388443861147 0 0 39.1388443861147 49.5176311705576 -10.3787867844429
139.9079684995292 39.14122150433069 0 0 39.14122150433069 49.52000828877359 -10.3787867844429
139.9079684995292 39.14122150433069 0 0 39.14122150433069 49.52000828877359 -10.3787867844429
139.8946215140954 39.14052146593444 0 0 39.14052146593444 49.51930825037734 -10.3787867844429
139.8946215140954 39.14052146593444 0 0 39.14052146593444 49.51930825037734 -10.3787867844429
139.8946215140954 39.14052146593444 0 0 39.14052146593444 49.51930825037734 -10.3787867844429
139.8946215140954 39.14052146593444 0 0 39.14052146593444 49.51930825037734 -10.3787867844429
139.8946215140954 39.14052146593444 0 0 39.14052146593444 49.51930825037734 -10.3787867844429
139.8946215140954 39.14052146593444 0 0 39.14052146593444 49.51930825037734 -10.3787867844429
139.8849558118176 39.14044888899819 0 0 39.14044888899819 49.51923567344109 -10.3787867844429
139.8939873353849 39.1398087014483 0 0 39.1398087014483 49.5185954858912 -10.3787867844429
139.9019002846023 39.14011422263947 0 0 39.14011422263947 49.51890100708236 -10.3787867844429
139.8956183854752 39.14022279819157 0 0 39.14022279819157 49.51900958263447 -10.3787867844429
139.8956183854752 39.14022279819157 0 0 39.14022279819157 49.51900958263447 -10.3787867844429
139.8956183854752 39.14022279819157 0 0 39.14022279819157 49.51900958263447 -10.3787867844429
139.9134462533247 39.13915368919423 0 0 39.13915368919423 49.51794047363713 -10.3787867844429
139.9134462533247 39.13915368919423 0 0 39.13915368919423 49.51794047363713 -10.3787867844429
139.8907052518487 39.13858297139033 0 0 39.13858297139033 49.51736975583323 -10.3787867844429
139.8907052518487 39.13858297139033 0 0 39.13858297139033 49.51736975583323 -10.3787867844429
139.8874371281001 39.13927227218983 0 0 39.13927227218983 49.51805905663273 -10.3787867844429
139.7425234924011 39.13556258979213 0 0 39.13556258979213 49.51434937423503 -10.3787867844429
139.7247979649546 39.13435624850214 0 0 39.13435624850214 49.51314303294504 -10.3787867844429
139.7200109184064 39.1338098990131 0 0 39.1338098990131 49.512596683456 -10.3787867844429
139.7191570232617 39.13246089424675 0 0 39.13246089424675 49.51124767868965 -10.3787867844429
139.7191570232617 39.13246089424675 0 0 39.13246089424675 49.51124767868965 -10.3787867844429
139.7191570232617 39.13246089424675 0 0 39.13246089424675 49.51124767868965 -10.3787867844429
139.8514852450632 39.13185152435804 0 0 39.13185152435804 49.51063830880094 -10.3787867844429
139.8514852450632 39.13185152435804 0 0 39.13185152435804 49.51063830880094 -10.3787867844429
139.8514852450632 39.13185152435804 0 0 39.13185152435804 49.51063830880094 -10.3787867844429
139.8514852450632 39.13185152435804 0 0 39.13185152435804 49.51063830880094 -10.3787867844429
139.8514852450632 39.13185152435804 0 0 39.13185152435804 49.51063830880094 -10.3787867844429
139.8514852450632 39.13185152435804 0 0 39.13185152435804 49.51063830880094 -10.3787867844429
139.8514852450632 39.13185152435804 0 0 39.13185152435804 49.51063830880094 -10.3787867844429
139.8514852450632 39.13185152435804 0 0 39.13185152435804 49.51063830880094 -10.3787867844429
139.8514852450632 39.13185152435804 0 0 39.13185152435804 49.51063830880094 -10.3787867844429
139.8516124053769 39.13208707326775 0 0 39.13208707326775 49.51087385771066 -10.3787867844429
139.8445754510312 39.13325027205488 0 0 39.13325027205488 49.51203705649778 -10.3787867844429
139.8616250124828 39.15649366754079 0 0 39.15649366754079 49.53528045198368 -10.3787867844429
139.8616250124828 39.15649366754079 0 0 39.15649366754079 49.53528045198368 -10.3787867844429
139.8616250124828 39.15649366754079 0 0 39.15649366754079 49.53528045198368 -10.3787867844429
139.8480062317209 39.15838571478621 0 0 39.15838571478621 49.53717249922911 -10.3787867844429
139.8600181545537 39.1590979417962 0 0 39.1590979417962 49.53788472623911 -10.3787867844429
139.8600181545537 39.1590979417962 0 0 39.1590979417962 49.53788472623911 -10.3787867844429
139.7744079149464 39.15865742697665 0 0 39.15865742697665 49.53744421141955 -10.3787867844429
139.7859660473645 39.15789788778247 0 0 39.15789788778247 49.53668467222536 -10.3787867844429
139.75955841543 39.1576965783496 0 0 39.1576965783496 49.5364833627925 -10.3787867844429
139.7409132606664 39.1591711942167 0 0 39.1591711942167 49.5379579786596 -10.3787867844429
139.8312217356951 39.1595735102466 0 0 39.1595735102466 49.5383602946895 -10.3787867844429
139.8312217356951 39.1595735102466 0 0 39.1595735102466 49.5383602946895 -10.3787867844429
139.8404999902375 39.16021016896245 0 0 39.16021016896245 49.53899695340534 -10.3787867844429
139.8364809069805 39.16321245633867 0 0 39.16321245633867 49.54199924078156 -10.3787867844429
139.8322267287199 39.16451127211495 0 0 39.16451127211495 49.54329805655784 -10.3787867844429
139.8347018075584 39.16415780809069 0 0 39.16415780809069 49.54294459253359 -10.3787867844429
139.8349512175723 39.16303790413426 0 0 39.16303790413426 49.54182468857716 -10.3787867844429
139.8317057229965 39.16302499248185 0 0 39.16302499248185 49.54181177692475 -10.3787867844429
139.8294570523778 39.16350379686331 0 0 39.16350379686331 49.5422905813062 -10.3787867844429
139.8236443224248 39.16299222100155 0 0 39.16299222100155 49.54177900544445 -10.3787867844429
139.8109387010827 39.16338381411842 0 0 39.16338381411842 49.54217059856132 -10.3787867844429
139.8217366717535 39.16308003917686 0 0 39.16308003917686 49.54186682361976 -10.3787867844429
139.8105214783144 39.1634495075559 0 0 39.1634495075559 49.54223629199879 -10.3787867844429
139.8005128617477 39.16345718001845 0 0 39.16345718001845 49.54224396446136 -10.3787867844429
139.8133111892866 39.16291847042224 0 0 39.16291847042224 49.54170525486514 -10.3787867844429
139.797533329107 39.16270953021076 0 0 39.16270953021076 49.54149631465366 -10.3787867844429
139.7961552100566 39.16210345994476 0 0 39.16210345994476 49.54089024438766 -10.3787867844429
139.7938729417653 39.16364785519798 0 0 39.16364785519798 49.54243463964087 -10.3787867844429
139.7223579630747 39.15911000716554 0 0 39.15911000716554 49.53789679160843 -10.3787867844429
139.7223579630747 39.15911000716554 0 0 39.15911000716554 49.53789679160843 -10.3787867844429
139.7336847562777 39.15780207594959 0 0 39.15780207594959 49.53658886039249 -10.3787867844429
139.7376909296511 39.15626445174937 0 0 39.15626445174937 49.53505123619226 -10.3787867844429
139.7376909296511 39.15626445174937 0 0 39.15626445174937 49.53505123619226 -10.3787867844429
139.7376909296511 39.15626445174937 0 0 39.15626445174937 49.53505123619226 -10.3787867844429
139.7376909296511 39.15626445174937 0 0 39.15626445174937 49.53505123619226 -10.3787867844429
139.7376909296511 39.15626445174937 0 0 39.15626445174937 49.53505123619226 -10.3787867844429
139.8077140312239 39.15489840990422 0 0 39.15489840990422 49.53368519434711 -10.3787867844429
139.8201176094097 39.15453343033955 0 0 39.15453343033955 49.53332021478246 -10.3787867844429
139.8191412280584 39.15262439381388 0 0 39.15262439381388 49.53141117825678 -10.3787867844429
139.814042132208 39.15159096533344 0 0 39.15159096533344 49.53037774977633 -10.3787867844429
139.8008246372997 39.15223200881555 0 0 39.15223200881555 49.53101879325844 -10.3787867844429
139.8008246372997 39.15223200881555 0 0 39.15223200881555 49.53101879325844 -10.3787867844429
139.8000280694002 39.15265242178261 0 0 39.15265242178261 49.53143920622551 -10.3787867844429
139.8060763347715 39.15286565277538 0 0 39.15286565277538 49.53165243721827 -10.3787867844429
139.8060763347715 39.15286565277538 0 0 39.15286565277538 49.53165243721827 -10.3787867844429
139.8140065335411 39.15362009822688 0 0 39.15362009822688 49.53240688266978 -10.3787867844429
139.8153137855855 39.15313102515691 0 0 39.15313102515691 49.5319178095998 -10.3787867844429
