totalLogLikelihoodDensity totalLogPriorDensity H1NoiseLogPriorDensity L1NoiseLogPriorDensity gwLogPriorDensity gwExtrinsicLogPriorDensityTracker gwCbcLogPriorDensityTracker
130.2951541344552 43.07938221341739 0 0 43.07938221341739 53.45816899786029 -10.3787867844429
130.2951541344552 43.07938221341739 0 0 43.07938221341739 53.45816899786029 -10.3787867844429
130.2951541344552 43.07938221341739 0 0 43.07938221341739 53.45816899786029 -10.3787867844429
130.2951541344552 43.07938221341739 0 0 43.07938221341739 53.45816899786029 -10.3787867844429
130.2951541344552 43.07938221341739 0 0 43.07938221341739 53.45816899786029 -10.3787867844429
130.2951541344552 43.07938221341739 0 0 43.07938221341739 53.45816899786029 -10.3787867844429
135.3864782300389 43.09792993662732 0 0 43.09792993662732 53.47671672107022 -10.3787867844429
135.3864782300389 43.09792993662732 0 0 43.09792993662732 53.47671672107022 -10.3787867844429
135.3864782300389 43.09792993662732 0 0 43.09792993662732 53.47671672107022 -10.3787867844429
135.3864782300389 43.09792993662732 0 0 43.09792993662732 53.47671672107022 -10.3787867844429
135.3864782300389 43.09792993662732 0 0 43.09792993662732 53.47671672107022 -10.3787867844429
135.3864782300389 43.09792993662732 0 0 43.09792993662732 53.47671672107022 -10.3787867844429
135.3547383111645 43.09187697061415 0 0 43.09187697061415 53.47066375505705 -10.3787867844429
135.0668310748921 43.12323675109461 0 0 43.12323675109461 53.5020235355375 -10.3787867844429
134.8913101630173 43.13328262909813 0 0 43.13328262909813 53.51206941354103 -10.3787867844429
134.7363106982795 43.16311800627905 0 0 43.16311800627905 53.54190479072194 -10.3787867844429
134.762225828665 43.13050485000633 0 0 43.13050485000633 53.50929163444923 -10.3787867844429
134.4760137178843 43.16266771474297 0 0 43.16266771474297 53.54145449918587 -10.3787867844429
134.8685325436343 43.17683523873791 0 0 43.17683523873791 53.55562202318081 -10.3787867844429
135.0729698184781 43.13877272926557 0 0 43.13877272926557 53.51755951370847 -10.3787867844429
135.0401767064638 43.10927430667883 0 0 43.10927430667883 53.48806109112173 -10.3787867844429
135.0401767064638 43.10927430667883 0 0 43.10927430667883 53.48806109112173 -10.3787867844429
135.0401767064638 43.10927430667883 0 0 43.10927430667883 53.48806109112173 -10.3787867844429
135.6687755573477 43.13662907865698 0 0 43.13662907865698 53.51541586309988 -10.3787867844429
135.7643146573964 43.12684078674744 0 0 43.12684078674744 53.50562757119033 -10.3787867844429
135.7643146573964 43.12684078674744 0 0 43.12684078674744 53.50562757119033 -10.3787867844429
135.7643146573964 43.12684078674744 0 0 43.12684078674744 53.50562757119033 -10.3787867844429
135.7345325259732 43.11661347520477 0 0 43.11661347520477 53.49540025964767 -10.3787867844429
135.7345325259732 43.11661347520477 0 0 43.11661347520477 53.49540025964767 -10.3787867844429
135.7988360436587 43.11543527508321 0 0 43.11543527508321 53.49422205952612 -10.3787867844429
135.7093303782119 43.1349792368715 0 0 43.1349792368715 53.5137660213144 -10.3787867844429
135.7093303782119 43.1349792368715 0 0 43.1349792368715 53.5137660213144 -10.3787867844429
135.7093303782119 43.1349792368715 0 0 43.1349792368715 53.5137660213144 -10.3787867844429
135.5028648897328 43.15272428681274 0 0 43.15272428681274 53.53151107125564 -10.3787867844429
135.5028648897328 43.15272428681274 0 0 43.15272428681274 53.53151107125564 -10.3787867844429
135.4864227926011 43.16516080576785 0 0 43.16516080576785 53.54394759021076 -10.3787867844429
135.4394840924436 43.15155154986661 0 0 43.15155154986661 53.53033833430951 -10.3787867844429
135.4394840924436 43.15155154986661 0 0 43.15155154986661 53.53033833430951 -10.3787867844429
135.502335627783 43.14971378013186 0 0 43.14971378013186 53.52850056457476 -10.3787867844429
135.66189711006 43.14932192470145 0 0 43.14932192470145 53.52810870914435 -10.3787867844429
135.66189711006 43.14932192470145 0 0 43.14932192470145 53.52810870914435 -10.3787867844429
135.66189711006 43.14932192470145 0 0 43.14932192470145 53.52810870914435 -10.3787867844429
135.6795743625823 43.13426769256382 0 0 43.13426769256382 53.51305447700672 -10.3787867844429
135.6942873001441 43.11702245427693 0 0 43.11702245427693 53.49580923871983 -10.3787867844429
135.6442935400986 43.10794044685041 0 0 43.10794044685041 53.4867272312933 -10.3787867844429
135.8407421672653 43.09488051150495 0 0 43.09488051150495 53.47366729594786 -10.3787867844429
135.8043364531133 43.09466195064411 0 0 43.09466195064411 53.473448735087 -10.3787867844429
136.0720322025247 43.13286969514036 0 0 43.13286969514036 53.51165647958326 -10.3787867844429
136.1094960355018 43.11947905646082 0 0 43.11947905646082 53.49826584090371 -10.3787867844429
136.1292312296069 43.12248270641206 0 0 43.12248270641206 53.50126949085496 -10.3787867844429
136.304542958805 43.1013197664297 0 0 43.1013197664297 53.4801065508726 -10.3787867844429
136.304542958805 43.1013197664297 0 0 43.1013197664297 53.4801065508726 -10.3787867844429
136.1281656183708 43.1003645211329 0 0 43.1003645211329 53.4791513055758 -10.3787867844429
136.2758212523686 43.09629987954594 0 0 43.09629987954594 53.47508666398884 -10.3787867844429
136.3001832771683 43.08965885452885 0 0 43.08965885452885 53.46844563897175 -10.3787867844429
136.2539852057666 43.08258224576312 0 0 43.08258224576312 53.46136903020601 -10.3787867844429
136.2771526120745 43.05450289168738 0 0 43.05450289168738 53.43328967613028 -10.3787867844429
136.1573192436056 43.0409533958783 0 0 43.0409533958783 53.41974018032121 -10.3787867844429
136.1088401854127 43.03623158920402 0 0 43.03623158920402 53.41501837364692 -10.3787867844429
136.011260900729 43.04839459240223 0 0 43.04839459240223 53.42718137684513 -10.3787867844429
136.011260900729 43.04839459240223 0 0 43.04839459240223 53.42718137684513 -10.3787867844429
135.9728183401665 43.04245484452861 0 0 43.04245484452861 53.4212416289715 -10.3787867844429
135.9849359573452 43.05484583656603 0 0 43.05484583656603 53.43363262100893 -10.3787867844429
136.2346062013384 43.09711711621668 0 0 43.09711711621668 53.47590390065957 -10.3787867844429
136.4811537431462 43.11571363606075 0 0 43.11571363606075 53.49450042050365 -10.3787867844429
136.4427273642703 43.12603361137212 0 0 43.12603361137212 53.50482039581502 -10.3787867844429
136.4427273642703 43.12603361137212 0 0 43.12603361137212 53.50482039581502 -10.3787867844429
136.4427273642703 43.12603361137212 0 0 43.12603361137212 53.50482039581502 -10.3787867844429
136.4427273642703 43.12603361137212 0 0 43.12603361137212 53.50482039581502 -10.3787867844429
136.4427273642703 43.12603361137212 0 0 43.12603361137212 53.50482039581502 -10.3787867844429
136.4427273642703 43.12603361137212 0 0 43.12603361137212 53.50482039581502 -10.3787867844429
136.4489039024623 43.11971423907147 0 0 43.11971423907147 53.49850102351437 -10.3787867844429
136.4301090351061 43.12218581089805 0 0 43.12218581089805 53.50097259534094 -10.3787867844429
136.386169497923 43.11303452013929 0 0 43.11303452013929 53.4918213045822 -10.3787867844429
136.2948634959279 43.07200618139193 0 0 43.07200618139193 53.45079296583482 -10.3787867844429
136.297890232353 43.04208966400537 0 0 43.04208966400537 53.42087644844828 -10.3787867844429
136.297890232353 43.04208966400537 0 0 43.04208966400537 53.42087644844828 -10.3787867844429
136.297890232353 43.04208966400537 0 0 43.04208966400537 53.42087644844828 -10.3787867844429
135.5589170360385 42.98120994972878 0 0 42.98120994972878 53.35999673417168 -10.3787867844429
135.5589170360385 42.98120994972878 0 0 42.98120994972878 53.35999673417168 -10.3787867844429
135.5589170360385 42.98120994972878 0 0 42.98120994972878 53.35999673417168 -10.3787867844429
135.7101718100411 42.97337956199355 0 0 42.97337956199355 53.35216634643646 -10.3787867844429
136.0845898539362 42.95270937178354 0 0 42.95270937178354 53.33149615622644 -10.3787867844429
136.1693318958741 42.95054510137503 0 0 42.95054510137503 53.32933188581793 -10.3787867844429
136.1693318958741 42.95054510137503 0 0 42.95054510137503 53.32933188581793 -10.3787867844429
136.0634265963113 42.93705170710935 0 0 42.93705170710935 53.31583849155224 -10.3787867844429
136.0634265963113 42.93705170710935 0 0 42.93705170710935 53.31583849155224 -10.3787867844429
136.0634265963113 42.93705170710935 0 0 42.93705170710935 53.31583849155224 -10.3787867844429
136.0634265963113 42.93705170710935 0 0 42.93705170710935 53.31583849155224 -10.3787867844429
136.0634265963113 42.93705170710935 0 0 42.93705170710935 53.31583849155224 -10.3787867844429
136.0634265963113 42.93705170710935 0 0 42.93705170710935 53.31583849155224 -10.3787867844429
136.0634265963113 42.93705170710935 0 0 42.93705170710935 53.31583849155224 -10.3787867844429
136.0634265963113 42.93705170710935 0 0 42.93705170710935 53.31583849155224 -10.3787867844429
136.0634265963113 42.93705170710935 0 0 42.93705170710935 53.31583849155224 -10.3787867844429
136.0634265963113 42.93705170710935 0 0 42.93705170710935 53.31583849155224 -10.3787867844429
136.0634265963113 42.93705170710935 0 0 42.93705170710935 53.31583849155224 -10.3787867844429
136.0634265963113 42.93705170710935 0 0 42.93705170710935 53.31583849155224 -10.3787867844429
136.0634265963113 42.93705170710935 0 0 42.93705170710935 53.31583849155224 -10.3787867844429
136.0634265963113 42.93705170710935 0 0 42.93705170710935 53.31583849155224 -10.3787867844429
136.0634265963113 42.93705170710935 0 0 42.93705170710935 53.31583849155224 -10.3787867844429
136.0634265963113 42.93705170710935 0 0 42.93705170710935 53.31583849155224 -10.3787867844429
136.0634265963113 42.93705170710935 0 0 42.93705170710935 53.31583849155224 -10.3787867844429
136.0634265963113 42.93705170710935 0 0 42.93705170710935 53.31583849155224 -10.3787867844429
136.0634265963113 42.93705170710935 0 0 42.93705170710935 53.31583849155224 -10.3787867844429
136.2320091739259 42.95353104875949 0 0 42.95353104875949 53.33231783320239 -10.3787867844429
136.2320091739259 42.95353104875949 0 0 42.95353104875949 53.33231783320239 -10.3787867844429
136.1485778628341 42.97912238135297 0 0 42.97912238135297 53.35790916579587 -10.3787867844429
136.0060783019528 42.98136832949508 0 0 42.98136832949508 53.36015511393798 -10.3787867844429
136.0060783019528 42.98136832949508 0 0 42.98136832949508 53.36015511393798 -10.3787867844429
136.0060783019528 42.98136832949508 0 0 42.98136832949508 53.36015511393798 -10.3787867844429
136.0060783019528 42.98136832949508 0 0 42.98136832949508 53.36015511393798 -10.3787867844429
135.9197361646095 43.00399341029198 0 0 43.00399341029198 53.38278019473488 -10.3787867844429
135.9164502036116 42.93397217253874 0 0 42.93397217253874 53.31275895698165 -10.3787867844429
135.9803924678217 42.95031367381681 0 0 42.95031367381681 53.32910045825971 -10.3787867844429
136.1147503459067 42.91451074380146 0 0 42.91451074380146 53.29329752824436 -10.3787867844429
135.8245520499336 42.90449977420414 0 0 42.90449977420414 53.28328655864703 -10.3787867844429
135.8245520499336 42.90449977420414 0 0 42.90449977420414 53.28328655864703 -10.3787867844429
135.8249166909146 42.89199558610983 0 0 42.89199558610983 53.27078237055272 -10.3787867844429
135.8249166909146 42.89199558610983 0 0 42.89199558610983 53.27078237055272 -10.3787867844429
135.8249166909146 42.89199558610983 0 0 42.89199558610983 53.27078237055272 -10.3787867844429
135.8249166909146 42.89199558610983 0 0 42.89199558610983 53.27078237055272 -10.3787867844429
135.8845889627031 42.88286946787012 0 0 42.88286946787012 53.26165625231302 -10.3787867844429
135.8845889627031 42.88286946787012 0 0 42.88286946787012 53.26165625231302 -10.3787867844429
136.2938918142654 42.90255193900936 0 0 42.90255193900936 53.28133872345225 -10.3787867844429
136.5059652782427 42.95040149394733 0 0 42.95040149394733 53.32918827839023 -10.3787867844429
136.7830786825578 42.93723003818864 0 0 42.93723003818864 53.31601682263154 -10.3787867844429
136.7830786825578 42.93723003818864 0 0 42.93723003818864 53.31601682263154 -10.3787867844429
136.7830786825578 42.93723003818864 0 0 42.93723003818864 53.31601682263154 -10.3787867844429
136.7830786825578 42.93723003818864 0 0 42.93723003818864 53.31601682263154 -10.3787867844429
136.7830786825578 42.93723003818864 0 0 42.93723003818864 53.31601682263154 -10.3787867844429
136.7830786825578 42.93723003818864 0 0 42.93723003818864 53.31601682263154 -10.3787867844429
136.7830786825578 42.93723003818864 0 0 42.93723003818864 53.31601682263154 -10.3787867844429
136.7830786825578 42.93723003818864 0 0 42.93723003818864 53.31601682263154 -10.3787867844429
136.7830786825578 42.93723003818864 0 0 42.93723003818864 53.31601682263154 -10.3787867844429
135.9439062902044 43.04857292348153 0 0 43.04857292348153 53.42735970792443 -10.3787867844429
135.9439062902044 43.04857292348153 0 0 43.04857292348153 53.42735970792443 -10.3787867844429
135.9439062902044 43.04857292348153 0 0 43.04857292348153 53.42735970792443 -10.3787867844429
135.9439062902044 43.04857292348153 0 0 43.04857292348153 53.42735970792443 -10.3787867844429
135.9439062902044 43.04857292348153 0 0 43.04857292348153 53.42735970792443 -10.3787867844429
135.9439062902044 43.04857292348153 0 0 43.04857292348153 53.42735970792443 -10.3787867844429
135.9439062902044 43.04857292348153 0 0 43.04857292348153 53.42735970792443 -10.3787867844429
135.8112752464651 43.05365385975274 0 0 43.05365385975274 53.43244064419564 -10.3787867844429
135.5361589629613 43.06709802051019 0 0 43.06709802051019 53.44588480495308 -10.3787867844429
135.5361589629613 43.06709802051019 0 0 43.06709802051019 53.44588480495308 -10.3787867844429
135.8685994943705 43.09401803940796 0 0 43.09401803940796 53.47280482385086 -10.3787867844429
135.9460181802592 43.12209516951245 0 0 43.12209516951245 53.50088195395535 -10.3787867844429
136.175724422892 43.0918391221813 0 0 43.0918391221813 53.4706259066242 -10.3787867844429
136.2147421341646 43.07060428656386 0 0 43.07060428656386 53.44939107100677 -10.3787867844429
136.2697064448927 43.10031721669556 0 0 43.10031721669556 53.47910400113846 -10.3787867844429
136.1747434756885 43.10508044911693 0 0 43.10508044911693 53.48386723355983 -10.3787867844429
136.2489282446003 43.08946142406717 0 0 43.08946142406717 53.46824820851007 -10.3787867844429
136.1700333385596 43.08129022989081 0 0 43.08129022989081 53.46007701433371 -10.3787867844429
136.2387203041144 43.04303216183038 0 0 43.04303216183038 53.42181894627328 -10.3787867844429
136.2925803930173 43.04801184729165 0 0 43.04801184729165 53.42679863173454 -10.3787867844429
136.2925803930173 43.04801184729165 0 0 43.04801184729165 53.42679863173454 -10.3787867844429
135.6103372767318 43.10233319110931 0 0 43.10233319110931 53.4811199755522 -10.3787867844429
135.9090493858067 43.13422133954121 0 0 43.13422133954121 53.51300812398411 -10.3787867844429
135.9299948511403 43.11246774254073 0 0 43.11246774254073 53.49125452698363 -10.3787867844429
135.7908740571071 43.12195958613388 0 0 43.12195958613388 53.50074637057678 -10.3787867844429
135.8436717833673 43.08776521272539 0 0 43.08776521272539 53.46655199716829 -10.3787867844429
135.8502054963203 43.0622992773707 0 0 43.0622992773707 53.4410860618136 -10.3787867844429
135.841088489962 43.07374452465022 0 0 43.07374452465022 53.45253130909312 -10.3787867844429
135.9276021771665 43.09318771927558 0 0 43.09318771927558 53.47197450371847 -10.3787867844429
135.9011730593386 43.07442653033179 0 0 43.07442653033179 53.45321331477469 -10.3787867844429
135.9583727121579 43.07370882179464 0 0 43.07370882179464 53.45249560623754 -10.3787867844429
135.8750378517342 43.11761428255072 0 0 43.11761428255072 53.49640106699361 -10.3787867844429
135.8750378517342 43.11761428255072 0 0 43.11761428255072 53.49640106699361 -10.3787867844429
135.8750378517342 43.11761428255072 0 0 43.11761428255072 53.49640106699361 -10.3787867844429
135.8750378517342 43.11761428255072 0 0 43.11761428255072 53.49640106699361 -10.3787867844429
135.8984321071753 43.10848979210297 0 0 43.10848979210297 53.48727657654587 -10.3787867844429
135.9078626060263 43.11027793382289 0 0 43.11027793382289 53.48906471826578 -10.3787867844429
135.9078626060263 43.11027793382289 0 0 43.11027793382289 53.48906471826578 -10.3787867844429
135.9078626060263 43.11027793382289 0 0 43.11027793382289 53.48906471826578 -10.3787867844429
135.9078626060263 43.11027793382289 0 0 43.11027793382289 53.48906471826578 -10.3787867844429
135.9078626060263 43.11027793382289 0 0 43.11027793382289 53.48906471826578 -10.3787867844429
135.9078626060263 43.11027793382289 0 0 43.11027793382289 53.48906471826578 -10.3787867844429
135.7115201073786 43.10128765471367 0 0 43.10128765471367 53.48007443915657 -10.3787867844429
135.7586071701282 43.11374403302167 0 0 43.11374403302167 53.49253081746458 -10.3787867844429
135.7796020595734 43.09948085781029 0 0 43.09948085781029 53.47826764225319 -10.3787867844429
135.6914961388426 43.09600933160581 0 0 43.09600933160581 53.47479611604872 -10.3787867844429
135.6608428852308 43.1118480224289 0 0 43.1118480224289 53.4906348068718 -10.3787867844429
135.6608428852308 43.1118480224289 0 0 43.1118480224289 53.4906348068718 -10.3787867844429
135.4128039372766 43.06544634003727 0 0 43.06544634003727 53.44423312448016 -10.3787867844429
135.4128039372766 43.06544634003727 0 0 43.06544634003727 53.44423312448016 -10.3787867844429
135.4128039372766 43.06544634003727 0 0 43.06544634003727 53.44423312448016 -10.3787867844429
135.4128039372766 43.06544634003727 0 0 43.06544634003727 53.44423312448016 -10.3787867844429
135.4128039372766 43.06544634003727 0 0 43.06544634003727 53.44423312448016 -10.3787867844429
135.4128039372766 43.06544634003727 0 0 43.06544634003727 53.44423312448016 -10.3787867844429
134.918997506728 43.07867428326901 0 0 43.07867428326901 53.4574610677119 -10.3787867844429
134.918997506728 43.07867428326901 0 0 43.07867428326901 53.4574610677119 -10.3787867844429
134.918997506728 43.07867428326901 0 0 43.07867428326901 53.4574610677119 -10.3787867844429
134.7627982180623 43.06542619461898 0 0 43.06542619461898 53.44421297906188 -10.3787867844429
134.7627982180623 43.06542619461898 0 0 43.06542619461898 53.44421297906188 -10.3787867844429
134.7627982180623 43.06542619461898 0 0 43.06542619461898 53.44421297906188 -10.3787867844429
134.7627982180623 43.06542619461898 0 0 43.06542619461898 53.44421297906188 -10.3787867844429
134.7627982180623 43.06542619461898 0 0 43.06542619461898 53.44421297906188 -10.3787867844429
134.9950871273199 43.05072321074388 0 0 43.05072321074388 53.42950999518678 -10.3787867844429
134.940976653752 43.03990790772211 0 0 43.03990790772211 53.418694692165 -10.3787867844429
134.9636059827143 43.01563868914538 0 0 43.01563868914538 53.39442547358828 -10.3787867844429
135.2109464184337 42.99478225285691 0 0 42.99478225285691 53.37356903729981 -10.3787867844429
135.1129193275598 43.00545594433032 0 0 43.00545594433032 53.38424272877322 -10.3787867844429
135.1129193275598 43.00545594433032 0 0 43.00545594433032 53.38424272877322 -10.3787867844429
134.9448095298277 42.90880059316885 0 0 42.90880059316885 53.28758737761174 -10.3787867844429
134.9448095298277 42.90880059316885 0 0 42.90880059316885 53.28758737761174 -10.3787867844429
134.9448095298277 42.90880059316885 0 0 42.90880059316885 53.28758737761174 -10.3787867844429
134.9448095298277 42.90880059316885 0 0 42.90880059316885 53.28758737761174 -10.3787867844429
134.9448095298277 42.90880059316885 0 0 42.90880059316885 53.28758737761174 -10.3787867844429
135.202059575456 42.92808662624125 0 0 42.92808662624125 53.30687341068415 -10.3787867844429
135.5792936921943 43.08972780714434 0 0 43.08972780714434 53.46851459158724 -10.3787867844429
135.463172699382 43.07160586890255 0 0 43.07160586890255 53.45039265334545 -10.3787867844429
135.4526481051394 43.06870752848559 0 0 43.06870752848559 53.44749431292849 -10.3787867844429
135.2692220360658 43.08032866701369 0 0 43.08032866701369 53.45911545145659 -10.3787867844429
134.406594863447 43.04773759701133 0 0 43.04773759701133 53.42652438145424 -10.3787867844429
134.406594863447 43.04773759701133 0 0 43.04773759701133 53.42652438145424 -10.3787867844429
134.66436241646 43.067663894796 0 0 43.067663894796 53.44645067923889 -10.3787867844429
134.1551291102806 43.07069864931759 0 0 43.07069864931759 53.44948543376049 -10.3787867844429
134.1551291102806 43.07069864931759 0 0 43.07069864931759 53.44948543376049 -10.3787867844429
135.340634616007 43.08062949368767 0 0 43.08062949368767 53.45941627813056 -10.3787867844429
135.4313023623345 43.07356887192189 0 0 43.07356887192189 53.45235565636479 -10.3787867844429
135.6548753398297 43.0714120309768 0 0 43.0714120309768 53.4501988154197 -10.3787867844429
135.9165443598471 43.07545594625972 0 0 43.07545594625972 53.45424273070262 -10.3787867844429
135.9165443598471 43.07545594625972 0 0 43.07545594625972 53.45424273070262 -10.3787867844429
135.9165443598471 43.07545594625972 0 0 43.07545594625972 53.45424273070262 -10.3787867844429
135.9165443598471 43.07545594625972 0 0 43.07545594625972 53.45424273070262 -10.3787867844429
136.0798462210781 43.11518886521259 0 0 43.11518886521259 53.49397564965548 -10.3787867844429
136.0798462210781 43.11518886521259 0 0 43.11518886521259 53.49397564965548 -10.3787867844429
136.0798462210781 43.11518886521259 0 0 43.11518886521259 53.49397564965548 -10.3787867844429
136.1679379377528 43.12894835184679 0 0 43.12894835184679 53.50773513628969 -10.3787867844429
136.3774687910611 43.13028047009018 0 0 43.13028047009018 53.50906725453309 -10.3787867844429
136.3774687910611 43.13028047009018 0 0 43.13028047009018 53.50906725453309 -10.3787867844429
136.4409756763356 43.12535252437182 0 0 43.12535252437182 53.50413930881471 -10.3787867844429
136.4317136693318 43.10233242731894 0 0 43.10233242731894 53.48111921176184 -10.3787867844429
136.3348547480643 43.11046805318836 0 0 43.11046805318836 53.48925483763125 -10.3787867844429
136.218401239017 43.12029507405992 0 0 43.12029507405992 53.49908185850282 -10.3787867844429
136.3706348492481 43.11439560826749 0 0 43.11439560826749 53.49318239271038 -10.3787867844429
136.3706348492481 43.11439560826749 0 0 43.11439560826749 53.49318239271038 -10.3787867844429
136.3706348492481 43.11439560826749 0 0 43.11439560826749 53.49318239271038 -10.3787867844429
136.3706348492481 43.11439560826749 0 0 43.11439560826749 53.49318239271038 -10.3787867844429
136.3706348492481 43.11439560826749 0 0 43.11439560826749 53.49318239271038 -10.3787867844429
136.3706348492481 43.11439560826749 0 0 43.11439560826749 53.49318239271038 -10.3787867844429
136.3706348492481 43.11439560826749 0 0 43.11439560826749 53.49318239271038 -10.3787867844429
136.0671536722765 43.10168947331557 0 0 43.10168947331557 53.48047625775847 -10.3787867844429
136.1671141252489 43.120380618204 0 0 43.120380618204 53.4991674026469 -10.3787867844429
136.0052857847485 43.11553644318295 0 0 43.11553644318295 53.49432322762584 -10.3787867844429
136.0052857847485 43.11553644318295 0 0 43.11553644318295 53.49432322762584 -10.3787867844429
136.0052857847485 43.11553644318295 0 0 43.11553644318295 53.49432322762584 -10.3787867844429
136.0108065467126 43.12586821182298 0 0 43.12586821182298 53.50465499626588 -10.3787867844429
135.7811175489428 43.10484586605193 0 0 43.10484586605193 53.48363265049483 -10.3787867844429
136.1858804447141 43.11189802057449 0 0 43.11189802057449 53.49068480501739 -10.3787867844429
136.1966397473675 43.12854458379026 0 0 43.12854458379026 53.50733136823316 -10.3787867844429
136.1817498063921 43.14062795064567 0 0 43.14062795064567 53.51941473508857 -10.3787867844429
136.1817498063921 43.14062795064567 0 0 43.14062795064567 53.51941473508857 -10.3787867844429
136.1817498063921 43.14062795064567 0 0 43.14062795064567 53.51941473508857 -10.3787867844429
136.1817498063921 43.14062795064567 0 0 43.14062795064567 53.51941473508857 -10.3787867844429
136.1817498063921 43.14062795064567 0 0 43.14062795064567 53.51941473508857 -10.3787867844429
136.1817498063921 43.14062795064567 0 0 43.14062795064567 53.51941473508857 -10.3787867844429
136.1817498063921 43.14062795064567 0 0 43.14062795064567 53.51941473508857 -10.3787867844429
136.1817498063921 43.14062795064567 0 0 43.14062795064567 53.51941473508857 -10.3787867844429
136.1817498063921 43.14062795064567 0 0 43.14062795064567 53.51941473508857 -10.3787867844429
136.1817498063921 43.14062795064567 0 0 43.14062795064567 53.51941473508857 -10.3787867844429
136.0835637421548 43.17787047967579 0 0 43.17787047967579 53.55665726411868 -10.3787867844429
136.0835637421548 43.17787047967579 0 0 43.17787047967579 53.55665726411868 -10.3787867844429
136.0835637421548 43.17787047967579 0 0 43.17787047967579 53.55665726411868 -10.3787867844429
136.0686208124171 43.10742077615484 0 0 43.10742077615484 53.48620756059773 -10.3787867844429
135.9846349960055 43.09791529518169 0 0 43.09791529518169 53.47670207962459 -10.3787867844429
136.028326733895 43.10755304363619 0 0 43.10755304363619 53.48633982807909 -10.3787867844429
135.8906724420955 43.12776080306503 0 0 43.12776080306503 53.50654758750792 -10.3787867844429
135.9782155385633 43.14352746800664 0 0 43.14352746800664 53.52231425244954 -10.3787867844429
135.9782155385633 43.14352746800664 0 0 43.14352746800664 53.52231425244954 -10.3787867844429
135.9501351379826 43.16118354747394 0 0 43.16118354747394 53.53997033191684 -10.3787867844429
135.9501351379826 43.16118354747394 0 0 43.16118354747394 53.53997033191684 -10.3787867844429
135.9501351379826 43.16118354747394 0 0 43.16118354747394 53.53997033191684 -10.3787867844429
135.9022048905476 43.12182560193719 0 0 43.12182560193719 53.50061238638008 -10.3787867844429
136.0404452549775 43.15449216841151 0 0 43.15449216841151 53.5332789528544 -10.3787867844429
136.0515673988033 43.14116777336521 0 0 43.14116777336521 53.51995455780811 -10.3787867844429
136.0473593006749 43.14623897538654 0 0 43.14623897538654 53.52502575982943 -10.3787867844429
136.0473593006749 43.14623897538654 0 0 43.14623897538654 53.52502575982943 -10.3787867844429
136.6072073626499 43.17362549268907 0 0 43.17362549268907 53.55241227713196 -10.3787867844429
136.6072073626499 43.17362549268907 0 0 43.17362549268907 53.55241227713196 -10.3787867844429
136.6072073626499 43.17362549268907 0 0 43.17362549268907 53.55241227713196 -10.3787867844429
136.6072073626499 43.17362549268907 0 0 43.17362549268907 53.55241227713196 -10.3787867844429
136.4637509571594 43.18426719257228 0 0 43.18426719257228 53.56305397701518 -10.3787867844429
136.4637509571594 43.18426719257228 0 0 43.18426719257228 53.56305397701518 -10.3787867844429
136.4415268647999 43.18880032096173 0 0 43.18880032096173 53.56758710540463 -10.3787867844429
136.3646368214922 43.20276396877206 0 0 43.20276396877206 53.58155075321496 -10.3787867844429
136.4516995927916 43.17817512577757 0 0 43.17817512577757 53.55696191022047 -10.3787867844429
136.4402164484951 43.19552882302416 0 0 43.19552882302416 53.57431560746706 -10.3787867844429
136.3615448914415 43.19750110781116 0 0 43.19750110781116 53.57628789225406 -10.3787867844429
136.3197079785467 43.15479640747584 0 0 43.15479640747584 53.53358319191874 -10.3787867844429
136.2546584845016 43.15689336986541 0 0 43.15689336986541 53.53568015430831 -10.3787867844429
136.1597559922468 43.14941888448891 0 0 43.14941888448891 53.52820566893181 -10.3787867844429
136.1597559922468 43.14941888448891 0 0 43.14941888448891 53.52820566893181 -10.3787867844429
136.1597559922468 43.14941888448891 0 0 43.14941888448891 53.52820566893181 -10.3787867844429
135.954817194106 43.06508563846421 0 0 43.06508563846421 53.44387242290711 -10.3787867844429
135.8755035680302 43.0782565536328 0 0 43.0782565536328 53.45704333807569 -10.3787867844429
135.8663372708738 43.06524917430517 0 0 43.06524917430517 53.44403595874807 -10.3787867844429
135.8627025057935 43.0929738693746 0 0 43.0929738693746 53.4717606538175 -10.3787867844429
135.6543789357459 43.06267670458627 0 0 43.06267670458627 53.44146348902916 -10.3787867844429
135.5955842745219 43.07610328536566 0 0 43.07610328536566 53.45489006980856 -10.3787867844429
135.6421157045552 43.08683857229023 0 0 43.08683857229023 53.46562535673313 -10.3787867844429
135.6421157045552 43.08683857229023 0 0 43.08683857229023 53.46562535673313 -10.3787867844429
135.6421157045552 43.08683857229023 0 0 43.08683857229023 53.46562535673313 -10.3787867844429
135.6421157045552 43.08683857229023 0 0 43.08683857229023 53.46562535673313 -10.3787867844429
135.6421157045552 43.08683857229023 0 0 43.08683857229023 53.46562535673313 -10.3787867844429
135.6421157045552 43.08683857229023 0 0 43.08683857229023 53.46562535673313 -10.3787867844429
135.6421157045552 43.08683857229023 0 0 43.08683857229023 53.46562535673313 -10.3787867844429
135.327402396727 42.78773494241469 0 0 42.78773494241469 53.16652172685759 -10.3787867844429
135.327402396727 42.78773494241469 0 0 42.78773494241469 53.16652172685759 -10.3787867844429
135.327402396727 42.78773494241469 0 0 42.78773494241469 53.16652172685759 -10.3787867844429
135.327402396727 42.78773494241469 0 0 42.78773494241469 53.16652172685759 -10.3787867844429
135.327402396727 42.78773494241469 0 0 42.78773494241469 53.16652172685759 -10.3787867844429
135.327402396727 42.78773494241469 0 0 42.78773494241469 53.16652172685759 -10.3787867844429
136.0221597220789 42.8115216687435 0 0 42.8115216687435 53.1903084531864 -10.3787867844429
136.0221597220789 42.8115216687435 0 0 42.8115216687435 53.1903084531864 -10.3787867844429
136.0221597220789 42.8115216687435 0 0 42.8115216687435 53.1903084531864 -10.3787867844429
136.0221597220789 42.8115216687435 0 0 42.8115216687435 53.1903084531864 -10.3787867844429
134.1924401537846 42.90969121517284 0 0 42.90969121517284 53.28847799961574 -10.3787867844429
134.3148299741465 42.95059063098522 0 0 42.95059063098522 53.32937741542811 -10.3787867844429
134.3148299741465 42.95059063098522 0 0 42.95059063098522 53.32937741542811 -10.3787867844429
134.3166147628145 42.93213452996454 0 0 42.93213452996454 53.31092131440744 -10.3787867844429
134.3166147628145 42.93213452996454 0 0 42.93213452996454 53.31092131440744 -10.3787867844429
134.2673840153677 42.91464065707106 0 0 42.91464065707106 53.29342744151396 -10.3787867844429
134.3409296327998 42.90156364200735 0 0 42.90156364200735 53.28035042645025 -10.3787867844429
134.423454757504 42.91372557655463 0 0 42.91372557655463 53.29251236099752 -10.3787867844429
134.3813114176042 42.92839095115426 0 0 42.92839095115426 53.30717773559715 -10.3787867844429
134.7860709395306 42.90857188927932 0 0 42.90857188927932 53.28735867372221 -10.3787867844429
134.9495701741679 42.91620327584469 0 0 42.91620327584469 53.2949900602876 -10.3787867844429
134.9495701741679 42.91620327584469 0 0 42.91620327584469 53.2949900602876 -10.3787867844429
135.4822737166579 42.90856410375669 0 0 42.90856410375669 53.28735088819959 -10.3787867844429
135.8357140784355 42.91347454409983 0 0 42.91347454409983 53.29226132854272 -10.3787867844429
135.7701806179648 42.90802091615376 0 0 42.90802091615376 53.28680770059666 -10.3787867844429
135.7701806179648 42.90802091615376 0 0 42.90802091615376 53.28680770059666 -10.3787867844429
135.7701806179648 42.90802091615376 0 0 42.90802091615376 53.28680770059666 -10.3787867844429
137.5478628623291 42.82099826882302 0 0 42.82099826882302 53.19978505326591 -10.3787867844429
137.5478628623291 42.82099826882302 0 0 42.82099826882302 53.19978505326591 -10.3787867844429
137.5478628623291 42.82099826882302 0 0 42.82099826882302 53.19978505326591 -10.3787867844429
138.8258963435421 42.82318463938252 0 0 42.82318463938252 53.20197142382541 -10.3787867844429
138.8258963435421 42.82318463938252 0 0 42.82318463938252 53.20197142382541 -10.3787867844429
138.8258963435421 42.82318463938252 0 0 42.82318463938252 53.20197142382541 -10.3787867844429
138.8258963435421 42.82318463938252 0 0 42.82318463938252 53.20197142382541 -10.3787867844429
138.8258963435421 42.82318463938252 0 0 42.82318463938252 53.20197142382541 -10.3787867844429
138.8258963435421 42.82318463938252 0 0 42.82318463938252 53.20197142382541 -10.3787867844429
138.8258963435421 42.82318463938252 0 0 42.82318463938252 53.20197142382541 -10.3787867844429
138.8258963435421 42.82318463938252 0 0 42.82318463938252 53.20197142382541 -10.3787867844429
138.8258963435421 42.82318463938252 0 0 42.82318463938252 53.20197142382541 -10.3787867844429
138.8258963435421 42.82318463938252 0 0 42.82318463938252 53.20197142382541 -10.3787867844429
138.8258963435421 42.82318463938252 0 0 42.82318463938252 53.20197142382541 -10.3787867844429
138.8258963435421 42.82318463938252 0 0 42.82318463938252 53.20197142382541 -10.3787867844429
138.8258963435421 42.82318463938252 0 0 42.82318463938252 53.20197142382541 -10.3787867844429
139.0373777846945 42.83305569623731 0 0 42.83305569623731 53.21184248068021 -10.3787867844429
139.0373777846945 42.83305569623731 0 0 42.83305569623731 53.21184248068021 -10.3787867844429
139.0373777846945 42.83305569623731 0 0 42.83305569623731 53.21184248068021 -10.3787867844429
139.0373777846945 42.83305569623731 0 0 42.83305569623731 53.21184248068021 -10.3787867844429
139.0373777846945 42.83305569623731 0 0 42.83305569623731 53.21184248068021 -10.3787867844429
139.0373777846945 42.83305569623731 0 0 42.83305569623731 53.21184248068021 -10.3787867844429
139.0373777846945 42.83305569623731 0 0 42.83305569623731 53.21184248068021 -10.3787867844429
139.0373777846945 42.83305569623731 0 0 42.83305569623731 53.21184248068021 -10.3787867844429
139.0373777846945 42.83305569623731 0 0 42.83305569623731 53.21184248068021 -10.3787867844429
139.0373777846945 42.83305569623731 0 0 42.83305569623731 53.21184248068021 -10.3787867844429
139.0655399359027 42.84037627318091 0 0 42.84037627318091 53.2191630576238 -10.3787867844429
139.0655399359027 42.84037627318091 0 0 42.84037627318091 53.2191630576238 -10.3787867844429
139.0655399359027 42.84037627318091 0 0 42.84037627318091 53.2191630576238 -10.3787867844429
139.5674116580231 42.86325148901672 0 0 42.86325148901672 53.24203827345961 -10.3787867844429
139.5674116580231 42.86325148901672 0 0 42.86325148901672 53.24203827345961 -10.3787867844429
139.5674116580231 42.86325148901672 0 0 42.86325148901672 53.24203827345961 -10.3787867844429
139.5674116580231 42.86325148901672 0 0 42.86325148901672 53.24203827345961 -10.3787867844429
139.463660202199 42.8663940542957 0 0 42.8663940542957 53.24518083873859 -10.3787867844429
139.463660202199 42.8663940542957 0 0 42.8663940542957 53.24518083873859 -10.3787867844429
139.3960339480323 42.77274154439603 0 0 42.77274154439603 53.15152832883893 -10.3787867844429
139.2406419432268 42.78809952816408 0 0 42.78809952816408 53.16688631260698 -10.3787867844429
139.2721558799976 42.80815843777481 0 0 42.80815843777481 53.18694522221771 -10.3787867844429
139.2721558799976 42.80815843777481 0 0 42.80815843777481 53.18694522221771 -10.3787867844429
139.2721558799976 42.80815843777481 0 0 42.80815843777481 53.18694522221771 -10.3787867844429
139.2721558799976 42.80815843777481 0 0 42.80815843777481 53.18694522221771 -10.3787867844429
139.2721558799976 42.80815843777481 0 0 42.80815843777481 53.18694522221771 -10.3787867844429
139.2721558799976 42.80815843777481 0 0 42.80815843777481 53.18694522221771 -10.3787867844429
139.2721558799976 42.80815843777481 0 0 42.80815843777481 53.18694522221771 -10.3787867844429
139.2721558799976 42.80815843777481 0 0 42.80815843777481 53.18694522221771 -10.3787867844429
139.2721558799976 42.80815843777481 0 0 42.80815843777481 53.18694522221771 -10.3787867844429
139.2721558799976 42.80815843777481 0 0 42.80815843777481 53.18694522221771 -10.3787867844429
139.2721558799976 42.80815843777481 0 0 42.80815843777481 53.18694522221771 -10.3787867844429
139.2721558799976 42.80815843777481 0 0 42.80815843777481 53.18694522221771 -10.3787867844429
139.2721558799976 42.80815843777481 0 0 42.80815843777481 53.18694522221771 -10.3787867844429
139.2721558799976 42.80815843777481 0 0 42.80815843777481 53.18694522221771 -10.3787867844429
139.2721558799976 42.80815843777481 0 0 42.80815843777481 53.18694522221771 -10.3787867844429
139.2721558799976 42.80815843777481 0 0 42.80815843777481 53.18694522221771 -10.3787867844429
139.2721558799976 42.80815843777481 0 0 42.80815843777481 53.18694522221771 -10.3787867844429
139.2721558799976 42.80815843777481 0 0 42.80815843777481 53.18694522221771 -10.3787867844429
139.2721558799976 42.80815843777481 0 0 42.80815843777481 53.18694522221771 -10.3787867844429
139.2721558799976 42.80815843777481 0 0 42.80815843777481 53.18694522221771 -10.3787867844429
139.2721558799976 42.80815843777481 0 0 42.80815843777481 53.18694522221771 -10.3787867844429
139.2721558799976 42.80815843777481 0 0 42.80815843777481 53.18694522221771 -10.3787867844429
139.2721558799976 42.80815843777481 0 0 42.80815843777481 53.18694522221771 -10.3787867844429
139.2721558799976 42.80815843777481 0 0 42.80815843777481 53.18694522221771 -10.3787867844429
139.2721558799976 42.80815843777481 0 0 42.80815843777481 53.18694522221771 -10.3787867844429
139.2721558799976 42.80815843777481 0 0 42.80815843777481 53.18694522221771 -10.3787867844429
139.2721558799976 42.80815843777481 0 0 42.80815843777481 53.18694522221771 -10.3787867844429
139.2721558799976 42.80815843777481 0 0 42.80815843777481 53.18694522221771 -10.3787867844429
139.2721558799976 42.80815843777481 0 0 42.80815843777481 53.18694522221771 -10.3787867844429
139.2721558799976 42.80815843777481 0 0 42.80815843777481 53.18694522221771 -10.3787867844429
139.2721558799976 42.80815843777481 0 0 42.80815843777481 53.18694522221771 -10.3787867844429
139.2721558799976 42.80815843777481 0 0 42.80815843777481 53.18694522221771 -10.3787867844429
139.2721558799976 42.80815843777481 0 0 42.80815843777481 53.18694522221771 -10.3787867844429
139.2721558799976 42.80815843777481 0 0 42.80815843777481 53.18694522221771 -10.3787867844429
139.2721558799976 42.80815843777481 0 0 42.80815843777481 53.18694522221771 -10.3787867844429
139.2721558799976 42.80815843777481 0 0 42.80815843777481 53.18694522221771 -10.3787867844429
139.2721558799976 42.80815843777481 0 0 42.80815843777481 53.18694522221771 -10.3787867844429
139.2721558799976 42.80815843777481 0 0 42.80815843777481 53.18694522221771 -10.3787867844429
139.2721558799976 42.80815843777481 0 0 42.80815843777481 53.18694522221771 -10.3787867844429
139.2721558799976 42.80815843777481 0 0 42.80815843777481 53.18694522221771 -10.3787867844429
139.2721558799976 42.80815843777481 0 0 42.80815843777481 53.18694522221771 -10.3787867844429
138.9763774904382 42.84182955527542 0 0 42.84182955527542 53.22061633971832 -10.3787867844429
138.8021511754867 42.83886452533528 0 0 42.83886452533528 53.21765130977818 -10.3787867844429
138.6293384233317 42.8356372251823 0 0 42.8356372251823 53.2144240096252 -10.3787867844429
138.2752768616468 42.85474459017026 0 0 42.85474459017026 53.23353137461316 -10.3787867844429
138.2752768616468 42.85474459017026 0 0 42.85474459017026 53.23353137461316 -10.3787867844429
137.6995064075774 42.80802158987599 0 0 42.80802158987599 53.18680837431889 -10.3787867844429
137.6995064075774 42.80802158987599 0 0 42.80802158987599 53.18680837431889 -10.3787867844429
138.1524740640264 42.66326655731152 0 0 42.66326655731152 53.04205334175442 -10.3787867844429
138.1823356981923 42.6676099211832 0 0 42.6676099211832 53.04639670562609 -10.3787867844429
138.4292371786512 42.66084871770794 0 0 42.66084871770794 53.03963550215084 -10.3787867844429
138.4292371786512 42.66084871770794 0 0 42.66084871770794 53.03963550215084 -10.3787867844429
138.4292371786512 42.66084871770794 0 0 42.66084871770794 53.03963550215084 -10.3787867844429
138.4292371786512 42.66084871770794 0 0 42.66084871770794 53.03963550215084 -10.3787867844429
138.4292371786512 42.66084871770794 0 0 42.66084871770794 53.03963550215084 -10.3787867844429
138.4292371786512 42.66084871770794 0 0 42.66084871770794 53.03963550215084 -10.3787867844429
138.4292371786512 42.66084871770794 0 0 42.66084871770794 53.03963550215084 -10.3787867844429
139.3924664311818 42.66064607059629 0 0 42.66064607059629 53.03943285503919 -10.3787867844429
139.3924664311818 42.66064607059629 0 0 42.66064607059629 53.03943285503919 -10.3787867844429
139.3924664311818 42.66064607059629 0 0 42.66064607059629 53.03943285503919 -10.3787867844429
139.3924664311818 42.66064607059629 0 0 42.66064607059629 53.03943285503919 -10.3787867844429
139.3924664311818 42.66064607059629 0 0 42.66064607059629 53.03943285503919 -10.3787867844429
139.3924664311818 42.66064607059629 0 0 42.66064607059629 53.03943285503919 -10.3787867844429
139.3924664311818 42.66064607059629 0 0 42.66064607059629 53.03943285503919 -10.3787867844429
139.3924664311818 42.66064607059629 0 0 42.66064607059629 53.03943285503919 -10.3787867844429
139.3924664311818 42.66064607059629 0 0 42.66064607059629 53.03943285503919 -10.3787867844429
139.3924664311818 42.66064607059629 0 0 42.66064607059629 53.03943285503919 -10.3787867844429
139.3924664311818 42.66064607059629 0 0 42.66064607059629 53.03943285503919 -10.3787867844429
139.3924664311818 42.66064607059629 0 0 42.66064607059629 53.03943285503919 -10.3787867844429
139.3924664311818 42.66064607059629 0 0 42.66064607059629 53.03943285503919 -10.3787867844429
139.3924664311818 42.66064607059629 0 0 42.66064607059629 53.03943285503919 -10.3787867844429
139.3924664311818 42.66064607059629 0 0 42.66064607059629 53.03943285503919 -10.3787867844429
139.3924664311818 42.66064607059629 0 0 42.66064607059629 53.03943285503919 -10.3787867844429
139.3924664311818 42.66064607059629 0 0 42.66064607059629 53.03943285503919 -10.3787867844429
139.3924664311818 42.66064607059629 0 0 42.66064607059629 53.03943285503919 -10.3787867844429
139.3924664311818 42.66064607059629 0 0 42.66064607059629 53.03943285503919 -10.3787867844429
139.4333377186905 42.64652907005268 0 0 42.64652907005268 53.02531585449558 -10.3787867844429
139.4333377186905 42.64652907005268 0 0 42.64652907005268 53.02531585449558 -10.3787867844429
139.4333377186905 42.64652907005268 0 0 42.64652907005268 53.02531585449558 -10.3787867844429
139.5796391457854 42.59997556511462 0 0 42.59997556511462 52.97876234955752 -10.3787867844429
138.1581816537337 42.67189861209323 0 0 42.67189861209323 53.05068539653612 -10.3787867844429
138.3389576878652 42.64103400159561 0 0 42.64103400159561 53.01982078603851 -10.3787867844429
138.296307502769 42.63126555778662 0 0 42.63126555778662 53.01005234222951 -10.3787867844429
138.3169143979327 42.63281148066778 0 0 42.63281148066778 53.01159826511068 -10.3787867844429
138.4293358218743 42.659803157927 0 0 42.659803157927 53.0385899423699 -10.3787867844429
138.4185793525771 42.6698625622238 0 0 42.6698625622238 53.04864934666669 -10.3787867844429
138.3472595714254 42.66967421085035 0 0 42.66967421085035 53.04846099529324 -10.3787867844429
138.3472595714254 42.66967421085035 0 0 42.66967421085035 53.04846099529324 -10.3787867844429
138.3472595714254 42.66967421085035 0 0 42.66967421085035 53.04846099529324 -10.3787867844429
138.3472595714254 42.66967421085035 0 0 42.66967421085035 53.04846099529324 -10.3787867844429
138.3472595714254 42.66967421085035 0 0 42.66967421085035 53.04846099529324 -10.3787867844429
138.3472595714254 42.66967421085035 0 0 42.66967421085035 53.04846099529324 -10.3787867844429
138.3472595714254 42.66967421085035 0 0 42.66967421085035 53.04846099529324 -10.3787867844429
138.3472595714254 42.66967421085035 0 0 42.66967421085035 53.04846099529324 -10.3787867844429
138.3472595714254 42.66967421085035 0 0 42.66967421085035 53.04846099529324 -10.3787867844429
138.3472595714254 42.66967421085035 0 0 42.66967421085035 53.04846099529324 -10.3787867844429
138.3472595714254 42.66967421085035 0 0 42.66967421085035 53.04846099529324 -10.3787867844429
138.3472595714254 42.66967421085035 0 0 42.66967421085035 53.04846099529324 -10.3787867844429
138.3472595714254 42.66967421085035 0 0 42.66967421085035 53.04846099529324 -10.3787867844429
138.3472595714254 42.66967421085035 0 0 42.66967421085035 53.04846099529324 -10.3787867844429
138.3472595714254 42.66967421085035 0 0 42.66967421085035 53.04846099529324 -10.3787867844429
138.1591715652477 42.68531614473729 0 0 42.68531614473729 53.06410292918019 -10.3787867844429
138.2080323472874 42.68453165237062 0 0 42.68453165237062 53.06331843681352 -10.3787867844429
138.1987122487427 42.68553705239138 0 0 42.68553705239138 53.06432383683428 -10.3787867844429
138.1987122487427 42.68553705239138 0 0 42.68553705239138 53.06432383683428 -10.3787867844429
138.1036178552122 42.68373495355745 0 0 42.68373495355745 53.06252173800035 -10.3787867844429
138.1036178552122 42.68373495355745 0 0 42.68373495355745 53.06252173800035 -10.3787867844429
138.1036178552122 42.68373495355745 0 0 42.68373495355745 53.06252173800035 -10.3787867844429
138.1036178552122 42.68373495355745 0 0 42.68373495355745 53.06252173800035 -10.3787867844429
138.1036178552122 42.68373495355745 0 0 42.68373495355745 53.06252173800035 -10.3787867844429
138.1036178552122 42.68373495355745 0 0 42.68373495355745 53.06252173800035 -10.3787867844429
138.1036178552122 42.68373495355745 0 0 42.68373495355745 53.06252173800035 -10.3787867844429
138.1036178552122 42.68373495355745 0 0 42.68373495355745 53.06252173800035 -10.3787867844429
138.1036178552122 42.68373495355745 0 0 42.68373495355745 53.06252173800035 -10.3787867844429
138.4662335653626 42.65017591132928 0 0 42.65017591132928 53.02896269577219 -10.3787867844429
138.4662335653626 42.65017591132928 0 0 42.65017591132928 53.02896269577219 -10.3787867844429
138.4662335653626 42.65017591132928 0 0 42.65017591132928 53.02896269577219 -10.3787867844429
138.4662335653626 42.65017591132928 0 0 42.65017591132928 53.02896269577219 -10.3787867844429
138.4662335653626 42.65017591132928 0 0 42.65017591132928 53.02896269577219 -10.3787867844429
138.4662335653626 42.65017591132928 0 0 42.65017591132928 53.02896269577219 -10.3787867844429
138.4662335653626 42.65017591132928 0 0 42.65017591132928 53.02896269577219 -10.3787867844429
138.4662335653626 42.65017591132928 0 0 42.65017591132928 53.02896269577219 -10.3787867844429
138.4662335653626 42.65017591132928 0 0 42.65017591132928 53.02896269577219 -10.3787867844429
138.4662335653626 42.65017591132928 0 0 42.65017591132928 53.02896269577219 -10.3787867844429
138.4662335653626 42.65017591132928 0 0 42.65017591132928 53.02896269577219 -10.3787867844429
138.4662335653626 42.65017591132928 0 0 42.65017591132928 53.02896269577219 -10.3787867844429
138.9586626592103 42.42071245454557 0 0 42.42071245454557 52.79949923898846 -10.3787867844429
138.9586626592103 42.42071245454557 0 0 42.42071245454557 52.79949923898846 -10.3787867844429
138.9586626592103 42.42071245454557 0 0 42.42071245454557 52.79949923898846 -10.3787867844429
138.9586626592103 42.42071245454557 0 0 42.42071245454557 52.79949923898846 -10.3787867844429
138.9586626592103 42.42071245454557 0 0 42.42071245454557 52.79949923898846 -10.3787867844429
