totalLogLikelihoodDensity totalLogPriorDensity H1NoiseLogPriorDensity L1NoiseLogPriorDensity gwLogPriorDensity gwExtrinsicLogPriorDensityTracker gwCbcLogPriorDensityTracker
75.10456569212187 43.53117344156263 0 0 43.53117344156263 53.90996022600553 -10.3787867844429
138.2012448502592 39.15690088971803 0 0 39.15690088971803 49.53568767416093 -10.3787867844429
138.2012448502592 39.15690088971803 0 0 39.15690088971803 49.53568767416093 -10.3787867844429
138.1948632136058 39.19485591371361 0 0 39.19485591371361 49.5736426981565 -10.3787867844429
138.1948632136058 39.19485591371361 0 0 39.19485591371361 49.5736426981565 -10.3787867844429
138.1948632136058 39.19485591371361 0 0 39.19485591371361 49.5736426981565 -10.3787867844429
138.1948632136058 39.19485591371361 0 0 39.19485591371361 49.5736426981565 -10.3787867844429
138.1948632136058 39.19485591371361 0 0 39.19485591371361 49.5736426981565 -10.3787867844429
137.9920298165639 39.19338162901498 0 0 39.19338162901498 49.57216841345788 -10.3787867844429
137.9920298165639 39.19338162901498 0 0 39.19338162901498 49.57216841345788 -10.3787867844429
137.9920298165639 39.19338162901498 0 0 39.19338162901498 49.57216841345788 -10.3787867844429
137.8047014738021 39.19278367068311 0 0 39.19278367068311 49.57157045512601 -10.3787867844429
137.8047014738021 39.19278367068311 0 0 39.19278367068311 49.57157045512601 -10.3787867844429
139.412866092833 39.19288826251928 0 0 39.19288826251928 49.57167504696218 -10.3787867844429
139.412866092833 39.19288826251928 0 0 39.19288826251928 49.57167504696218 -10.3787867844429
139.4325902425618 39.19089009691858 0 0 39.19089009691858 49.56967688136147 -10.3787867844429
139.4247521939263 39.18875646222772 0 0 39.18875646222772 49.56754324667061 -10.3787867844429
139.4266761574322 39.18811022722478 0 0 39.18811022722478 49.56689701166768 -10.3787867844429
139.4266761574322 39.18811022722478 0 0 39.18811022722478 49.56689701166768 -10.3787867844429
139.4221051759577 39.18642595334629 0 0 39.18642595334629 49.56521273778919 -10.3787867844429
139.4327787848086 39.18326611952473 0 0 39.18326611952473 49.56205290396763 -10.3787867844429
139.4311431142974 39.18669557551017 0 0 39.18669557551017 49.56548235995307 -10.3787867844429
139.4311431142974 39.18669557551017 0 0 39.18669557551017 49.56548235995307 -10.3787867844429
139.4433716223831 39.18655485961314 0 0 39.18655485961314 49.56534164405604 -10.3787867844429
139.4420748455969 39.18844278488005 0 0 39.18844278488005 49.56722956932295 -10.3787867844429
139.4486995899169 39.18903057985111 0 0 39.18903057985111 49.567817364294 -10.3787867844429
139.4323271876933 39.19045875699784 0 0 39.19045875699784 49.56924554144074 -10.3787867844429
139.4524469084814 39.19113932265483 0 0 39.19113932265483 49.56992610709773 -10.3787867844429
139.4432165155201 39.18981111035831 0 0 39.18981111035831 49.56859789480121 -10.3787867844429
139.4432165155201 39.18981111035831 0 0 39.18981111035831 49.56859789480121 -10.3787867844429
139.4493371197356 39.18953608060063 0 0 39.18953608060063 49.56832286504353 -10.3787867844429
139.4493371197356 39.18953608060063 0 0 39.18953608060063 49.56832286504353 -10.3787867844429
139.4493371197356 39.18953608060063 0 0 39.18953608060063 49.56832286504353 -10.3787867844429
139.462010777916 39.1881662739537 0 0 39.1881662739537 49.5669530583966 -10.3787867844429
139.4675241396836 39.18794428209074 0 0 39.18794428209074 49.56673106653363 -10.3787867844429
139.4561101305439 39.18559493950275 0 0 39.18559493950275 49.56438172394564 -10.3787867844429
139.4561101305439 39.18559493950275 0 0 39.18559493950275 49.56438172394564 -10.3787867844429
139.4444676971258 39.18535697250772 0 0 39.18535697250772 49.56414375695062 -10.3787867844429
139.4573117979128 39.18221610454282 0 0 39.18221610454282 49.56100288898571 -10.3787867844429
139.4737444849025 39.18167754920361 0 0 39.18167754920361 49.56046433364651 -10.3787867844429
139.4673313115786 39.18026967817566 0 0 39.18026967817566 49.55905646261856 -10.3787867844429
139.4673313115786 39.18026967817566 0 0 39.18026967817566 49.55905646261856 -10.3787867844429
139.4591718253211 39.18027965671942 0 0 39.18027965671942 49.55906644116232 -10.3787867844429
139.4459943232099 39.18046973326535 0 0 39.18046973326535 49.55925651770826 -10.3787867844429
139.4469083670278 39.18251974398072 0 0 39.18251974398072 49.56130652842361 -10.3787867844429
139.4445631106464 39.18334119341823 0 0 39.18334119341823 49.56212797786112 -10.3787867844429
139.4780896022713 39.18034475206916 0 0 39.18034475206916 49.55913153651206 -10.3787867844429
139.4772980154621 39.18165909091876 0 0 39.18165909091876 49.56044587536165 -10.3787867844429
139.4633376815809 39.18271769067965 0 0 39.18271769067965 49.56150447512255 -10.3787867844429
139.4746171746692 39.18215647392162 0 0 39.18215647392162 49.56094325836452 -10.3787867844429
139.4746171746692 39.18215647392162 0 0 39.18215647392162 49.56094325836452 -10.3787867844429
139.4661555696825 39.18343894109844 0 0 39.18343894109844 49.56222572554135 -10.3787867844429
139.4645460229265 39.18396582343192 0 0 39.18396582343192 49.56275260787481 -10.3787867844429
139.4683979779038 39.1838037511762 0 0 39.1838037511762 49.56259053561909 -10.3787867844429
139.4842780270025 39.18206583209198 0 0 39.18206583209198 49.56085261653487 -10.3787867844429
139.468456045943 39.18204923090128 0 0 39.18204923090128 49.56083601534419 -10.3787867844429
139.4715382610966 39.18177632106526 0 0 39.18177632106526 49.56056310550815 -10.3787867844429
139.4619235401221 39.18176016300893 0 0 39.18176016300893 49.56054694745183 -10.3787867844429
139.4641837732855 39.183152813813 0 0 39.183152813813 49.5619395982559 -10.3787867844429
139.4641837732855 39.183152813813 0 0 39.183152813813 49.5619395982559 -10.3787867844429
139.475482574499 39.18368651527113 0 0 39.18368651527113 49.56247329971403 -10.3787867844429
139.475556132763 39.1822172316397 0 0 39.1822172316397 49.5610040160826 -10.3787867844429
139.4773992172838 39.18014521651259 0 0 39.18014521651259 49.55893200095548 -10.3787867844429
139.4715577908591 39.18066688951386 0 0 39.18066688951386 49.55945367395676 -10.3787867844429
139.4736613309886 39.17966836624059 0 0 39.17966836624059 49.55845515068349 -10.3787867844429
139.4777727715608 39.18051810981903 0 0 39.18051810981903 49.55930489426193 -10.3787867844429
139.4814964012994 39.18202598504591 0 0 39.18202598504591 49.56081276948881 -10.3787867844429
139.4808462297381 39.18017692808981 0 0 39.18017692808981 49.5589637125327 -10.3787867844429
139.474119119054 39.1805316090048 0 0 39.1805316090048 49.5593183934477 -10.3787867844429
139.4709319528872 39.18032247891671 0 0 39.18032247891671 49.55910926335961 -10.3787867844429
139.4729329740254 39.18228121134878 0 0 39.18228121134878 49.56106799579168 -10.3787867844429
139.4722981626511 39.1795688524133 0 0 39.1795688524133 49.55835563685619 -10.3787867844429
139.4805211758933 39.17999605574066 0 0 39.17999605574066 49.55878284018355 -10.3787867844429
139.4825493081227 39.17894190262254 0 0 39.17894190262254 49.55772868706544 -10.3787867844429
139.4797599106695 39.17781199326433 0 0 39.17781199326433 49.55659877770723 -10.3787867844429
139.4853049662565 39.18004377959134 0 0 39.18004377959134 49.55883056403424 -10.3787867844429
139.4797484120386 39.17761763840004 0 0 39.17761763840004 49.55640442284293 -10.3787867844429
139.4747860170305 39.178043179455 0 0 39.178043179455 49.5568299638979 -10.3787867844429
139.4744058949558 39.1787467502827 0 0 39.1787467502827 49.55753353472559 -10.3787867844429
139.4744058949558 39.1787467502827 0 0 39.1787467502827 49.55753353472559 -10.3787867844429
139.4846367347187 39.18056936996915 0 0 39.18056936996915 49.55935615441204 -10.3787867844429
139.4883606886846 39.18195933777434 0 0 39.18195933777434 49.56074612221725 -10.3787867844429
139.4782861168545 39.1817442566639 0 0 39.1817442566639 49.5605310411068 -10.3787867844429
139.529729221482 39.17904750710832 0 0 39.17904750710832 49.55783429155122 -10.3787867844429
139.5274406552883 39.18090471986643 0 0 39.18090471986643 49.55969150430933 -10.3787867844429
139.5241547765896 39.18041041624683 0 0 39.18041041624683 49.55919720068973 -10.3787867844429
139.5237889898527 39.17923235150596 0 0 39.17923235150596 49.55801913594886 -10.3787867844429
139.5237889898527 39.17923235150596 0 0 39.17923235150596 49.55801913594886 -10.3787867844429
139.5331714095889 39.18035793154756 0 0 39.18035793154756 49.55914471599046 -10.3787867844429
139.5457565424802 39.17932113936322 0 0 39.17932113936322 49.55810792380612 -10.3787867844429
139.5566313888866 39.17945432708389 0 0 39.17945432708389 49.55824111152678 -10.3787867844429
139.561434043748 39.17852875339139 0 0 39.17852875339139 49.55731553783428 -10.3787867844429
139.5564266143104 39.18021676637487 0 0 39.18021676637487 49.55900355081777 -10.3787867844429
139.5631650861112 39.17978369830877 0 0 39.17978369830877 49.55857048275166 -10.3787867844429
139.5599466063455 39.17883459691114 0 0 39.17883459691114 49.55762138135404 -10.3787867844429
139.5645019665876 39.17752903566216 0 0 39.17752903566216 49.55631582010506 -10.3787867844429
139.5665586078443 39.17625961545245 0 0 39.17625961545245 49.55504639989535 -10.3787867844429
139.575306928738 39.17559367105721 0 0 39.17559367105721 49.55438045550011 -10.3787867844429
139.5770083159719 39.17638025902674 0 0 39.17638025902674 49.55516704346964 -10.3787867844429
139.5939330887279 39.17974824735496 0 0 39.17974824735496 49.55853503179786 -10.3787867844429
139.5916246777445 39.17898759495098 0 0 39.17898759495098 49.55777437939388 -10.3787867844429
139.5933949645959 39.1775143251207 0 0 39.1775143251207 49.5563011095636 -10.3787867844429
139.596165042673 39.18170022331861 0 0 39.18170022331861 49.56048700776152 -10.3787867844429
139.6004822680585 39.18072176632948 0 0 39.18072176632948 49.55950855077239 -10.3787867844429
139.6095453816171 39.1812496004636 0 0 39.1812496004636 49.5600363849065 -10.3787867844429
139.6059500400776 39.1810967919012 0 0 39.1810967919012 49.55988357634409 -10.3787867844429
139.6142648545488 39.17967433773089 0 0 39.17967433773089 49.55846112217378 -10.3787867844429
139.6045736940222 39.17981920594498 0 0 39.17981920594498 49.55860599038787 -10.3787867844429
139.5869197746584 39.18127970815284 0 0 39.18127970815284 49.56006649259574 -10.3787867844429
139.5869197746584 39.18127970815284 0 0 39.18127970815284 49.56006649259574 -10.3787867844429
139.5869197746584 39.18127970815284 0 0 39.18127970815284 49.56006649259574 -10.3787867844429
139.5814416101938 39.1819356266131 0 0 39.1819356266131 49.56072241105599 -10.3787867844429
139.6680011388746 39.17820684301324 0 0 39.17820684301324 49.55699362745614 -10.3787867844429
139.6680011388746 39.17820684301324 0 0 39.17820684301324 49.55699362745614 -10.3787867844429
139.6584181020895 39.17724411619405 0 0 39.17724411619405 49.55603090063694 -10.3787867844429
139.6588929999933 39.17874527079016 0 0 39.17874527079016 49.55753205523305 -10.3787867844429
139.6618835106974 39.17864072531535 0 0 39.17864072531535 49.55742750975824 -10.3787867844429
139.6699767047159 39.17871585925631 0 0 39.17871585925631 49.55750264369921 -10.3787867844429
139.6535760668101 39.17677093135234 0 0 39.17677093135234 49.55555771579523 -10.3787867844429
139.6616607357839 39.17657113933532 0 0 39.17657113933532 49.55535792377822 -10.3787867844429
139.6483210724837 39.17645071904788 0 0 39.17645071904788 49.55523750349078 -10.3787867844429
139.6482684348095 39.17420591380596 0 0 39.17420591380596 49.55299269824886 -10.3787867844429
139.6430606196183 39.17537692154754 0 0 39.17537692154754 49.55416370599043 -10.3787867844429
139.6350599040135 39.17468060299142 0 0 39.17468060299142 49.55346738743431 -10.3787867844429
139.6350599040135 39.17468060299142 0 0 39.17468060299142 49.55346738743431 -10.3787867844429
139.6370598435424 39.17410428199602 0 0 39.17410428199602 49.55289106643892 -10.3787867844429
139.6064600558048 39.17476795572938 0 0 39.17476795572938 49.55355474017228 -10.3787867844429
139.6194232433654 39.17185883137373 0 0 39.17185883137373 49.55064561581663 -10.3787867844429
139.6189725860209 39.17189640470583 0 0 39.17189640470583 49.55068318914873 -10.3787867844429
139.6189725860209 39.17189640470583 0 0 39.17189640470583 49.55068318914873 -10.3787867844429
139.6148398120461 39.16967651381891 0 0 39.16967651381891 49.54846329826182 -10.3787867844429
139.633037664669 39.17180873255411 0 0 39.17180873255411 49.55059551699701 -10.3787867844429
139.633037664669 39.17180873255411 0 0 39.17180873255411 49.55059551699701 -10.3787867844429
139.6279801177135 39.17170172478099 0 0 39.17170172478099 49.55048850922388 -10.3787867844429
139.6880281947114 39.16891987572525 0 0 39.16891987572525 49.54770666016815 -10.3787867844429
139.6880281947114 39.16891987572525 0 0 39.16891987572525 49.54770666016815 -10.3787867844429
139.6779077284741 39.1681339700486 0 0 39.1681339700486 49.5469207544915 -10.3787867844429
139.6676033083121 39.16586197670115 0 0 39.16586197670115 49.54464876114405 -10.3787867844429
139.6671576313055 39.16708268161852 0 0 39.16708268161852 49.54586946606143 -10.3787867844429
139.6647515465872 39.16725117645157 0 0 39.16725117645157 49.54603796089447 -10.3787867844429
139.6709500282371 39.16649693783009 0 0 39.16649693783009 49.54528372227299 -10.3787867844429
139.6631202067797 39.16518172392998 0 0 39.16518172392998 49.54396850837287 -10.3787867844429
139.669046273569 39.16499440138335 0 0 39.16499440138335 49.54378118582625 -10.3787867844429
139.6766432747534 39.16484580631023 0 0 39.16484580631023 49.54363259075312 -10.3787867844429
139.676137347675 39.16554156344996 0 0 39.16554156344996 49.54432834789286 -10.3787867844429
139.676137347675 39.16554156344996 0 0 39.16554156344996 49.54432834789286 -10.3787867844429
139.676137347675 39.16554156344996 0 0 39.16554156344996 49.54432834789286 -10.3787867844429
139.6713261368844 39.16789603190009 0 0 39.16789603190009 49.54668281634298 -10.3787867844429
139.6296688451035 39.16980474599244 0 0 39.16980474599244 49.54859153043533 -10.3787867844429
139.6350449086801 39.17041518290105 0 0 39.17041518290105 49.54920196734395 -10.3787867844429
139.6374026785932 39.16980709841013 0 0 39.16980709841013 49.54859388285303 -10.3787867844429
139.6678683596934 39.16754112357462 0 0 39.16754112357462 49.54632790801752 -10.3787867844429
139.6733635834169 39.1672754900422 0 0 39.1672754900422 49.5460622744851 -10.3787867844429
139.6639728594699 39.16555350132091 0 0 39.16555350132091 49.54434028576381 -10.3787867844429
139.6592776433366 39.16602686500711 0 0 39.16602686500711 49.54481364945001 -10.3787867844429
139.6444129678758 39.16720845143934 0 0 39.16720845143934 49.54599523588224 -10.3787867844429
139.6504442629321 39.16980999645382 0 0 39.16980999645382 49.54859678089672 -10.3787867844429
139.6562416761407 39.17102593802746 0 0 39.17102593802746 49.54981272247035 -10.3787867844429
139.6582765263382 39.17247141556936 0 0 39.17247141556936 49.55125820001226 -10.3787867844429
139.6582765263382 39.17247141556936 0 0 39.17247141556936 49.55125820001226 -10.3787867844429
139.6681755268607 39.17171503863035 0 0 39.17171503863035 49.55050182307325 -10.3787867844429
139.666085825546 39.1715404326284 0 0 39.1715404326284 49.5503272170713 -10.3787867844429
139.6594993533996 39.17344691067927 0 0 39.17344691067927 49.55223369512217 -10.3787867844429
139.6594993533996 39.17344691067927 0 0 39.17344691067927 49.55223369512217 -10.3787867844429
139.6664789610469 39.1727192664485 0 0 39.1727192664485 49.55150605089139 -10.3787867844429
139.6604893845296 39.17313200483247 0 0 39.17313200483247 49.55191878927537 -10.3787867844429
139.6486558422115 39.17032141755111 0 0 39.17032141755111 49.549108201994 -10.3787867844429
139.6390143872695 39.17173906125143 0 0 39.17173906125143 49.55052584569433 -10.3787867844429
139.6517307312051 39.17066137788537 0 0 39.17066137788537 49.54944816232827 -10.3787867844429
139.6500324998222 39.17010222755279 0 0 39.17010222755279 49.54888901199569 -10.3787867844429
139.643190868628 39.17356453578127 0 0 39.17356453578127 49.55235132022417 -10.3787867844429
139.6351869667719 39.1772346137945 0 0 39.1772346137945 49.55602139823739 -10.3787867844429
139.5769149879573 39.1798285169037 0 0 39.1798285169037 49.5586153013466 -10.3787867844429
139.5942008142871 39.17908914266633 0 0 39.17908914266633 49.55787592710923 -10.3787867844429
139.5927495819973 39.17737481446129 0 0 39.17737481446129 49.55616159890418 -10.3787867844429
139.5927495819973 39.17737481446129 0 0 39.17737481446129 49.55616159890418 -10.3787867844429
139.5862339844677 39.18185303426779 0 0 39.18185303426779 49.56063981871069 -10.3787867844429
139.586142115774 39.18115955643761 0 0 39.18115955643761 49.5599463408805 -10.3787867844429
139.5803501903538 39.17989653264641 0 0 39.17989653264641 49.5586833170893 -10.3787867844429
139.5836823322348 39.1794149887823 0 0 39.1794149887823 49.5582017732252 -10.3787867844429
139.5871991062491 39.17844662914996 0 0 39.17844662914996 49.55723341359285 -10.3787867844429
139.5828474161327 39.17603337962692 0 0 39.17603337962692 49.55482016406981 -10.3787867844429
139.5745364051795 39.17635287803816 0 0 39.17635287803816 49.55513966248106 -10.3787867844429
139.5692546828167 39.17709673611181 0 0 39.17709673611181 49.55588352055471 -10.3787867844429
139.5763118979183 39.17630802658047 0 0 39.17630802658047 49.55509481102337 -10.3787867844429
139.5574379063551 39.17931731105527 0 0 39.17931731105527 49.55810409549817 -10.3787867844429
139.5450114468343 39.17990613827813 0 0 39.17990613827813 49.55869292272102 -10.3787867844429
139.5450114468343 39.17990613827813 0 0 39.17990613827813 49.55869292272102 -10.3787867844429
139.5563304938797 39.17989243772547 0 0 39.17989243772547 49.55867922216837 -10.3787867844429
139.5625996994332 39.18060310714938 0 0 39.18060310714938 49.55938989159228 -10.3787867844429
139.5432755915539 39.18190704381101 0 0 39.18190704381101 49.56069382825391 -10.3787867844429
139.5413133921713 39.18260001499866 0 0 39.18260001499866 49.56138679944156 -10.3787867844429
139.5497871986055 39.18207572676613 0 0 39.18207572676613 49.56086251120903 -10.3787867844429
139.5503593564482 39.18239037705523 0 0 39.18239037705523 49.56117716149812 -10.3787867844429
139.5459484711292 39.18189438411314 0 0 39.18189438411314 49.56068116855603 -10.3787867844429
139.5555972941325 39.18232319449773 0 0 39.18232319449773 49.56110997894063 -10.3787867844429
139.5555972941325 39.18232319449773 0 0 39.18232319449773 49.56110997894063 -10.3787867844429
139.5531959441042 39.18053886931727 0 0 39.18053886931727 49.55932565376017 -10.3787867844429
139.5520904583098 39.18128960958038 0 0 39.18128960958038 49.56007639402327 -10.3787867844429
139.5370742631937 39.18308326987348 0 0 39.18308326987348 49.56187005431637 -10.3787867844429
139.5387109913595 39.18277987370318 0 0 39.18277987370318 49.56156665814608 -10.3787867844429
139.5144454960671 39.18405975111096 0 0 39.18405975111096 49.56284653555387 -10.3787867844429
139.5098936888022 39.18194241739397 0 0 39.18194241739397 49.56072920183686 -10.3787867844429
139.5098936888022 39.18194241739397 0 0 39.18194241739397 49.56072920183686 -10.3787867844429
139.5074389793245 39.18302994963631 0 0 39.18302994963631 49.5618167340792 -10.3787867844429
139.5074389793245 39.18302994963631 0 0 39.18302994963631 49.5618167340792 -10.3787867844429
139.4970103372413 39.18177265473494 0 0 39.18177265473494 49.56055943917784 -10.3787867844429
139.4938809212233 39.18116481271373 0 0 39.18116481271373 49.55995159715663 -10.3787867844429
139.4972607832304 39.18300959498731 0 0 39.18300959498731 49.56179637943021 -10.3787867844429
139.4909721702894 39.1854843055055 0 0 39.1854843055055 49.56427108994839 -10.3787867844429
139.4909721702894 39.1854843055055 0 0 39.1854843055055 49.56427108994839 -10.3787867844429
139.4925086804853 39.18417592491565 0 0 39.18417592491565 49.56296270935855 -10.3787867844429
139.4768967734719 39.18551200379594 0 0 39.18551200379594 49.56429878823883 -10.3787867844429
139.4695259182809 39.1836250999757 0 0 39.1836250999757 49.56241188441859 -10.3787867844429
139.4629967390253 39.18336316900614 0 0 39.18336316900614 49.56214995344904 -10.3787867844429
139.4668755000785 39.18461324755772 0 0 39.18461324755772 49.56340003200062 -10.3787867844429
139.4528405852969 39.18395954891383 0 0 39.18395954891383 49.56274633335673 -10.3787867844429
139.6070708685793 39.1727977933712 0 0 39.1727977933712 49.5515845778141 -10.3787867844429
139.6070708685793 39.1727977933712 0 0 39.1727977933712 49.5515845778141 -10.3787867844429
139.5999083519686 39.17088605410697 0 0 39.17088605410697 49.54967283854987 -10.3787867844429
139.5979185257419 39.1687399482759 0 0 39.1687399482759 49.5475267327188 -10.3787867844429
139.5974752834742 39.16921883261945 0 0 39.16921883261945 49.54800561706234 -10.3787867844429
139.5967038775623 39.17067899900844 0 0 39.17067899900844 49.54946578345134 -10.3787867844429
139.5595212425324 39.17398981223853 0 0 39.17398981223853 49.55277659668143 -10.3787867844429
139.4498766564917 39.1781925743537 0 0 39.1781925743537 49.5569793587966 -10.3787867844429
139.4588546134752 39.17719479885896 0 0 39.17719479885896 49.55598158330186 -10.3787867844429
139.4588546134752 39.17719479885896 0 0 39.17719479885896 49.55598158330186 -10.3787867844429
139.4630566792903 39.17858827828648 0 0 39.17858827828648 49.55737506272938 -10.3787867844429
139.4620857661037 39.17976216124795 0 0 39.17976216124795 49.55854894569084 -10.3787867844429
139.4754077090283 39.17925796774898 0 0 39.17925796774898 49.55804475219188 -10.3787867844429
139.4764993345607 39.18171048393313 0 0 39.18171048393313 49.56049726837603 -10.3787867844429
139.4668195850458 39.18102456481608 0 0 39.18102456481608 49.55981134925899 -10.3787867844429
139.470320596736 39.18178782331076 0 0 39.18178782331076 49.56057460775365 -10.3787867844429
139.4737785696609 39.18261475874309 0 0 39.18261475874309 49.56140154318598 -10.3787867844429
139.4737785696609 39.18261475874309 0 0 39.18261475874309 49.56140154318598 -10.3787867844429
139.4732686272332 39.18274841884224 0 0 39.18274841884224 49.56153520328514 -10.3787867844429
139.4732686272332 39.18274841884224 0 0 39.18274841884224 49.56153520328514 -10.3787867844429
139.478196018504 39.1821953151759 0 0 39.1821953151759 49.5609820996188 -10.3787867844429
139.4847732928028 39.18297827908259 0 0 39.18297827908259 49.56176506352548 -10.3787867844429
139.4951555513708 39.18367694751342 0 0 39.18367694751342 49.56246373195631 -10.3787867844429
139.4957141032873 39.18504562628311 0 0 39.18504562628311 49.56383241072601 -10.3787867844429
139.503654909368 39.18452632201786 0 0 39.18452632201786 49.56331310646076 -10.3787867844429
139.5166518666811 39.18479330407773 0 0 39.18479330407773 49.56358008852063 -10.3787867844429
139.5164158859448 39.1859193099979 0 0 39.1859193099979 49.56470609444079 -10.3787867844429
139.5081851048298 39.18550130167668 0 0 39.18550130167668 49.56428808611957 -10.3787867844429
139.5121264539051 39.18376801377613 0 0 39.18376801377613 49.56255479821903 -10.3787867844429
139.5164600049507 39.18196937023428 0 0 39.18196937023428 49.56075615467719 -10.3787867844429
139.5351119780248 39.18091602900677 0 0 39.18091602900677 49.55970281344967 -10.3787867844429
139.5237381450173 39.18204831257648 0 0 39.18204831257648 49.56083509701939 -10.3787867844429
139.5325201218575 39.18157977614528 0 0 39.18157977614528 49.56036656058819 -10.3787867844429
139.5368228219141 39.18134244683047 0 0 39.18134244683047 49.56012923127336 -10.3787867844429
139.5337626694347 39.18000800044247 0 0 39.18000800044247 49.55879478488536 -10.3787867844429
139.5273326181372 39.17752002360132 0 0 39.17752002360132 49.55630680804421 -10.3787867844429
139.532586904636 39.17894681342086 0 0 39.17894681342086 49.55773359786377 -10.3787867844429
139.5233666978306 39.17829204332773 0 0 39.17829204332773 49.55707882777063 -10.3787867844429
139.5078295208469 39.17871289226811 0 0 39.17871289226811 49.557499676711 -10.3787867844429
139.4895378423871 39.1804637216936 0 0 39.1804637216936 49.55925050613649 -10.3787867844429
139.4833119071246 39.18089125782271 0 0 39.18089125782271 49.5596780422656 -10.3787867844429
139.4935307845828 39.18041639661664 0 0 39.18041639661664 49.55920318105953 -10.3787867844429
139.5057759830894 39.17829125192209 0 0 39.17829125192209 49.55707803636498 -10.3787867844429
139.5057759830894 39.17829125192209 0 0 39.17829125192209 49.55707803636498 -10.3787867844429
139.5142983789481 39.17461564513981 0 0 39.17461564513981 49.55340242958271 -10.3787867844429
139.5142983789481 39.17461564513981 0 0 39.17461564513981 49.55340242958271 -10.3787867844429
139.5142983789481 39.17461564513981 0 0 39.17461564513981 49.55340242958271 -10.3787867844429
139.5134626519497 39.17378454041889 0 0 39.17378454041889 49.55257132486179 -10.3787867844429
139.5033664017491 39.17016900475039 0 0 39.17016900475039 49.54895578919329 -10.3787867844429
139.5033664017491 39.17016900475039 0 0 39.17016900475039 49.54895578919329 -10.3787867844429
139.4991004453745 39.17762574332396 0 0 39.17762574332396 49.55641252776686 -10.3787867844429
139.4821192317505 39.17760826598057 0 0 39.17760826598057 49.55639505042346 -10.3787867844429
139.4843887970411 39.1770735806117 0 0 39.1770735806117 49.5558603650546 -10.3787867844429
139.4857633689992 39.17797934202584 0 0 39.17797934202584 49.55676612646874 -10.3787867844429
139.4863484295909 39.178831819992 0 0 39.178831819992 49.55761860443489 -10.3787867844429
139.4864876338023 39.18068165310405 0 0 39.18068165310405 49.55946843754695 -10.3787867844429
139.4826078994387 39.18025007468945 0 0 39.18025007468945 49.55903685913236 -10.3787867844429
139.4983447534309 39.18247993943949 0 0 39.18247993943949 49.56126672388239 -10.3787867844429
139.4947463301016 39.18507703095854 0 0 39.18507703095854 49.56386381540144 -10.3787867844429
139.4828265099435 39.18478648399768 0 0 39.18478648399768 49.56357326844058 -10.3787867844429
139.4199239911325 39.17632755279568 0 0 39.17632755279568 49.55511433723859 -10.3787867844429
139.4288621544928 39.17753482606311 0 0 39.17753482606311 49.556321610506 -10.3787867844429
139.4288621544928 39.17753482606311 0 0 39.17753482606311 49.556321610506 -10.3787867844429
139.4254080022881 39.17502092222642 0 0 39.17502092222642 49.55380770666932 -10.3787867844429
139.4168147868469 39.17394151332428 0 0 39.17394151332428 49.55272829776718 -10.3787867844429
139.4087503388154 39.17341580012261 0 0 39.17341580012261 49.55220258456551 -10.3787867844429
139.4072400075931 39.1749573997219 0 0 39.1749573997219 49.5537441841648 -10.3787867844429
139.4300368432116 39.17596076346632 0 0 39.17596076346632 49.55474754790922 -10.3787867844429
139.4225872592864 39.17672565712941 0 0 39.17672565712941 49.55551244157231 -10.3787867844429
139.4245572148318 39.17445598134346 0 0 39.17445598134346 49.55324276578635 -10.3787867844429
139.4344323239987 39.17393295710031 0 0 39.17393295710031 49.5527197415432 -10.3787867844429
139.4512610363637 39.17306239492052 0 0 39.17306239492052 49.55184917936342 -10.3787867844429
139.4520052339469 39.17162423805948 0 0 39.17162423805948 49.55041102250237 -10.3787867844429
139.4925134805193 39.17433525109391 0 0 39.17433525109391 49.55312203553681 -10.3787867844429
139.5063115401862 39.17444578134157 0 0 39.17444578134157 49.55323256578447 -10.3787867844429
139.5043499345408 39.17414980791011 0 0 39.17414980791011 49.55293659235301 -10.3787867844429
139.5017175984228 39.17304702069565 0 0 39.17304702069565 49.55183380513854 -10.3787867844429
139.5041602671502 39.17567825834591 0 0 39.17567825834591 49.55446504278881 -10.3787867844429
139.5041602671502 39.17567825834591 0 0 39.17567825834591 49.55446504278881 -10.3787867844429
139.3827748299918 39.18001948760131 0 0 39.18001948760131 49.55880627204421 -10.3787867844429
139.3974096944269 39.17945726573781 0 0 39.17945726573781 49.5582440501807 -10.3787867844429
139.3959661268222 39.18001111896534 0 0 39.18001111896534 49.55879790340824 -10.3787867844429
139.3811790416371 39.18036338885086 0 0 39.18036338885086 49.55915017329377 -10.3787867844429
139.3811790416371 39.18036338885086 0 0 39.18036338885086 49.55915017329377 -10.3787867844429
139.3873980001334 39.18036424680888 0 0 39.18036424680888 49.55915103125177 -10.3787867844429
139.3824096637548 39.18066706032739 0 0 39.18066706032739 49.5594538447703 -10.3787867844429
139.3979826881552 39.18144527653239 0 0 39.18144527653239 49.56023206097528 -10.3787867844429
139.4051323304563 39.18228835168756 0 0 39.18228835168756 49.56107513613046 -10.3787867844429
139.396225246777 39.18263099801729 0 0 39.18263099801729 49.56141778246019 -10.3787867844429
139.3869530649756 39.18058825442147 0 0 39.18058825442147 49.55937503886436 -10.3787867844429
139.3890904271254 39.1802487273156 0 0 39.1802487273156 49.55903551175849 -10.3787867844429
139.3842854653322 39.18186887194238 0 0 39.18186887194238 49.56065565638528 -10.3787867844429
139.3774756428819 39.18182045017953 0 0 39.18182045017953 49.56060723462242 -10.3787867844429
139.3752842951935 39.18188308992706 0 0 39.18188308992706 49.56066987436996 -10.3787867844429
139.3628010823944 39.1827216983711 0 0 39.1827216983711 49.56150848281399 -10.3787867844429
139.3611080688942 39.18181507612645 0 0 39.18181507612645 49.56060186056935 -10.3787867844429
139.3673407249768 39.18154480034973 0 0 39.18154480034973 49.56033158479263 -10.3787867844429
139.3711343627432 39.17968095208461 0 0 39.17968095208461 49.5584677365275 -10.3787867844429
139.3711343627432 39.17968095208461 0 0 39.17968095208461 49.5584677365275 -10.3787867844429
139.3768665932379 39.18078584043623 0 0 39.18078584043623 49.55957262487912 -10.3787867844429
139.3718390852188 39.18068626557854 0 0 39.18068626557854 49.55947305002144 -10.3787867844429
139.3673483206915 39.18191704922495 0 0 39.18191704922495 49.56070383366785 -10.3787867844429
139.3558228611384 39.18082152669572 0 0 39.18082152669572 49.55960831113862 -10.3787867844429
139.3549087937865 39.18105618953598 0 0 39.18105618953598 49.55984297397888 -10.3787867844429
139.3590202912917 39.17859027012349 0 0 39.17859027012349 49.55737705456639 -10.3787867844429
139.3487672470679 39.17737430010894 0 0 39.17737430010894 49.55616108455184 -10.3787867844429
139.3428508128813 39.17601700816721 0 0 39.17601700816721 49.55480379261011 -10.3787867844429
139.3428508128813 39.17601700816721 0 0 39.17601700816721 49.55480379261011 -10.3787867844429
139.3363428611809 39.17439504697607 0 0 39.17439504697607 49.55318183141897 -10.3787867844429
139.353088621866 39.1763599132412 0 0 39.1763599132412 49.55514669768409 -10.3787867844429
139.3661645085718 39.17608460307122 0 0 39.17608460307122 49.55487138751412 -10.3787867844429
139.3661645085718 39.17608460307122 0 0 39.17608460307122 49.55487138751412 -10.3787867844429
139.3437107356037 39.17424889698245 0 0 39.17424889698245 49.55303568142535 -10.3787867844429
139.3435531348292 39.17354551607822 0 0 39.17354551607822 49.55233230052112 -10.3787867844429
139.3435531348292 39.17354551607822 0 0 39.17354551607822 49.55233230052112 -10.3787867844429
139.3493953984616 39.17428707967521 0 0 39.17428707967521 49.55307386411811 -10.3787867844429
139.3330589160879 39.17438174047716 0 0 39.17438174047716 49.55316852492006 -10.3787867844429
139.344639080871 39.17510404597952 0 0 39.17510404597952 49.55389083042242 -10.3787867844429
139.3233815175116 39.17918551619726 0 0 39.17918551619726 49.55797230064017 -10.3787867844429
139.3120156164516 39.179137248714 0 0 39.179137248714 49.5579240331569 -10.3787867844429
139.3120156164516 39.179137248714 0 0 39.179137248714 49.5579240331569 -10.3787867844429
139.3120156164516 39.179137248714 0 0 39.179137248714 49.5579240331569 -10.3787867844429
139.3122659578023 39.17951397358118 0 0 39.17951397358118 49.55830075802407 -10.3787867844429
139.3122659578023 39.17951397358118 0 0 39.17951397358118 49.55830075802407 -10.3787867844429
139.3029414205009 39.18214749324308 0 0 39.18214749324308 49.56093427768598 -10.3787867844429
139.3006840606565 39.18370977250538 0 0 39.18370977250538 49.56249655694828 -10.3787867844429
139.3066019963741 39.18232918559598 0 0 39.18232918559598 49.56111597003887 -10.3787867844429
139.2990684528149 39.1840915962952 0 0 39.1840915962952 49.56287838073811 -10.3787867844429
139.304977874204 39.18613482852635 0 0 39.18613482852635 49.56492161296924 -10.3787867844429
139.306664944396 39.18591060397874 0 0 39.18591060397874 49.56469738842164 -10.3787867844429
139.306664944396 39.18591060397874 0 0 39.18591060397874 49.56469738842164 -10.3787867844429
139.2976932550273 39.1863304263057 0 0 39.1863304263057 49.5651172107486 -10.3787867844429
139.2976932550273 39.1863304263057 0 0 39.1863304263057 49.5651172107486 -10.3787867844429
139.29049602321 39.18737381959504 0 0 39.18737381959504 49.56616060403794 -10.3787867844429
139.2900799938942 39.18479174056371 0 0 39.18479174056371 49.56357852500661 -10.3787867844429
139.2811646930112 39.18172182561419 0 0 39.18172182561419 49.56050861005709 -10.3787867844429
139.1399799678721 39.17781668116972 0 0 39.17781668116972 49.55660346561261 -10.3787867844429
139.1243047566201 39.18020018258581 0 0 39.18020018258581 49.5589869670287 -10.3787867844429
139.1178084928866 39.18111047324211 0 0 39.18111047324211 49.55989725768502 -10.3787867844429
139.1185559926672 39.18152431799925 0 0 39.18152431799925 49.56031110244214 -10.3787867844429
139.1375262014377 39.18312949755354 0 0 39.18312949755354 49.56191628199643 -10.3787867844429
139.1368538792991 39.1837479950742 0 0 39.1837479950742 49.56253477951709 -10.3787867844429
139.1290659169672 39.18228588366026 0 0 39.18228588366026 49.56107266810316 -10.3787867844429
139.116162916361 39.18187102460732 0 0 39.18187102460732 49.56065780905021 -10.3787867844429
139.1159387319564 39.18106351127572 0 0 39.18106351127572 49.55985029571862 -10.3787867844429
139.1153405484131 39.18129820397792 0 0 39.18129820397792 49.56008498842081 -10.3787867844429
139.1153405484131 39.18129820397792 0 0 39.18129820397792 49.56008498842081 -10.3787867844429
139.128915316493 39.1801911387837 0 0 39.1801911387837 49.55897792322659 -10.3787867844429
139.130224237111 39.18010416027181 0 0 39.18010416027181 49.55889094471471 -10.3787867844429
139.0911549239432 39.17882745421758 0 0 39.17882745421758 49.55761423866048 -10.3787867844429
139.0911549239432 39.17882745421758 0 0 39.17882745421758 49.55761423866048 -10.3787867844429
139.0927998175893 39.17913655841423 0 0 39.17913655841423 49.55792334285713 -10.3787867844429
139.0923283230597 39.1801503560288 0 0 39.1801503560288 49.55893714047171 -10.3787867844429
139.0928171543643 39.18120328815118 0 0 39.18120328815118 49.55999007259408 -10.3787867844429
139.1164197122728 39.17827512861837 0 0 39.17827512861837 49.55706191306127 -10.3787867844429
139.1066193296875 39.17826145266281 0 0 39.17826145266281 49.5570482371057 -10.3787867844429
139.1023664295374 39.18016416080752 0 0 39.18016416080752 49.55895094525042 -10.3787867844429
139.088530172538 39.18035884793086 0 0 39.18035884793086 49.55914563237376 -10.3787867844429
139.088530172538 39.18035884793086 0 0 39.18035884793086 49.55914563237376 -10.3787867844429
139.0741338191451 39.18002365190948 0 0 39.18002365190948 49.55881043635237 -10.3787867844429
139.068968553958 39.18115593157499 0 0 39.18115593157499 49.55994271601789 -10.3787867844429
139.0544645181147 39.18082501715551 0 0 39.18082501715551 49.55961180159841 -10.3787867844429
139.0614476837136 39.18268694190206 0 0 39.18268694190206 49.56147372634496 -10.3787867844429
139.0615582499735 39.18100548305046 0 0 39.18100548305046 49.55979226749335 -10.3787867844429
138.9964033971866 39.18047006355927 0 0 39.18047006355927 49.55925684800216 -10.3787867844429
138.9842623394804 39.1810041811501 0 0 39.1810041811501 49.559790965593 -10.3787867844429
138.9959397400405 39.17976339296789 0 0 39.17976339296789 49.55855017741078 -10.3787867844429
139.0097417628855 39.17766078492456 0 0 39.17766078492456 49.55644756936746 -10.3787867844429
138.996005209523 39.17588301559471 0 0 39.17588301559471 49.55466980003761 -10.3787867844429
139.009643401554 39.17327107426765 0 0 39.17327107426765 49.55205785871054 -10.3787867844429
139.0014737893231 39.17434038554934 0 0 39.17434038554934 49.55312716999224 -10.3787867844429
139.0148062024862 39.17327444066512 0 0 39.17327444066512 49.55206122510802 -10.3787867844429
139.0257094857767 39.17255472406491 0 0 39.17255472406491 49.55134150850781 -10.3787867844429
139.0235026276013 39.17346692022258 0 0 39.17346692022258 49.55225370466548 -10.3787867844429
139.0267611636508 39.17303547274325 0 0 39.17303547274325 49.55182225718615 -10.3787867844429
139.0323174179915 39.17434983849118 0 0 39.17434983849118 49.55313662293408 -10.3787867844429
139.0309769963944 39.17314613839086 0 0 39.17314613839086 49.55193292283376 -10.3787867844429
139.0413798217993 39.17406098582066 0 0 39.17406098582066 49.55284777026356 -10.3787867844429
138.8636869579544 39.18451927962668 0 0 39.18451927962668 49.56330606406958 -10.3787867844429
138.9009471193073 39.18575600562269 0 0 39.18575600562269 49.56454279006559 -10.3787867844429
138.9144043181855 39.18825017050912 0 0 39.18825017050912 49.56703695495202 -10.3787867844429
138.9144043181855 39.18825017050912 0 0 39.18825017050912 49.56703695495202 -10.3787867844429
138.9129516697162 39.18856287419695 0 0 39.18856287419695 49.56734965863984 -10.3787867844429
138.9032833142537 39.19026532634854 0 0 39.19026532634854 49.56905211079143 -10.3787867844429
138.9265015116666 39.19257310141778 0 0 39.19257310141778 49.57135988586067 -10.3787867844429
138.9333434182334 39.19115590444503 0 0 39.19115590444503 49.56994268888792 -10.3787867844429
138.9356479904003 39.19116886075389 0 0 39.19116886075389 49.56995564519679 -10.3787867844429
138.9354530616494 39.18817247252213 0 0 39.18817247252213 49.56695925696503 -10.3787867844429
138.9236544626626 39.1885788597606 0 0 39.1885788597606 49.56736564420349 -10.3787867844429
138.9168156897694 39.19307501350104 0 0 39.19307501350104 49.57186179794395 -10.3787867844429
138.9238144790107 39.1925651340332 0 0 39.1925651340332 49.5713519184761 -10.3787867844429
138.9238144790107 39.1925651340332 0 0 39.1925651340332 49.5713519184761 -10.3787867844429
138.9426023510768 39.19314678230644 0 0 39.19314678230644 49.57193356674934 -10.3787867844429
138.920984546913 39.19266639521521 0 0 39.19266639521521 49.57145317965811 -10.3787867844429
138.9261913598618 39.19108096272544 0 0 39.19108096272544 49.56986774716833 -10.3787867844429
138.9261913598618 39.19108096272544 0 0 39.19108096272544 49.56986774716833 -10.3787867844429
138.9202321367736 39.18850692102652 0 0 39.18850692102652 49.56729370546941 -10.3787867844429
138.9377627621363 39.18608742673113 0 0 39.18608742673113 49.56487421117403 -10.3787867844429
138.9362747683916 39.18457861242874 0 0 39.18457861242874 49.56336539687164 -10.3787867844429
138.9518609111594 39.18561328899618 0 0 39.18561328899618 49.56440007343907 -10.3787867844429
138.9480495760989 39.18524188798601 0 0 39.18524188798601 49.5640286724289 -10.3787867844429
138.9611106812314 39.18425291056236 0 0 39.18425291056236 49.56303969500527 -10.3787867844429
138.9687185776673 39.18426909544377 0 0 39.18426909544377 49.56305587988666 -10.3787867844429
138.9573721528573 39.1825171402226 0 0 39.1825171402226 49.5613039246655 -10.3787867844429
138.9589319843849 39.18277017767073 0 0 39.18277017767073 49.56155696211363 -10.3787867844429
138.9743905607932 39.18448448443121 0 0 39.18448448443121 49.56327126887411 -10.3787867844429
138.9865211728342 39.18132981142061 0 0 39.18132981142061 49.56011659586351 -10.3787867844429
138.984985089756 39.18034753450125 0 0 39.18034753450125 49.55913431894415 -10.3787867844429
138.9720043288128 39.17934843131317 0 0 39.17934843131317 49.55813521575607 -10.3787867844429
138.9887053165327 39.18230242183327 0 0 39.18230242183327 49.56108920627616 -10.3787867844429
138.9887053165327 39.18230242183327 0 0 39.18230242183327 49.56108920627616 -10.3787867844429
138.9831542621163 39.18299240038212 0 0 39.18299240038212 49.56177918482501 -10.3787867844429
138.9812151936005 39.18453529042812 0 0 39.18453529042812 49.56332207487102 -10.3787867844429
138.9724245102063 39.18141463992974 0 0 39.18141463992974 49.56020142437264 -10.3787867844429
138.953610340839 39.18207687905769 0 0 39.18207687905769 49.56086366350058 -10.3787867844429
138.953610340839 39.18207687905769 0 0 39.18207687905769 49.56086366350058 -10.3787867844429
138.953610340839 39.18207687905769 0 0 39.18207687905769 49.56086366350058 -10.3787867844429
138.9381509596645 39.18065377160859 0 0 39.18065377160859 49.55944055605148 -10.3787867844429
138.9381509596645 39.18065377160859 0 0 39.18065377160859 49.55944055605148 -10.3787867844429
138.9370407304558 39.17737294545805 0 0 39.17737294545805 49.55615972990095 -10.3787867844429
138.9399241710599 39.17787395365072 0 0 39.17787395365072 49.55666073809362 -10.3787867844429
138.9399241710599 39.17787395365072 0 0 39.17787395365072 49.55666073809362 -10.3787867844429
138.9399241710599 39.17787395365072 0 0 39.17787395365072 49.55666073809362 -10.3787867844429
138.9251403737539 39.17876185447651 0 0 39.17876185447651 49.55754863891941 -10.3787867844429
138.9373449048263 39.17790587019138 0 0 39.17790587019138 49.55669265463428 -10.3787867844429
138.9333514263175 39.17772563075567 0 0 39.17772563075567 49.55651241519857 -10.3787867844429
138.9152140440863 39.17753433271531 0 0 39.17753433271531 49.55632111715821 -10.3787867844429
138.8690873423809 39.17717895897263 0 0 39.17717895897263 49.55596574341553 -10.3787867844429
138.8690873423809 39.17717895897263 0 0 39.17717895897263 49.55596574341553 -10.3787867844429
138.8536750245372 39.17693944416573 0 0 39.17693944416573 49.55572622860862 -10.3787867844429
138.8461802063897 39.17381975077672 0 0 39.17381975077672 49.55260653521961 -10.3787867844429
138.8471993977638 39.17261541596966 0 0 39.17261541596966 49.55140220041256 -10.3787867844429
138.8471993977638 39.17261541596966 0 0 39.17261541596966 49.55140220041256 -10.3787867844429
138.8524945858569 39.17107546346442 0 0 39.17107546346442 49.54986224790731 -10.3787867844429
138.8609844888402 39.1701591043341 0 0 39.1701591043341 49.548945888777 -10.3787867844429
138.8487469903708 39.17108354924326 0 0 39.17108354924326 49.54987033368616 -10.3787867844429
138.8487469903708 39.17108354924326 0 0 39.17108354924326 49.54987033368616 -10.3787867844429
138.8430893304116 39.17000094604374 0 0 39.17000094604374 49.54878773048664 -10.3787867844429
138.8301353366646 39.16834584923598 0 0 39.16834584923598 49.54713263367888 -10.3787867844429
138.834707908704 39.16436198701541 0 0 39.16436198701541 49.54314877145831 -10.3787867844429
138.8280429937181 39.1640378017496 0 0 39.1640378017496 49.5428245861925 -10.3787867844429
138.8283551797285 39.16330782152478 0 0 39.16330782152478 49.54209460596768 -10.3787867844429
138.8125185043885 39.16313436478799 0 0 39.16313436478799 49.54192114923089 -10.3787867844429
138.7897739187424 39.16386721737967 0 0 39.16386721737967 49.54265400182258 -10.3787867844429
138.7897739187424 39.16386721737967 0 0 39.16386721737967 49.54265400182258 -10.3787867844429
138.7897739187424 39.16386721737967 0 0 39.16386721737967 49.54265400182258 -10.3787867844429
138.8077835086293 39.1616397744295 0 0 39.1616397744295 49.5404265588724 -10.3787867844429
138.8144181232419 39.16353564819991 0 0 39.16353564819991 49.54232243264281 -10.3787867844429
138.8039564556724 39.16274283745632 0 0 39.16274283745632 49.54152962189922 -10.3787867844429
138.7910216516462 39.16278355239714 0 0 39.16278355239714 49.54157033684004 -10.3787867844429
138.79121037635 39.16210185260783 0 0 39.16210185260783 49.54088863705073 -10.3787867844429
138.7734747951964 39.16241383968212 0 0 39.16241383968212 49.54120062412502 -10.3787867844429
138.7897058498316 39.16336970834033 0 0 39.16336970834033 49.54215649278322 -10.3787867844429
138.8114982797085 39.1652412717728 0 0 39.1652412717728 49.5440280562157 -10.3787867844429
138.8114171644634 39.16557911259362 0 0 39.16557911259362 49.54436589703651 -10.3787867844429
138.8141483011352 39.16587618936552 0 0 39.16587618936552 49.54466297380841 -10.3787867844429
138.8219505961193 39.16672256441791 0 0 39.16672256441791 49.54550934886081 -10.3787867844429
138.8219505961193 39.16672256441791 0 0 39.16672256441791 49.54550934886081 -10.3787867844429
138.808779721037 39.16439637807746 0 0 39.16439637807746 49.54318316252036 -10.3787867844429
138.7863740681752 39.16314045941306 0 0 39.16314045941306 49.54192724385595 -10.3787867844429
138.7910466312343 39.16285659936858 0 0 39.16285659936858 49.54164338381148 -10.3787867844429
138.7910466312343 39.16285659936858 0 0 39.16285659936858 49.54164338381148 -10.3787867844429
138.7910466312343 39.16285659936858 0 0 39.16285659936858 49.54164338381148 -10.3787867844429
138.7814972419265 39.16482415851844 0 0 39.16482415851844 49.54361094296134 -10.3787867844429
138.7983095957437 39.16467128944538 0 0 39.16467128944538 49.54345807388828 -10.3787867844429
138.8048413791578 39.16552973973231 0 0 39.16552973973231 49.54431652417521 -10.3787867844429
138.7834774627605 39.16352690556278 0 0 39.16352690556278 49.54231369000568 -10.3787867844429
138.7835222763263 39.16397411613691 0 0 39.16397411613691 49.54276090057981 -10.3787867844429
138.7835222763263 39.16397411613691 0 0 39.16397411613691 49.54276090057981 -10.3787867844429
138.7844539936288 39.16322514987152 0 0 39.16322514987152 49.54201193431442 -10.3787867844429
138.782585735227 39.16377746471836 0 0 39.16377746471836 49.54256424916126 -10.3787867844429
138.7874737235904 39.1616824848974 0 0 39.1616824848974 49.54046926934029 -10.3787867844429
138.7825165558425 39.16342560768021 0 0 39.16342560768021 49.54221239212311 -10.3787867844429
138.8317001717702 39.16564230258605 0 0 39.16564230258605 49.54442908702895 -10.3787867844429
138.8206943626766 39.16699093136958 0 0 39.16699093136958 49.54577771581248 -10.3787867844429
138.8237325300877 39.16569564293565 0 0 39.16569564293565 49.54448242737855 -10.3787867844429
138.8212613606026 39.16670928119871 0 0 39.16670928119871 49.5454960656416 -10.3787867844429
138.8097501493612 39.16399290912369 0 0 39.16399290912369 49.54277969356659 -10.3787867844429
138.8097501493612 39.16399290912369 0 0 39.16399290912369 49.54277969356659 -10.3787867844429
138.8076267121163 39.16592868174524 0 0 39.16592868174524 49.54471546618814 -10.3787867844429
139.142722542519 39.15675651133338 0 0 39.15675651133338 49.53554329577629 -10.3787867844429
139.142722542519 39.15675651133338 0 0 39.15675651133338 49.53554329577629 -10.3787867844429
139.142722542519 39.15675651133338 0 0 39.15675651133338 49.53554329577629 -10.3787867844429
138.9406023720183 39.15762725589013 0 0 39.15762725589013 49.53641404033303 -10.3787867844429
