totalLogLikelihoodDensity totalLogPriorDensity H1NoiseLogPriorDensity L1NoiseLogPriorDensity gwLogPriorDensity gwExtrinsicLogPriorDensityTracker gwCbcLogPriorDensityTracker
86.5249407157188 42.58114048810603 0 0 42.58114048810603 52.95992727254892 -10.3787867844429
138.2012448502592 39.15690088971803 0 0 39.15690088971803 49.53568767416093 -10.3787867844429
138.2012448502592 39.15690088971803 0 0 39.15690088971803 49.53568767416093 -10.3787867844429
138.2012448502592 39.15690088971803 0 0 39.15690088971803 49.53568767416093 -10.3787867844429
138.2012448502592 39.15690088971803 0 0 39.15690088971803 49.53568767416093 -10.3787867844429
138.2012448502592 39.15690088971803 0 0 39.15690088971803 49.53568767416093 -10.3787867844429
138.2012448502592 39.15690088971803 0 0 39.15690088971803 49.53568767416093 -10.3787867844429
138.2012448502592 39.15690088971803 0 0 39.15690088971803 49.53568767416093 -10.3787867844429
138.2012448502592 39.15690088971803 0 0 39.15690088971803 49.53568767416093 -10.3787867844429
138.2012448502592 39.15690088971803 0 0 39.15690088971803 49.53568767416093 -10.3787867844429
138.2012448502592 39.15690088971803 0 0 39.15690088971803 49.53568767416093 -10.3787867844429
138.2012448502592 39.15690088971803 0 0 39.15690088971803 49.53568767416093 -10.3787867844429
138.2012448502592 39.15690088971803 0 0 39.15690088971803 49.53568767416093 -10.3787867844429
138.2012448502592 39.15690088971803 0 0 39.15690088971803 49.53568767416093 -10.3787867844429
138.2012448502592 39.15690088971803 0 0 39.15690088971803 49.53568767416093 -10.3787867844429
138.2012448502592 39.15690088971803 0 0 39.15690088971803 49.53568767416093 -10.3787867844429
138.2012448502592 39.15690088971803 0 0 39.15690088971803 49.53568767416093 -10.3787867844429
138.1997575886484 39.15945817211428 0 0 39.15945817211428 49.53824495655719 -10.3787867844429
137.5415673008901 39.16373161759611 0 0 39.16373161759611 49.54251840203901 -10.3787867844429
137.5415673008901 39.16373161759611 0 0 39.16373161759611 49.54251840203901 -10.3787867844429
137.5415673008901 39.16373161759611 0 0 39.16373161759611 49.54251840203901 -10.3787867844429
137.5415673008901 39.16373161759611 0 0 39.16373161759611 49.54251840203901 -10.3787867844429
137.5415673008901 39.16373161759611 0 0 39.16373161759611 49.54251840203901 -10.3787867844429
137.5415673008901 39.16373161759611 0 0 39.16373161759611 49.54251840203901 -10.3787867844429
137.5415673008901 39.16373161759611 0 0 39.16373161759611 49.54251840203901 -10.3787867844429
137.5415673008901 39.16373161759611 0 0 39.16373161759611 49.54251840203901 -10.3787867844429
137.5415673008901 39.16373161759611 0 0 39.16373161759611 49.54251840203901 -10.3787867844429
137.5415673008901 39.16373161759611 0 0 39.16373161759611 49.54251840203901 -10.3787867844429
137.5415673008901 39.16373161759611 0 0 39.16373161759611 49.54251840203901 -10.3787867844429
137.5415673008901 39.16373161759611 0 0 39.16373161759611 49.54251840203901 -10.3787867844429
137.5415673008901 39.16373161759611 0 0 39.16373161759611 49.54251840203901 -10.3787867844429
137.5415673008901 39.16373161759611 0 0 39.16373161759611 49.54251840203901 -10.3787867844429
137.5415673008901 39.16373161759611 0 0 39.16373161759611 49.54251840203901 -10.3787867844429
137.5415673008901 39.16373161759611 0 0 39.16373161759611 49.54251840203901 -10.3787867844429
137.5415673008901 39.16373161759611 0 0 39.16373161759611 49.54251840203901 -10.3787867844429
137.5415673008901 39.16373161759611 0 0 39.16373161759611 49.54251840203901 -10.3787867844429
137.5415673008901 39.16373161759611 0 0 39.16373161759611 49.54251840203901 -10.3787867844429
137.5449635510138 39.16190122607446 0 0 39.16190122607446 49.54068801051736 -10.3787867844429
137.5449635510138 39.16190122607446 0 0 39.16190122607446 49.54068801051736 -10.3787867844429
137.5449635510138 39.16190122607446 0 0 39.16190122607446 49.54068801051736 -10.3787867844429
137.5449635510138 39.16190122607446 0 0 39.16190122607446 49.54068801051736 -10.3787867844429
137.5449635510138 39.16190122607446 0 0 39.16190122607446 49.54068801051736 -10.3787867844429
137.5449635510138 39.16190122607446 0 0 39.16190122607446 49.54068801051736 -10.3787867844429
139.9918914177393 39.16212029155922 0 0 39.16212029155922 49.54090707600212 -10.3787867844429
139.9918914177393 39.16212029155922 0 0 39.16212029155922 49.54090707600212 -10.3787867844429
139.9918914177393 39.16212029155922 0 0 39.16212029155922 49.54090707600212 -10.3787867844429
139.9918914177393 39.16212029155922 0 0 39.16212029155922 49.54090707600212 -10.3787867844429
139.9918914177393 39.16212029155922 0 0 39.16212029155922 49.54090707600212 -10.3787867844429
139.9918914177393 39.16212029155922 0 0 39.16212029155922 49.54090707600212 -10.3787867844429
139.9918914177393 39.16212029155922 0 0 39.16212029155922 49.54090707600212 -10.3787867844429
139.9918914177393 39.16212029155922 0 0 39.16212029155922 49.54090707600212 -10.3787867844429
139.9918914177393 39.16212029155922 0 0 39.16212029155922 49.54090707600212 -10.3787867844429
139.9918914177393 39.16212029155922 0 0 39.16212029155922 49.54090707600212 -10.3787867844429
139.9918914177393 39.16212029155922 0 0 39.16212029155922 49.54090707600212 -10.3787867844429
139.9918914177393 39.16212029155922 0 0 39.16212029155922 49.54090707600212 -10.3787867844429
139.9918914177393 39.16212029155922 0 0 39.16212029155922 49.54090707600212 -10.3787867844429
139.9918914177393 39.16212029155922 0 0 39.16212029155922 49.54090707600212 -10.3787867844429
139.9918914177393 39.16212029155922 0 0 39.16212029155922 49.54090707600212 -10.3787867844429
139.9918914177393 39.16212029155922 0 0 39.16212029155922 49.54090707600212 -10.3787867844429
139.9820121810304 39.16288186418717 0 0 39.16288186418717 49.54166864863007 -10.3787867844429
139.9820121810304 39.16288186418717 0 0 39.16288186418717 49.54166864863007 -10.3787867844429
139.9820121810304 39.16288186418717 0 0 39.16288186418717 49.54166864863007 -10.3787867844429
139.9820121810304 39.16288186418717 0 0 39.16288186418717 49.54166864863007 -10.3787867844429
139.9820121810304 39.16288186418717 0 0 39.16288186418717 49.54166864863007 -10.3787867844429
139.9820121810304 39.16288186418717 0 0 39.16288186418717 49.54166864863007 -10.3787867844429
139.9820121810304 39.16288186418717 0 0 39.16288186418717 49.54166864863007 -10.3787867844429
139.9820121810304 39.16288186418717 0 0 39.16288186418717 49.54166864863007 -10.3787867844429
139.9820121810304 39.16288186418717 0 0 39.16288186418717 49.54166864863007 -10.3787867844429
139.9820121810304 39.16288186418717 0 0 39.16288186418717 49.54166864863007 -10.3787867844429
139.9820121810304 39.16288186418717 0 0 39.16288186418717 49.54166864863007 -10.3787867844429
139.9820121810304 39.16288186418717 0 0 39.16288186418717 49.54166864863007 -10.3787867844429
139.9820121810304 39.16288186418717 0 0 39.16288186418717 49.54166864863007 -10.3787867844429
139.9820121810304 39.16288186418717 0 0 39.16288186418717 49.54166864863007 -10.3787867844429
139.9820121810304 39.16288186418717 0 0 39.16288186418717 49.54166864863007 -10.3787867844429
139.9820121810304 39.16288186418717 0 0 39.16288186418717 49.54166864863007 -10.3787867844429
139.724991212141 39.16301566522091 0 0 39.16301566522091 49.54180244966381 -10.3787867844429
139.724991212141 39.16301566522091 0 0 39.16301566522091 49.54180244966381 -10.3787867844429
139.724991212141 39.16301566522091 0 0 39.16301566522091 49.54180244966381 -10.3787867844429
139.724991212141 39.16301566522091 0 0 39.16301566522091 49.54180244966381 -10.3787867844429
139.724991212141 39.16301566522091 0 0 39.16301566522091 49.54180244966381 -10.3787867844429
139.0732776577652 39.16185857017764 0 0 39.16185857017764 49.54064535462054 -10.3787867844429
139.2186714608754 39.16148007635915 0 0 39.16148007635915 49.54026686080206 -10.3787867844429
139.2186714608754 39.16148007635915 0 0 39.16148007635915 49.54026686080206 -10.3787867844429
139.2186714608754 39.16148007635915 0 0 39.16148007635915 49.54026686080206 -10.3787867844429
139.2186714608754 39.16148007635915 0 0 39.16148007635915 49.54026686080206 -10.3787867844429
139.2186714608754 39.16148007635915 0 0 39.16148007635915 49.54026686080206 -10.3787867844429
139.2186714608754 39.16148007635915 0 0 39.16148007635915 49.54026686080206 -10.3787867844429
139.2186714608754 39.16148007635915 0 0 39.16148007635915 49.54026686080206 -10.3787867844429
139.2186714608754 39.16148007635915 0 0 39.16148007635915 49.54026686080206 -10.3787867844429
137.6641943989851 39.16061684786315 0 0 39.16061684786315 49.53940363230605 -10.3787867844429
137.6641943989851 39.16061684786315 0 0 39.16061684786315 49.53940363230605 -10.3787867844429
137.6641943989851 39.16061684786315 0 0 39.16061684786315 49.53940363230605 -10.3787867844429
137.6641943989851 39.16061684786315 0 0 39.16061684786315 49.53940363230605 -10.3787867844429
137.6641943989851 39.16061684786315 0 0 39.16061684786315 49.53940363230605 -10.3787867844429
137.6641943989851 39.16061684786315 0 0 39.16061684786315 49.53940363230605 -10.3787867844429
137.6641943989851 39.16061684786315 0 0 39.16061684786315 49.53940363230605 -10.3787867844429
137.6434761279833 39.15889872220373 0 0 39.15889872220373 49.53768550664662 -10.3787867844429
137.6593816380756 39.15701206543329 0 0 39.15701206543329 49.53579884987619 -10.3787867844429
137.6724803655684 39.15641914446309 0 0 39.15641914446309 49.53520592890599 -10.3787867844429
137.6696166835803 39.15931287033563 0 0 39.15931287033563 49.53809965477852 -10.3787867844429
137.6696166835803 39.15931287033563 0 0 39.15931287033563 49.53809965477852 -10.3787867844429
137.6696166835803 39.15931287033563 0 0 39.15931287033563 49.53809965477852 -10.3787867844429
137.6251523613907 39.15926208850243 0 0 39.15926208850243 49.53804887294533 -10.3787867844429
137.6251523613907 39.15926208850243 0 0 39.15926208850243 49.53804887294533 -10.3787867844429
137.6251523613907 39.15926208850243 0 0 39.15926208850243 49.53804887294533 -10.3787867844429
137.6251523613907 39.15926208850243 0 0 39.15926208850243 49.53804887294533 -10.3787867844429
137.6251523613907 39.15926208850243 0 0 39.15926208850243 49.53804887294533 -10.3787867844429
137.6251523613907 39.15926208850243 0 0 39.15926208850243 49.53804887294533 -10.3787867844429
137.6251523613907 39.15926208850243 0 0 39.15926208850243 49.53804887294533 -10.3787867844429
137.6251523613907 39.15926208850243 0 0 39.15926208850243 49.53804887294533 -10.3787867844429
137.6251523613907 39.15926208850243 0 0 39.15926208850243 49.53804887294533 -10.3787867844429
137.6251523613907 39.15926208850243 0 0 39.15926208850243 49.53804887294533 -10.3787867844429
137.6251523613907 39.15926208850243 0 0 39.15926208850243 49.53804887294533 -10.3787867844429
137.6251523613907 39.15926208850243 0 0 39.15926208850243 49.53804887294533 -10.3787867844429
137.6251523613907 39.15926208850243 0 0 39.15926208850243 49.53804887294533 -10.3787867844429
137.6251523613907 39.15926208850243 0 0 39.15926208850243 49.53804887294533 -10.3787867844429
137.640092133334 39.15769596568896 0 0 39.15769596568896 49.53648275013186 -10.3787867844429
137.6403204344405 39.15966707730207 0 0 39.15966707730207 49.53845386174497 -10.3787867844429
139.3444918329403 39.16041690472991 0 0 39.16041690472991 49.53920368917281 -10.3787867844429
139.3393043058427 39.16032988974588 0 0 39.16032988974588 49.53911667418878 -10.3787867844429
139.337251712292 39.15660214034494 0 0 39.15660214034494 49.53538892478784 -10.3787867844429
139.337251712292 39.15660214034494 0 0 39.15660214034494 49.53538892478784 -10.3787867844429
139.337251712292 39.15660214034494 0 0 39.15660214034494 49.53538892478784 -10.3787867844429
139.337251712292 39.15660214034494 0 0 39.15660214034494 49.53538892478784 -10.3787867844429
139.337251712292 39.15660214034494 0 0 39.15660214034494 49.53538892478784 -10.3787867844429
139.337251712292 39.15660214034494 0 0 39.15660214034494 49.53538892478784 -10.3787867844429
139.3328393378741 39.15648816627375 0 0 39.15648816627375 49.53527495071665 -10.3787867844429
139.3307851071138 39.15610616288997 0 0 39.15610616288997 49.53489294733287 -10.3787867844429
139.3390264802091 39.15597743539114 0 0 39.15597743539114 49.53476421983404 -10.3787867844429
139.9218771376534 39.15777739448968 0 0 39.15777739448968 49.53656417893258 -10.3787867844429
139.9039915864583 39.15579933051337 0 0 39.15579933051337 49.53458611495627 -10.3787867844429
139.9039915864583 39.15579933051337 0 0 39.15579933051337 49.53458611495627 -10.3787867844429
139.9039915864583 39.15579933051337 0 0 39.15579933051337 49.53458611495627 -10.3787867844429
139.9039915864583 39.15579933051337 0 0 39.15579933051337 49.53458611495627 -10.3787867844429
139.9039915864583 39.15579933051337 0 0 39.15579933051337 49.53458611495627 -10.3787867844429
139.9039915864583 39.15579933051337 0 0 39.15579933051337 49.53458611495627 -10.3787867844429
139.9039915864583 39.15579933051337 0 0 39.15579933051337 49.53458611495627 -10.3787867844429
139.9149658900909 39.1572294390226 0 0 39.1572294390226 49.5360162234655 -10.3787867844429
139.9276860298211 39.15381449188317 0 0 39.15381449188317 49.53260127632607 -10.3787867844429
139.9227890709306 39.15216983018229 0 0 39.15216983018229 49.53095661462518 -10.3787867844429
139.9227890709306 39.15216983018229 0 0 39.15216983018229 49.53095661462518 -10.3787867844429
139.9406760763799 39.1507166084498 0 0 39.1507166084498 49.52950339289269 -10.3787867844429
139.9406760763799 39.1507166084498 0 0 39.1507166084498 49.52950339289269 -10.3787867844429
139.9149838883145 39.15066323583552 0 0 39.15066323583552 49.52945002027842 -10.3787867844429
139.9313139909114 39.15253138693224 0 0 39.15253138693224 49.53131817137513 -10.3787867844429
139.9231207166168 39.15400863696992 0 0 39.15400863696992 49.53279542141281 -10.3787867844429
139.9231207166168 39.15400863696992 0 0 39.15400863696992 49.53279542141281 -10.3787867844429
139.9231207166168 39.15400863696992 0 0 39.15400863696992 49.53279542141281 -10.3787867844429
139.9231207166168 39.15400863696992 0 0 39.15400863696992 49.53279542141281 -10.3787867844429
139.9231207166168 39.15400863696992 0 0 39.15400863696992 49.53279542141281 -10.3787867844429
139.9231207166168 39.15400863696992 0 0 39.15400863696992 49.53279542141281 -10.3787867844429
139.9315270051356 39.1569400286278 0 0 39.1569400286278 49.5357268130707 -10.3787867844429
139.9315270051356 39.1569400286278 0 0 39.1569400286278 49.5357268130707 -10.3787867844429
139.9010753898854 39.16004969148779 0 0 39.16004969148779 49.53883647593068 -10.3787867844429
139.9010753898854 39.16004969148779 0 0 39.16004969148779 49.53883647593068 -10.3787867844429
139.9010753898854 39.16004969148779 0 0 39.16004969148779 49.53883647593068 -10.3787867844429
139.9010753898854 39.16004969148779 0 0 39.16004969148779 49.53883647593068 -10.3787867844429
139.9010753898854 39.16004969148779 0 0 39.16004969148779 49.53883647593068 -10.3787867844429
139.9010753898854 39.16004969148779 0 0 39.16004969148779 49.53883647593068 -10.3787867844429
139.9010753898854 39.16004969148779 0 0 39.16004969148779 49.53883647593068 -10.3787867844429
139.7541171362938 39.16189630530148 0 0 39.16189630530148 49.54068308974438 -10.3787867844429
139.7658232924366 39.15981347695772 0 0 39.15981347695772 49.53860026140062 -10.3787867844429
139.7506060148575 39.15830628911068 0 0 39.15830628911068 49.53709307355359 -10.3787867844429
139.7512232711711 39.16037670280835 0 0 39.16037670280835 49.53916348725125 -10.3787867844429
139.7491367184787 39.15701007605441 0 0 39.15701007605441 49.5357968604973 -10.3787867844429
139.7559270022869 39.15640742582143 0 0 39.15640742582143 49.53519421026433 -10.3787867844429
139.7559270022869 39.15640742582143 0 0 39.15640742582143 49.53519421026433 -10.3787867844429
140.0083679634694 39.15105212582068 0 0 39.15105212582068 49.52983891026359 -10.3787867844429
140.0083679634694 39.15105212582068 0 0 39.15105212582068 49.52983891026359 -10.3787867844429
140.0083679634694 39.15105212582068 0 0 39.15105212582068 49.52983891026359 -10.3787867844429
140.0083679634694 39.15105212582068 0 0 39.15105212582068 49.52983891026359 -10.3787867844429
140.0083679634694 39.15105212582068 0 0 39.15105212582068 49.52983891026359 -10.3787867844429
140.0083679634694 39.15105212582068 0 0 39.15105212582068 49.52983891026359 -10.3787867844429
140.0083679634694 39.15105212582068 0 0 39.15105212582068 49.52983891026359 -10.3787867844429
140.0083679634694 39.15105212582068 0 0 39.15105212582068 49.52983891026359 -10.3787867844429
140.0083679634694 39.15105212582068 0 0 39.15105212582068 49.52983891026359 -10.3787867844429
140.0083679634694 39.15105212582068 0 0 39.15105212582068 49.52983891026359 -10.3787867844429
140.0083679634694 39.15105212582068 0 0 39.15105212582068 49.52983891026359 -10.3787867844429
140.0083679634694 39.15105212582068 0 0 39.15105212582068 49.52983891026359 -10.3787867844429
140.0083679634694 39.15105212582068 0 0 39.15105212582068 49.52983891026359 -10.3787867844429
140.0083679634694 39.15105212582068 0 0 39.15105212582068 49.52983891026359 -10.3787867844429
140.0083679634694 39.15105212582068 0 0 39.15105212582068 49.52983891026359 -10.3787867844429
140.0077094971989 39.15451234740947 0 0 39.15451234740947 49.53329913185236 -10.3787867844429
140.0175481662809 39.15505694579535 0 0 39.15505694579535 49.53384373023825 -10.3787867844429
140.0202679913618 39.15188565882521 0 0 39.15188565882521 49.53067244326811 -10.3787867844429
140.0202679913618 39.15188565882521 0 0 39.15188565882521 49.53067244326811 -10.3787867844429
140.023300235543 39.15316299885929 0 0 39.15316299885929 49.53194978330219 -10.3787867844429
140.023300235543 39.15316299885929 0 0 39.15316299885929 49.53194978330219 -10.3787867844429
140.0281146458013 39.15427564099862 0 0 39.15427564099862 49.53306242544152 -10.3787867844429
140.0281146458013 39.15427564099862 0 0 39.15427564099862 49.53306242544152 -10.3787867844429
140.0520168474196 39.15437462995015 0 0 39.15437462995015 49.53316141439305 -10.3787867844429
140.0520168474196 39.15437462995015 0 0 39.15437462995015 49.53316141439305 -10.3787867844429
140.0520168474196 39.15437462995015 0 0 39.15437462995015 49.53316141439305 -10.3787867844429
140.0520168474196 39.15437462995015 0 0 39.15437462995015 49.53316141439305 -10.3787867844429
140.0520168474196 39.15437462995015 0 0 39.15437462995015 49.53316141439305 -10.3787867844429
140.0520168474196 39.15437462995015 0 0 39.15437462995015 49.53316141439305 -10.3787867844429
140.0520168474196 39.15437462995015 0 0 39.15437462995015 49.53316141439305 -10.3787867844429
140.0520168474196 39.15437462995015 0 0 39.15437462995015 49.53316141439305 -10.3787867844429
140.0520168474196 39.15437462995015 0 0 39.15437462995015 49.53316141439305 -10.3787867844429
140.0520168474196 39.15437462995015 0 0 39.15437462995015 49.53316141439305 -10.3787867844429
140.0520168474196 39.15437462995015 0 0 39.15437462995015 49.53316141439305 -10.3787867844429
140.0520168474196 39.15437462995015 0 0 39.15437462995015 49.53316141439305 -10.3787867844429
140.0520168474196 39.15437462995015 0 0 39.15437462995015 49.53316141439305 -10.3787867844429
138.2110110851363 39.15222746886326 0 0 39.15222746886326 49.53101425330616 -10.3787867844429
138.2334338980198 39.1526407963011 0 0 39.1526407963011 49.531427580744 -10.3787867844429
138.2334338980198 39.1526407963011 0 0 39.1526407963011 49.531427580744 -10.3787867844429
139.3762135944133 39.15320102152148 0 0 39.15320102152148 49.53198780596438 -10.3787867844429
139.2077831549722 39.15555247621502 0 0 39.15555247621502 49.53433926065792 -10.3787867844429
139.2077831549722 39.15555247621502 0 0 39.15555247621502 49.53433926065792 -10.3787867844429
139.2077831549722 39.15555247621502 0 0 39.15555247621502 49.53433926065792 -10.3787867844429
139.2077831549722 39.15555247621502 0 0 39.15555247621502 49.53433926065792 -10.3787867844429
139.2077831549722 39.15555247621502 0 0 39.15555247621502 49.53433926065792 -10.3787867844429
139.2077831549722 39.15555247621502 0 0 39.15555247621502 49.53433926065792 -10.3787867844429
139.2077831549722 39.15555247621502 0 0 39.15555247621502 49.53433926065792 -10.3787867844429
139.2077831549722 39.15555247621502 0 0 39.15555247621502 49.53433926065792 -10.3787867844429
139.2077831549722 39.15555247621502 0 0 39.15555247621502 49.53433926065792 -10.3787867844429
139.2077831549722 39.15555247621502 0 0 39.15555247621502 49.53433926065792 -10.3787867844429
139.2077831549722 39.15555247621502 0 0 39.15555247621502 49.53433926065792 -10.3787867844429
139.9337453206133 39.15452164974637 0 0 39.15452164974637 49.53330843418927 -10.3787867844429
139.9337453206133 39.15452164974637 0 0 39.15452164974637 49.53330843418927 -10.3787867844429
139.8085912137708 39.15362043725413 0 0 39.15362043725413 49.53240722169703 -10.3787867844429
139.8085912137708 39.15362043725413 0 0 39.15362043725413 49.53240722169703 -10.3787867844429
139.8085912137708 39.15362043725413 0 0 39.15362043725413 49.53240722169703 -10.3787867844429
139.8085912137708 39.15362043725413 0 0 39.15362043725413 49.53240722169703 -10.3787867844429
139.8085912137708 39.15362043725413 0 0 39.15362043725413 49.53240722169703 -10.3787867844429
139.8085912137708 39.15362043725413 0 0 39.15362043725413 49.53240722169703 -10.3787867844429
139.8085912137708 39.15362043725413 0 0 39.15362043725413 49.53240722169703 -10.3787867844429
139.8085912137708 39.15362043725413 0 0 39.15362043725413 49.53240722169703 -10.3787867844429
139.8085912137708 39.15362043725413 0 0 39.15362043725413 49.53240722169703 -10.3787867844429
139.8085912137708 39.15362043725413 0 0 39.15362043725413 49.53240722169703 -10.3787867844429
139.8085912137708 39.15362043725413 0 0 39.15362043725413 49.53240722169703 -10.3787867844429
139.8085912137708 39.15362043725413 0 0 39.15362043725413 49.53240722169703 -10.3787867844429
139.8085912137708 39.15362043725413 0 0 39.15362043725413 49.53240722169703 -10.3787867844429
139.8085912137708 39.15362043725413 0 0 39.15362043725413 49.53240722169703 -10.3787867844429
139.8085912137708 39.15362043725413 0 0 39.15362043725413 49.53240722169703 -10.3787867844429
139.8085912137708 39.15362043725413 0 0 39.15362043725413 49.53240722169703 -10.3787867844429
139.7973243580695 39.15125179826667 0 0 39.15125179826667 49.53003858270957 -10.3787867844429
139.8084184687073 39.15243422766946 0 0 39.15243422766946 49.53122101211235 -10.3787867844429
139.8084184687073 39.15243422766946 0 0 39.15243422766946 49.53122101211235 -10.3787867844429
139.7785280291877 39.1509745693831 0 0 39.1509745693831 49.52976135382599 -10.3787867844429
139.7772466999239 39.15036151481686 0 0 39.15036151481686 49.52914829925976 -10.3787867844429
138.2329320251679 39.15088157063126 0 0 39.15088157063126 49.52966835507416 -10.3787867844429
138.2329320251679 39.15088157063126 0 0 39.15088157063126 49.52966835507416 -10.3787867844429
138.2329320251679 39.15088157063126 0 0 39.15088157063126 49.52966835507416 -10.3787867844429
138.2329320251679 39.15088157063126 0 0 39.15088157063126 49.52966835507416 -10.3787867844429
138.2329320251679 39.15088157063126 0 0 39.15088157063126 49.52966835507416 -10.3787867844429
139.9878967816445 39.15147656484623 0 0 39.15147656484623 49.53026334928913 -10.3787867844429
139.9878967816445 39.15147656484623 0 0 39.15147656484623 49.53026334928913 -10.3787867844429
139.9878967816445 39.15147656484623 0 0 39.15147656484623 49.53026334928913 -10.3787867844429
139.9878967816445 39.15147656484623 0 0 39.15147656484623 49.53026334928913 -10.3787867844429
139.9878967816445 39.15147656484623 0 0 39.15147656484623 49.53026334928913 -10.3787867844429
139.9878967816445 39.15147656484623 0 0 39.15147656484623 49.53026334928913 -10.3787867844429
139.9878967816445 39.15147656484623 0 0 39.15147656484623 49.53026334928913 -10.3787867844429
139.9878967816445 39.15147656484623 0 0 39.15147656484623 49.53026334928913 -10.3787867844429
139.9878967816445 39.15147656484623 0 0 39.15147656484623 49.53026334928913 -10.3787867844429
139.9878967816445 39.15147656484623 0 0 39.15147656484623 49.53026334928913 -10.3787867844429
139.9878967816445 39.15147656484623 0 0 39.15147656484623 49.53026334928913 -10.3787867844429
139.9878967816445 39.15147656484623 0 0 39.15147656484623 49.53026334928913 -10.3787867844429
139.9878967816445 39.15147656484623 0 0 39.15147656484623 49.53026334928913 -10.3787867844429
139.9878967816445 39.15147656484623 0 0 39.15147656484623 49.53026334928913 -10.3787867844429
139.9878967816445 39.15147656484623 0 0 39.15147656484623 49.53026334928913 -10.3787867844429
140.0588176666324 39.1524226063369 0 0 39.1524226063369 49.5312093907798 -10.3787867844429
140.0588176666324 39.1524226063369 0 0 39.1524226063369 49.5312093907798 -10.3787867844429
140.0588176666324 39.1524226063369 0 0 39.1524226063369 49.5312093907798 -10.3787867844429
140.0588176666324 39.1524226063369 0 0 39.1524226063369 49.5312093907798 -10.3787867844429
140.0588176666324 39.1524226063369 0 0 39.1524226063369 49.5312093907798 -10.3787867844429
140.0448311054275 39.15281082738549 0 0 39.15281082738549 49.5315976118284 -10.3787867844429
140.051806230569 39.15278810715095 0 0 39.15278810715095 49.53157489159386 -10.3787867844429
140.0384311898702 39.15226366228059 0 0 39.15226366228059 49.53105044672348 -10.3787867844429
140.0426820989472 39.1523512848083 0 0 39.1523512848083 49.5311380692512 -10.3787867844429
140.0501972632256 39.14979002282583 0 0 39.14979002282583 49.52857680726872 -10.3787867844429
140.0501972632256 39.14979002282583 0 0 39.14979002282583 49.52857680726872 -10.3787867844429
140.0501972632256 39.14979002282583 0 0 39.14979002282583 49.52857680726872 -10.3787867844429
140.0501972632256 39.14979002282583 0 0 39.14979002282583 49.52857680726872 -10.3787867844429
140.0501972632256 39.14979002282583 0 0 39.14979002282583 49.52857680726872 -10.3787867844429
140.0501972632256 39.14979002282583 0 0 39.14979002282583 49.52857680726872 -10.3787867844429
140.0501972632256 39.14979002282583 0 0 39.14979002282583 49.52857680726872 -10.3787867844429
140.0501972632256 39.14979002282583 0 0 39.14979002282583 49.52857680726872 -10.3787867844429
140.0501972632256 39.14979002282583 0 0 39.14979002282583 49.52857680726872 -10.3787867844429
140.0501972632256 39.14979002282583 0 0 39.14979002282583 49.52857680726872 -10.3787867844429
140.0501972632256 39.14979002282583 0 0 39.14979002282583 49.52857680726872 -10.3787867844429
140.0501972632256 39.14979002282583 0 0 39.14979002282583 49.52857680726872 -10.3787867844429
140.0501972632256 39.14979002282583 0 0 39.14979002282583 49.52857680726872 -10.3787867844429
139.9795434188106 39.15265987766908 0 0 39.15265987766908 49.53144666211197 -10.3787867844429
139.9795434188106 39.15265987766908 0 0 39.15265987766908 49.53144666211197 -10.3787867844429
139.9795434188106 39.15265987766908 0 0 39.15265987766908 49.53144666211197 -10.3787867844429
139.9795434188106 39.15265987766908 0 0 39.15265987766908 49.53144666211197 -10.3787867844429
139.9795434188106 39.15265987766908 0 0 39.15265987766908 49.53144666211197 -10.3787867844429
139.9795434188106 39.15265987766908 0 0 39.15265987766908 49.53144666211197 -10.3787867844429
139.9795434188106 39.15265987766908 0 0 39.15265987766908 49.53144666211197 -10.3787867844429
139.9795434188106 39.15265987766908 0 0 39.15265987766908 49.53144666211197 -10.3787867844429
139.9795434188106 39.15265987766908 0 0 39.15265987766908 49.53144666211197 -10.3787867844429
139.9795434188106 39.15265987766908 0 0 39.15265987766908 49.53144666211197 -10.3787867844429
139.9795434188106 39.15265987766908 0 0 39.15265987766908 49.53144666211197 -10.3787867844429
139.9795434188106 39.15265987766908 0 0 39.15265987766908 49.53144666211197 -10.3787867844429
139.9795434188106 39.15265987766908 0 0 39.15265987766908 49.53144666211197 -10.3787867844429
139.9795434188106 39.15265987766908 0 0 39.15265987766908 49.53144666211197 -10.3787867844429
139.9795434188106 39.15265987766908 0 0 39.15265987766908 49.53144666211197 -10.3787867844429
139.9795434188106 39.15265987766908 0 0 39.15265987766908 49.53144666211197 -10.3787867844429
139.9795434188106 39.15265987766908 0 0 39.15265987766908 49.53144666211197 -10.3787867844429
139.9795434188106 39.15265987766908 0 0 39.15265987766908 49.53144666211197 -10.3787867844429
139.9660220531001 39.14933952679986 0 0 39.14933952679986 49.52812631124276 -10.3787867844429
139.9660220531001 39.14933952679986 0 0 39.14933952679986 49.52812631124276 -10.3787867844429
139.9660220531001 39.14933952679986 0 0 39.14933952679986 49.52812631124276 -10.3787867844429
139.9660220531001 39.14933952679986 0 0 39.14933952679986 49.52812631124276 -10.3787867844429
139.9660220531001 39.14933952679986 0 0 39.14933952679986 49.52812631124276 -10.3787867844429
139.9786139619767 39.14759428652653 0 0 39.14759428652653 49.52638107096942 -10.3787867844429
139.9711349059737 39.15012226953718 0 0 39.15012226953718 49.52890905398008 -10.3787867844429
139.9922275268215 39.14913892853932 0 0 39.14913892853932 49.52792571298222 -10.3787867844429
139.9922275268215 39.14913892853932 0 0 39.14913892853932 49.52792571298222 -10.3787867844429
139.9690272451319 39.15162185299182 0 0 39.15162185299182 49.53040863743472 -10.3787867844429
139.9690272451319 39.15162185299182 0 0 39.15162185299182 49.53040863743472 -10.3787867844429
139.9690272451319 39.15162185299182 0 0 39.15162185299182 49.53040863743472 -10.3787867844429
139.9690272451319 39.15162185299182 0 0 39.15162185299182 49.53040863743472 -10.3787867844429
139.9690272451319 39.15162185299182 0 0 39.15162185299182 49.53040863743472 -10.3787867844429
139.9690272451319 39.15162185299182 0 0 39.15162185299182 49.53040863743472 -10.3787867844429
139.9606994778763 39.15027014482128 0 0 39.15027014482128 49.52905692926417 -10.3787867844429
139.9701255220935 39.14928480855309 0 0 39.14928480855309 49.52807159299599 -10.3787867844429
140.0001197280419 39.14831629210765 0 0 39.14831629210765 49.52710307655055 -10.3787867844429
139.9989330717092 39.14769689439261 0 0 39.14769689439261 49.5264836788355 -10.3787867844429
139.9914000522049 39.14931520859504 0 0 39.14931520859504 49.52810199303794 -10.3787867844429
139.9929365655228 39.15273597978624 0 0 39.15273597978624 49.53152276422914 -10.3787867844429
139.9929365655228 39.15273597978624 0 0 39.15273597978624 49.53152276422914 -10.3787867844429
139.9929365655228 39.15273597978624 0 0 39.15273597978624 49.53152276422914 -10.3787867844429
139.9836037623472 39.1527474031337 0 0 39.1527474031337 49.5315341875766 -10.3787867844429
139.9666322241971 39.15397225569735 0 0 39.15397225569735 49.53275904014026 -10.3787867844429
139.9666322241971 39.15397225569735 0 0 39.15397225569735 49.53275904014026 -10.3787867844429
139.9666322241971 39.15397225569735 0 0 39.15397225569735 49.53275904014026 -10.3787867844429
139.9666322241971 39.15397225569735 0 0 39.15397225569735 49.53275904014026 -10.3787867844429
139.9666322241971 39.15397225569735 0 0 39.15397225569735 49.53275904014026 -10.3787867844429
139.9346941500438 39.156435836011 0 0 39.156435836011 49.53522262045389 -10.3787867844429
139.9377111028723 39.15855115642066 0 0 39.15855115642066 49.53733794086356 -10.3787867844429
139.9406122831039 39.15851790737796 0 0 39.15851790737796 49.53730469182086 -10.3787867844429
139.9302135129175 39.15550619414449 0 0 39.15550619414449 49.53429297858739 -10.3787867844429
139.9290592744888 39.15529991115849 0 0 39.15529991115849 49.53408669560139 -10.3787867844429
139.9243938434407 39.15407976420038 0 0 39.15407976420038 49.53286654864328 -10.3787867844429
139.9243938434407 39.15407976420038 0 0 39.15407976420038 49.53286654864328 -10.3787867844429
139.9205957405356 39.15484082616292 0 0 39.15484082616292 49.53362761060583 -10.3787867844429
139.9205957405356 39.15484082616292 0 0 39.15484082616292 49.53362761060583 -10.3787867844429
139.9345511525422 39.15577323192072 0 0 39.15577323192072 49.53456001636362 -10.3787867844429
139.9333864940013 39.15909890068598 0 0 39.15909890068598 49.53788568512887 -10.3787867844429
139.9333864940013 39.15909890068598 0 0 39.15909890068598 49.53788568512887 -10.3787867844429
139.9333864940013 39.15909890068598 0 0 39.15909890068598 49.53788568512887 -10.3787867844429
139.7708069811035 39.15313862561476 0 0 39.15313862561476 49.53192541005765 -10.3787867844429
139.3930216389605 39.15296862962472 0 0 39.15296862962472 49.53175541406762 -10.3787867844429
139.3930216389605 39.15296862962472 0 0 39.15296862962472 49.53175541406762 -10.3787867844429
139.3930216389605 39.15296862962472 0 0 39.15296862962472 49.53175541406762 -10.3787867844429
139.3930216389605 39.15296862962472 0 0 39.15296862962472 49.53175541406762 -10.3787867844429
139.3930216389605 39.15296862962472 0 0 39.15296862962472 49.53175541406762 -10.3787867844429
139.3930216389605 39.15296862962472 0 0 39.15296862962472 49.53175541406762 -10.3787867844429
139.3930216389605 39.15296862962472 0 0 39.15296862962472 49.53175541406762 -10.3787867844429
139.3930216389605 39.15296862962472 0 0 39.15296862962472 49.53175541406762 -10.3787867844429
139.4174390724978 39.15296191552466 0 0 39.15296191552466 49.53174869996756 -10.3787867844429
139.4342265877526 39.15446766529737 0 0 39.15446766529737 49.53325444974027 -10.3787867844429
139.4342265877526 39.15446766529737 0 0 39.15446766529737 49.53325444974027 -10.3787867844429
139.4342265877526 39.15446766529737 0 0 39.15446766529737 49.53325444974027 -10.3787867844429
139.4342265877526 39.15446766529737 0 0 39.15446766529737 49.53325444974027 -10.3787867844429
138.3667804699119 39.15444308446835 0 0 39.15444308446835 49.53322986891125 -10.3787867844429
138.1855519407935 39.15045560127562 0 0 39.15045560127562 49.52924238571853 -10.3787867844429
138.2359939101275 39.14713841975527 0 0 39.14713841975527 49.52592520419816 -10.3787867844429
138.2359939101275 39.14713841975527 0 0 39.14713841975527 49.52592520419816 -10.3787867844429
138.2359939101275 39.14713841975527 0 0 39.14713841975527 49.52592520419816 -10.3787867844429
138.2359939101275 39.14713841975527 0 0 39.14713841975527 49.52592520419816 -10.3787867844429
138.2255657305861 39.14934410715627 0 0 39.14934410715627 49.52813089159916 -10.3787867844429
138.2281091112938 39.15148052329323 0 0 39.15148052329323 49.53026730773613 -10.3787867844429
138.2281091112938 39.15148052329323 0 0 39.15148052329323 49.53026730773613 -10.3787867844429
138.308471412606 39.15304783768701 0 0 39.15304783768701 49.53183462212991 -10.3787867844429
138.308471412606 39.15304783768701 0 0 39.15304783768701 49.53183462212991 -10.3787867844429
138.308471412606 39.15304783768701 0 0 39.15304783768701 49.53183462212991 -10.3787867844429
138.308471412606 39.15304783768701 0 0 39.15304783768701 49.53183462212991 -10.3787867844429
138.308471412606 39.15304783768701 0 0 39.15304783768701 49.53183462212991 -10.3787867844429
138.308471412606 39.15304783768701 0 0 39.15304783768701 49.53183462212991 -10.3787867844429
138.308471412606 39.15304783768701 0 0 39.15304783768701 49.53183462212991 -10.3787867844429
138.308471412606 39.15304783768701 0 0 39.15304783768701 49.53183462212991 -10.3787867844429
138.308471412606 39.15304783768701 0 0 39.15304783768701 49.53183462212991 -10.3787867844429
138.308471412606 39.15304783768701 0 0 39.15304783768701 49.53183462212991 -10.3787867844429
138.308471412606 39.15304783768701 0 0 39.15304783768701 49.53183462212991 -10.3787867844429
138.308471412606 39.15304783768701 0 0 39.15304783768701 49.53183462212991 -10.3787867844429
138.308471412606 39.15304783768701 0 0 39.15304783768701 49.53183462212991 -10.3787867844429
138.308471412606 39.15304783768701 0 0 39.15304783768701 49.53183462212991 -10.3787867844429
138.308471412606 39.15304783768701 0 0 39.15304783768701 49.53183462212991 -10.3787867844429
136.7710633164034 39.15241206576664 0 0 39.15241206576664 49.53119885020954 -10.3787867844429
137.682683109519 39.15215894354807 0 0 39.15215894354807 49.53094572799098 -10.3787867844429
137.682683109519 39.15215894354807 0 0 39.15215894354807 49.53094572799098 -10.3787867844429
137.682683109519 39.15215894354807 0 0 39.15215894354807 49.53094572799098 -10.3787867844429
138.5836981773299 39.15310690124585 0 0 39.15310690124585 49.53189368568875 -10.3787867844429
139.3704245084046 39.14952025399937 0 0 39.14952025399937 49.52830703844226 -10.3787867844429
139.2029565814497 39.14862164572206 0 0 39.14862164572206 49.52740843016496 -10.3787867844429
139.2029565814497 39.14862164572206 0 0 39.14862164572206 49.52740843016496 -10.3787867844429
139.2029565814497 39.14862164572206 0 0 39.14862164572206 49.52740843016496 -10.3787867844429
139.2029565814497 39.14862164572206 0 0 39.14862164572206 49.52740843016496 -10.3787867844429
139.3310318525299 39.14892133404109 0 0 39.14892133404109 49.52770811848399 -10.3787867844429
139.3310318525299 39.14892133404109 0 0 39.14892133404109 49.52770811848399 -10.3787867844429
139.3310318525299 39.14892133404109 0 0 39.14892133404109 49.52770811848399 -10.3787867844429
139.3310318525299 39.14892133404109 0 0 39.14892133404109 49.52770811848399 -10.3787867844429
139.3310318525299 39.14892133404109 0 0 39.14892133404109 49.52770811848399 -10.3787867844429
139.3231480085782 39.15109394928982 0 0 39.15109394928982 49.52988073373272 -10.3787867844429
139.3231480085782 39.15109394928982 0 0 39.15109394928982 49.52988073373272 -10.3787867844429
139.3046627467212 39.14941564535121 0 0 39.14941564535121 49.52820242979411 -10.3787867844429
139.3078063782525 39.14936998335392 0 0 39.14936998335392 49.52815676779682 -10.3787867844429
139.2978893265027 39.14995572464971 0 0 39.14995572464971 49.52874250909262 -10.3787867844429
139.2978893265027 39.14995572464971 0 0 39.14995572464971 49.52874250909262 -10.3787867844429
139.2978893265027 39.14995572464971 0 0 39.14995572464971 49.52874250909262 -10.3787867844429
139.2978893265027 39.14995572464971 0 0 39.14995572464971 49.52874250909262 -10.3787867844429
139.2978893265027 39.14995572464971 0 0 39.14995572464971 49.52874250909262 -10.3787867844429
139.2978893265027 39.14995572464971 0 0 39.14995572464971 49.52874250909262 -10.3787867844429
139.2978893265027 39.14995572464971 0 0 39.14995572464971 49.52874250909262 -10.3787867844429
139.2978893265027 39.14995572464971 0 0 39.14995572464971 49.52874250909262 -10.3787867844429
139.2978893265027 39.14995572464971 0 0 39.14995572464971 49.52874250909262 -10.3787867844429
139.2978893265027 39.14995572464971 0 0 39.14995572464971 49.52874250909262 -10.3787867844429
139.2978893265027 39.14995572464971 0 0 39.14995572464971 49.52874250909262 -10.3787867844429
139.2978893265027 39.14995572464971 0 0 39.14995572464971 49.52874250909262 -10.3787867844429
139.2978893265027 39.14995572464971 0 0 39.14995572464971 49.52874250909262 -10.3787867844429
139.3770912270531 39.14765518220422 0 0 39.14765518220422 49.52644196664711 -10.3787867844429
139.3770912270531 39.14765518220422 0 0 39.14765518220422 49.52644196664711 -10.3787867844429
139.0752722403033 39.14706557951095 0 0 39.14706557951095 49.52585236395385 -10.3787867844429
139.0752722403033 39.14706557951095 0 0 39.14706557951095 49.52585236395385 -10.3787867844429
139.0752722403033 39.14706557951095 0 0 39.14706557951095 49.52585236395385 -10.3787867844429
139.0752722403033 39.14706557951095 0 0 39.14706557951095 49.52585236395385 -10.3787867844429
139.0752722403033 39.14706557951095 0 0 39.14706557951095 49.52585236395385 -10.3787867844429
139.0752722403033 39.14706557951095 0 0 39.14706557951095 49.52585236395385 -10.3787867844429
139.0840929242951 39.14706484756036 0 0 39.14706484756036 49.52585163200325 -10.3787867844429
139.0821291503791 39.1484464907092 0 0 39.1484464907092 49.52723327515211 -10.3787867844429
139.0821291503791 39.1484464907092 0 0 39.1484464907092 49.52723327515211 -10.3787867844429
139.0839194824605 39.14870139423624 0 0 39.14870139423624 49.52748817867914 -10.3787867844429
138.2247217815467 39.1365726260141 0 0 39.1365726260141 49.51535941045699 -10.3787867844429
138.2247217815467 39.1365726260141 0 0 39.1365726260141 49.51535941045699 -10.3787867844429
138.2247217815467 39.1365726260141 0 0 39.1365726260141 49.51535941045699 -10.3787867844429
138.5534191351141 39.14131333717582 0 0 39.14131333717582 49.52010012161872 -10.3787867844429
138.5534191351141 39.14131333717582 0 0 39.14131333717582 49.52010012161872 -10.3787867844429
138.5534191351141 39.14131333717582 0 0 39.14131333717582 49.52010012161872 -10.3787867844429
138.5534191351141 39.14131333717582 0 0 39.14131333717582 49.52010012161872 -10.3787867844429
138.5568991779821 39.14021659229648 0 0 39.14021659229648 49.51900337673938 -10.3787867844429
138.5869563035212 39.14005679287085 0 0 39.14005679287085 49.51884357731375 -10.3787867844429
138.5826765296756 39.1383119994882 0 0 39.1383119994882 49.51709878393109 -10.3787867844429
138.5888756207667 39.13873561851575 0 0 39.13873561851575 49.51752240295865 -10.3787867844429
138.598052646136 39.13577983824432 0 0 39.13577983824432 49.51456662268721 -10.3787867844429
138.5974672437416 39.13709125827393 0 0 39.13709125827393 49.51587804271682 -10.3787867844429
138.5983764375973 39.13516510552664 0 0 39.13516510552664 49.51395188996953 -10.3787867844429
138.5793388150141 39.1330025162964 0 0 39.1330025162964 49.5117893007393 -10.3787867844429
138.6056323446466 39.13437121283748 0 0 39.13437121283748 49.51315799728037 -10.3787867844429
138.6056323446466 39.13437121283748 0 0 39.13437121283748 49.51315799728037 -10.3787867844429
138.6056323446466 39.13437121283748 0 0 39.13437121283748 49.51315799728037 -10.3787867844429
137.7928060099941 39.13230561074617 0 0 39.13230561074617 49.51109239518907 -10.3787867844429
137.7928060099941 39.13230561074617 0 0 39.13230561074617 49.51109239518907 -10.3787867844429
137.7928060099941 39.13230561074617 0 0 39.13230561074617 49.51109239518907 -10.3787867844429
137.7928060099941 39.13230561074617 0 0 39.13230561074617 49.51109239518907 -10.3787867844429
137.7928060099941 39.13230561074617 0 0 39.13230561074617 49.51109239518907 -10.3787867844429
137.7928060099941 39.13230561074617 0 0 39.13230561074617 49.51109239518907 -10.3787867844429
137.7928060099941 39.13230561074617 0 0 39.13230561074617 49.51109239518907 -10.3787867844429
138.7214636862778 39.13225939608756 0 0 39.13225939608756 49.51104618053046 -10.3787867844429
138.7237721121347 39.13308197750595 0 0 39.13308197750595 49.51186876194885 -10.3787867844429
138.7151707097329 39.1341240641142 0 0 39.1341240641142 49.51291084855711 -10.3787867844429
138.7112313454487 39.13609819136718 0 0 39.13609819136718 49.51488497581008 -10.3787867844429
138.7336050753872 39.13430628753234 0 0 39.13430628753234 49.51309307197524 -10.3787867844429
138.7507402414423 39.13595131501522 0 0 39.13595131501522 49.51473809945811 -10.3787867844429
138.7510044555045 39.13646339291624 0 0 39.13646339291624 49.51525017735914 -10.3787867844429
138.7739121578006 39.13761003235649 0 0 39.13761003235649 49.51639681679939 -10.3787867844429
138.7691295091349 39.13796247120945 0 0 39.13796247120945 49.51674925565234 -10.3787867844429
138.7837765403531 39.14239164340898 0 0 39.14239164340898 49.52117842785189 -10.3787867844429
138.7680822675479 39.14303000961446 0 0 39.14303000961446 49.52181679405736 -10.3787867844429
138.7709777792203 39.14411630413974 0 0 39.14411630413974 49.52290308858264 -10.3787867844429
138.7774846866317 39.14094291145037 0 0 39.14094291145037 49.51972969589327 -10.3787867844429
138.7758267031188 39.14091963488993 0 0 39.14091963488993 49.51970641933282 -10.3787867844429
138.7803745384423 39.13955316246341 0 0 39.13955316246341 49.51833994690632 -10.3787867844429
138.7855013116157 39.13737196352135 0 0 39.13737196352135 49.51615874796424 -10.3787867844429
138.7855013116157 39.13737196352135 0 0 39.13737196352135 49.51615874796424 -10.3787867844429
138.7984611815215 39.13381995081868 0 0 39.13381995081868 49.51260673526157 -10.3787867844429
138.8118701598674 39.13217537610271 0 0 39.13217537610271 49.5109621605456 -10.3787867844429
138.8183458381631 39.13218641730055 0 0 39.13218641730055 49.51097320174344 -10.3787867844429
138.8183458381631 39.13218641730055 0 0 39.13218641730055 49.51097320174344 -10.3787867844429
138.8183458381631 39.13218641730055 0 0 39.13218641730055 49.51097320174344 -10.3787867844429
138.8183458381631 39.13218641730055 0 0 39.13218641730055 49.51097320174344 -10.3787867844429
138.8183458381631 39.13218641730055 0 0 39.13218641730055 49.51097320174344 -10.3787867844429
138.8183458381631 39.13218641730055 0 0 39.13218641730055 49.51097320174344 -10.3787867844429
138.8183458381631 39.13218641730055 0 0 39.13218641730055 49.51097320174344 -10.3787867844429
138.8110572245269 39.13251580830938 0 0 39.13251580830938 49.51130259275227 -10.3787867844429
138.7888978668987 39.13273159980558 0 0 39.13273159980558 49.51151838424848 -10.3787867844429
138.8007375884389 39.13115774222609 0 0 39.13115774222609 49.50994452666899 -10.3787867844429
138.8133504842257 39.12988371961394 0 0 39.12988371961394 49.50867050405684 -10.3787867844429
138.8149259442114 39.13129994524736 0 0 39.13129994524736 49.51008672969026 -10.3787867844429
138.8248202175595 39.13293907517969 0 0 39.13293907517969 49.51172585962259 -10.3787867844429
138.8193501921434 39.13182475709333 0 0 39.13182475709333 49.51061154153622 -10.3787867844429
138.8095976954941 39.13100698153841 0 0 39.13100698153841 49.5097937659813 -10.3787867844429
138.8211162606854 39.13251044678557 0 0 39.13251044678557 49.51129723122848 -10.3787867844429
138.8117292969645 39.13212238869436 0 0 39.13212238869436 49.51090917313725 -10.3787867844429
138.8117292969645 39.13212238869436 0 0 39.13212238869436 49.51090917313725 -10.3787867844429
138.8117292969645 39.13212238869436 0 0 39.13212238869436 49.51090917313725 -10.3787867844429
138.8117292969645 39.13212238869436 0 0 39.13212238869436 49.51090917313725 -10.3787867844429
138.8117292969645 39.13212238869436 0 0 39.13212238869436 49.51090917313725 -10.3787867844429
138.8117292969645 39.13212238869436 0 0 39.13212238869436 49.51090917313725 -10.3787867844429
138.8117292969645 39.13212238869436 0 0 39.13212238869436 49.51090917313725 -10.3787867844429
138.803245480492 39.1312714102412 0 0 39.1312714102412 49.51005819468409 -10.3787867844429
138.8163496440664 39.13404815589546 0 0 39.13404815589546 49.51283494033835 -10.3787867844429
138.8377678136417 39.13484902705648 0 0 39.13484902705648 49.51363581149937 -10.3787867844429
138.832066989754 39.13672834456453 0 0 39.13672834456453 49.51551512900743 -10.3787867844429
138.832066989754 39.13672834456453 0 0 39.13672834456453 49.51551512900743 -10.3787867844429
139.2668747630849 39.1383710468468 0 0 39.1383710468468 49.5171578312897 -10.3787867844429
139.2668747630849 39.1383710468468 0 0 39.1383710468468 49.5171578312897 -10.3787867844429
139.2668747630849 39.1383710468468 0 0 39.1383710468468 49.5171578312897 -10.3787867844429
139.2668747630849 39.1383710468468 0 0 39.1383710468468 49.5171578312897 -10.3787867844429
