injected_SNR residual_SNR_maxL residual_SNR_rd residual_SNR_med
5.0 6.83327968474419 4.999999999999777 4.999999999999777
10.0 7.060418743035545 8.725604476330174 5.614111760676533
20.0 8.966750672589201 5.821188394497701 6.2930160406694515
30.0 7.259846101708568 8.621456960182604 7.449335976891848
40.0 8.499191476974458 8.56041427397474 5.681278652326397
50.0 8.780752291788657 6.3757559289399675 5.606755836582534
10.0 6.136323214786208 4.377195687303181 4.462702468126188
20.0 7.8668685956664675 5.643221605463962 4.423543514923232
30.0 8.636464978507128 6.980023205597058 5.7655459258993655
40.0 7.091038773794584 7.977204593725815 7.187141792839244
50.0 7.726558119328061 6.534222007882466 3.9660546645216552
5.0 6.821008160730426 5.0000000000000195 5.0000000000000195
10.0 7.957394010210843 5.685754554671135 4.248589811484897
20.0 7.383198386341203 6.639701403434921 7.509768422859736
30.0 9.606395084549112 8.906155458692226 7.358347533129446
40.0 7.980567894401011 9.90608636128715 9.307933892249991
50.0 10.428676730583325 10.29043392819118 7.553714111558704
5.0 7.609643909210404 5.000000000000167 5.000000000000167
10.0 5.594317699329417 1.9575664942735762 2.199930220407008
20.0 7.740652325515624 3.163977652512663 2.8878414457222714
30.0 8.321273188813006 3.917271967814594 3.887236334901173
40.0 7.881558801985201 6.744298756943476 4.797796755603242
50.0 10.285241622223722 6.075161437562109 5.873038347930157
5.0 8.443863347154354 5.000000000000162 5.000000000000162
10.0 8.231452471721445 7.329239015557362 5.409914714696144
20.0 11.103597115429876 9.623133003853487 9.020584225187488
30.0 12.259405929630052 11.840062761290715 10.795754276021267
40.0 10.777125343635916 11.616402843670096 10.743570838378183
50.0 12.691583834899314 13.426516707507478 12.686256736192487
5.0 6.657107686539445 5.000000000000044 5.000000000000044
10.0 8.16905171350458 6.182599469147492 5.587180699570674
20.0 8.411087028976869 6.041599148379497 4.132471943932517
30.0 8.524995927261367 6.083901210334932 4.3758519478759785
40.0 5.850888071913945 7.983079806304256 4.334521469814077
50.0 7.636023232735374 5.749966601685397 4.478179089824505
5.0 7.020239137478616 4.99999999999996 3.1735598921257324
10.0 8.97616700364845 6.319884670637592 5.916358482421534
20.0 8.465986225223357 10.983250926488754 10.951647073043436
30.0 8.490203114795767 9.229477361085825 7.603817713432441
40.0 9.525422555843086 9.750083744930263 8.55649645874822
50.0 9.185559751296129 9.453970405449592 9.452093472673083
5.0 6.67762186710482 4.999999999999827 4.999999999999827
10.0 7.156698347394291 3.163711409450086 1.2992651194511575
20.0 6.186857624571178 2.6871773068456872 1.1937467339056411
30.0 5.469852422594655 6.04120943917807 0.9369788161255678
40.0 7.6503442582077135 4.604169509096087 1.045695644981315
50.0 6.1995554943267255 2.1464554613867164 1.219178330071806
5.0 7.007923032911332 4.748152844850383 4.999999999999854
10.0 8.514056518795979 4.6755143643179435 5.023899169796915
20.0 9.308380652059734 8.69970011225368 7.162496163871446
30.0 6.730269607995189 7.1747033303584375 4.99910682740584
40.0 6.483224746728393 8.125696248954819 5.330071823749493
50.0 6.428285112259412 7.433840037248008 5.880776375177025
5.0 8.545844016260657 5.000000000000076 5.000000000000076
10.0 5.809057549783308 1.979628260977164 2.339283533702853
20.0 8.629302267787168 2.1564945671677975 2.3688949394785603
30.0 6.58778186179452 3.6402882462735846 2.2338228478105333
40.0 5.074368643095226 4.4814328785317326 2.388711756275833
50.0 6.242370093246248 2.7499424806456467 2.287328670078322
5.0 6.99914088679673 5.0000000000005995 5.0000000000005995
10.0 7.120678624047579 5.367229577983112 2.4726027500158896
20.0 5.949730383426644 5.196272227970126 4.666794107284823
30.0 9.294449094159006 4.2710621278637975 4.333989078858004
40.0 8.905900833461745 5.4946875619440325 5.077076056521001
50.0 4.561824554765478 7.615255536814426 6.107211607626314
5.0 6.9546372710543825 4.999999999999982 1.9982087022427975
10.0 7.582524509790622 3.469281379487633 2.008300120319203
20.0 5.413206720497167 2.078884076433059 2.0610884682471293
30.0 8.075546429037201 2.4692876719931296 2.286315879627015
40.0 5.971430070370227 2.4475672864021454 2.4422458648502237
50.0 7.448375042428666 4.739912516872189 2.6126982686926055
5.0 6.36828075794341 5.000000000000151 5.000000000000151
10.0 7.791418606161306 5.378121327457332 5.331696563381591
20.0 8.337617275017127 4.733254259274319 3.6590945191975814
30.0 7.720834710644095 4.771416617660128 3.7736106650403203
40.0 8.473821639359018 4.5810229258327855 3.592038498076827
50.0 7.652248575203818 4.750691730316226 3.4804702818254065
5.0 9.676798183943415 5.000000000000087 5.000000000000087
10.0 8.214401405108324 7.078518024537289 6.64766861902711
20.0 7.417627547619779 9.83381534397822 8.487790054235985
30.0 8.395448654779038 8.387392919295088 6.6376077449086015
40.0 7.259323461669921 11.56087014534509 8.564786014206108
50.0 7.985390459478179 8.061853156338822 7.302261401796198
5.0 8.022330071839075 5.000000000000438 5.000000000000438
10.0 9.372519716269895 6.736203069989845 5.941490492084492
20.0 9.020994971445372 9.472550918007402 8.139829980804109
30.0 5.985293195461284 8.286133505707713 6.3356670438477956
40.0 7.096432103624423 8.780230027242755 6.107391513799008
50.0 8.006494244064118 7.795369759076238 7.117788134076612
5.0 6.100049544522484 5.000000000000215 5.000000000000215
10.0 7.71100746573809 8.088611536495133 6.564517212602686
20.0 9.036941785662016 8.166687238769281 6.655702472701491
30.0 6.756554781743724 9.571678596374513 8.380482396237712
40.0 7.698364584350442 8.863662592742966 7.7137633279743465
50.0 8.750231291123283 10.285456912302681 8.765999955805288
5.0 9.4254021480414 5.604685654909873 4.160302349779134
10.0 9.286961268378532 5.647411231438977 6.1381770759868095
20.0 7.785441450938413 6.813910034664133 5.189852664453186
30.0 8.502498707965147 4.6057260734072925 3.7032252772403007
40.0 7.064260635981581 6.255811481285067 3.644929365567309
50.0 7.845342110258702 5.401798392456263 3.218751382723383
5.0 5.692160178314145 4.999999999999989 4.999999999999989
10.0 7.724011122963986 2.398285528748073 2.5379165488994686
20.0 7.66654381222482 5.5037516750035875 4.750173561717578
30.0 6.8396398564927665 7.416826455478706 6.536614735208075
40.0 6.88892967664266 4.776383290762536 4.285878436930418
50.0 7.120300862312355 6.767940955707971 4.595490741528084
5.0 8.026677673162203 5.000000000000138 5.000000000000138
10.0 8.939277867824524 7.222967881338497 6.47413632627935
20.0 8.105525732127461 8.94785971292935 5.290759612807487
30.0 5.564572455559373 9.331436385796682 5.240479982475509
40.0 6.739822005247565 7.478574442366916 5.379605534861091
50.0 6.43965793367723 8.463333718171826 6.143985437193457
5.0 4.836924845802816 4.999999999999976 4.999999999999976
10.0 7.6327914042280405 4.913985370718834 2.102724509582162
20.0 7.942758320917026 2.3384270812510293 1.8549473239777612
30.0 6.023097538312656 3.5464106029839297 1.8991895477592518
40.0 6.899723306679989 2.800280263681519 1.8280865912950817
50.0 7.727511330649709 3.9681634515554682 2.040198862080122
5.0 7.285623949384048 5.000000000000022 5.000000000000022
10.0 8.36150121467561 6.4400311309647345 5.861343127795345
20.0 7.154953320773881 8.108898932371018 6.731445409808069
30.0 9.710856240956224 9.100546140125813 8.751285556257127
40.0 11.795031047430163 11.408933421345871 10.997069575175974
50.0 13.798587037646817 14.325472137061007 13.323250635296754
5.0 8.186119988317067 5.000000000000478 5.000000000000478
10.0 7.790789888883816 2.562470946704538 2.0198082824100094
20.0 5.581052209124923 1.919766792139839 1.920904053347688
30.0 5.421439132131916 3.4026102247722863 2.2755834404999575
40.0 6.28733525138208 1.8486045863249105 2.016820830573413
50.0 7.334800627905709 2.589404862587361 2.0498524383589727
5.0 6.0702277456009055 5.000000000000023 5.000000000000023
10.0 7.4221205201103855 7.888938489063968 6.444033145507502
20.0 7.580413442345227 4.6835300493699705 3.135722079497378
30.0 7.480408851482228 7.946826048308043 3.2711470458327376
40.0 6.972543160026343 7.018358769716571 3.206949474688314
50.0 6.598742475198158 4.833281748961503 3.274824675974107
5.0 7.276320804039109 5.000000000000123 5.000000000000123
10.0 8.808631470784055 5.304089221587822 4.957106367061105
20.0 7.744765205733226 7.616436559674655 5.0729578941530225
30.0 7.984267777371745 8.213644360857973 7.0088706145131265
40.0 6.638345243253007 5.388487777970104 5.1022226255733
50.0 7.383331479193905 8.00186216165911 5.405286333494033
50.0 5.47979696586483 3.0249641876988123 2.0561492480286288
5.0 5.4062605878435415 5.818134453712682 5.00000000000011
10.0 8.97233826506277 4.673567776873868 4.339531442465439
20.0 8.698523413768365 8.106452435817683 7.644248687708611
30.0 10.710366208917238 9.364381239241172 9.13098687317978
40.0 11.436499408523343 10.999543183170578 9.561751335707212
50.0 12.035247102352866 11.1530750314788 11.187671913790856
5.0 5.458660800034911 5.000000000000096 5.000000000000096
10.0 7.16802274615121 3.1911778202057386 3.192397702190619
20.0 7.159847621416309 4.592486094011469 3.722200939816426
30.0 8.221729986471473 6.120469571879049 5.026326297639378
40.0 4.950662420622032 5.894008556433125 6.008522806069243
50.0 6.3975095229758 7.95851174338483 7.023805150183787
5.0 8.66374027811755 5.000000000000005 5.000000000000005
10.0 7.143866396409664 5.668822552357472 3.983609193540668
20.0 6.362661182283204 4.559848497256004 4.417020259985221
30.0 8.826651820072321 6.326705265495857 6.1265312247311225
40.0 9.33700436500617 9.508884677861891 8.06259917391383
50.0 7.892379575662444 9.128153714525071 7.844319850614005
5.0 7.416108351451537 5.000000000000008 5.000000000000008
10.0 7.524077146283793 10.000000000000016 10.000000000000016
20.0 7.590867167484622 9.907974330627223 9.223770732335876
30.0 8.335966587408192 10.171989886449378 8.057793115765351
40.0 9.657770335379904 11.316798701470077 9.505929110577558
50.0 11.302902390607244 12.486729145942771 11.063616540328105
5.0 7.265850538110154 5.000000000000003 5.000000000000003
10.0 9.709668301713725 10.000000000000005 10.000000000000005
20.0 8.33815906324167 10.070701333787373 7.596827001943149
30.0 8.614818056207115 9.228278144916562 9.536917084367683
40.0 10.16259934499794 11.31664834593681 9.78285529067168
50.0 12.291684198994364 12.852633687880143 11.813836551602074
5.0 7.538097094312534 5.0000000000000195 5.0000000000000195
10.0 8.971848769312153 10.63551859411444 6.442440757715388
20.0 11.379618216786652 8.71202991454956 6.898031856721194
30.0 7.822900105146237 10.212226076982011 9.204751217204969
40.0 9.588372826923322 11.086582860721428 8.767450622261167
50.0 10.157680084534066 12.46527647954305 9.936540573890953
5.0 7.113059830532029 4.999999999999973 3.2842145119151462
10.0 8.598693336365194 5.017997562718117 3.45881904756983
20.0 8.735762440752659 5.0711867850373284 5.220356856006458
30.0 8.487995892049792 5.749049905088939 5.209549991242789
40.0 7.231697848132843 7.223696497635504 6.1746651274729665
50.0 6.569815313497932 5.0838226679783 3.47756545380675
5.0 6.7747083817218545 5.00000000000035 5.00000000000035
10.0 6.672751699605349 6.763513795359501 4.4383858480684
20.0 7.58063778890737 6.259224094471145 3.639873221910608
30.0 7.0572771118435025 3.5737998747386475 3.8743710683831996
40.0 7.639259063279655 6.253712020753663 4.459028361664933
50.0 7.028288067617666 5.8972826799525455 4.929715880497203
5.0 7.030549433222513 4.999999999999911 4.999999999999911
10.0 6.90660917408479 4.837010756814502 4.796303947731935
20.0 9.070924659022655 7.430155594006138 6.035453015170319
30.0 8.309057973245068 7.568700120347563 4.400723446328526
40.0 8.061756671175022 4.577232338144248 4.260616915833727
50.0 6.403416834446687 8.01843947894047 4.446408200201021
5.0 7.0045580462293096 5.000000000000069 2.5980534022937682
10.0 7.537967680294394 1.9237235229122531 1.5707988534599715
20.0 6.848383238539033 2.8222335000671315 1.659536215551831
30.0 6.159435043603079 3.506531626678462 1.9505222258309807
40.0 6.211585430997214 2.580589470798235 1.9958757341423239
50.0 7.780374480550427 3.1952227209393356 2.020299112523568
5.0 7.470482328141007 4.999999999999764 4.999999999999764
10.0 10.263333836572201 9.248957123929177 9.999999999999527
20.0 7.305925486899603 8.747083976473181 5.613154956023281
30.0 8.530174581632812 8.037134813067038 6.029172325048133
40.0 8.240023245895895 6.506057868018554 6.109869848157921
50.0 7.302057964244808 8.399881107602303 6.535435908755868
5.0 5.11437503298157 4.999999999999923 4.999999999999923
10.0 7.9582019099143935 3.3257923574937913 3.9022119026526814
20.0 8.325301726166089 4.988349220868437 4.736911046727752
30.0 7.269694807821171 6.101912601765913 4.0940480576177345
40.0 8.958410813955826 3.941563100035194 4.853399275017274
50.0 6.4680144467281595 5.565625441636551 5.353018179038189
5.0 6.854777107021216 5.000000000000057 5.000000000000057
10.0 7.979669918138706 6.272916466618264 4.102281973102314
20.0 9.699156284715253 6.051486513135714 6.372759836964395
30.0 10.161422489854772 9.808707047428628 8.006285082542734
40.0 9.678263778326587 12.045237647985509 10.058538737106499
50.0 9.354904990415331 11.258567260456568 10.310546433702587
5.0 7.547336662324237 5.000000000000105 5.000000000000105
10.0 7.0353345848507445 6.3561058538408455 6.341069977043529
20.0 6.677370506742882 6.825710946380997 6.6754330804068545
30.0 7.216250952704123 5.75008072173097 3.333594824735791
40.0 5.7584421634340455 5.575764825959443 3.6286422853526776
50.0 7.063696464485885 5.690100437611802 3.918581935211494
5.0 7.897469971813344 4.999999999999792 4.999999999999792
10.0 7.188309666003331 5.4282720213660705 4.710899477853496
20.0 9.636583399168034 7.764559475425249 7.308131402664415
30.0 8.783948283700164 8.466913967940679 6.833066385058762
40.0 8.735164398941265 7.4645437765980995 6.647527248782676
50.0 6.392693260746866 9.138342209480244 7.576370962782711
5.0 7.005477680577698 2.2882883663714106 1.6763316585401697
10.0 6.974173189322206 2.9328145219696022 2.62223697590616
20.0 8.129003839837871 3.791214475810402 3.897459837596091
30.0 8.314222313066908 5.259340235610295 5.096421279052913
40.0 8.475463993945612 6.505546956434304 3.759421889961059
50.0 9.290099576676475 5.905241409102004 4.294025412942299
5.0 8.811632133248237 4.999999999999973 4.999999999999973
10.0 7.373252447230877 5.348500334472745 3.7625868475597435
20.0 10.018280177126016 4.0842195070665195 4.426482686834521
30.0 6.208309860874356 6.4126888848085475 5.55714709854666
40.0 6.23388243067204 8.264359816730579 4.3962467261960265
50.0 7.274235926398335 5.783804926754889 4.783711564157509
5.0 6.513115934277419 6.350673379188651 4.999999999999993
10.0 6.54779303564412 4.93254517381184 2.3162626983174346
20.0 8.281383522900558 4.831987821348581 4.5008088928066226
30.0 7.833419229296682 4.354287057249659 3.279903169189162
40.0 6.999097378579978 5.2360320929175845 3.890979305699245
50.0 8.713916725491465 5.0562595796417975 4.493309919811369
5.0 7.043729456577547 5.000000000000012 5.000000000000012
10.0 5.335608081309731 3.6957657657974887 2.3391124495438325
20.0 7.219911239652908 3.8512220090925697 3.914435289296166
30.0 8.635215020590659 5.657688128087789 5.499714102056608
40.0 7.848665184909574 2.731492880827687 3.716536560326009
50.0 7.148787037257467 5.187828814642675 2.63406213468162
5.0 6.781998267225915 5.000000000000027 5.000000000000027
10.0 9.089972868862588 7.27610462466269 5.810031442987121
20.0 8.667566474612519 8.737668703572721 7.052701849409816
30.0 10.230360455611258 11.212555035932077 9.133445250842383
40.0 10.862242000789546 12.405068152646049 10.220058084647958
50.0 12.584453710868052 12.706749264742331 11.942889945695343
5.0 9.589250554128073 5.000000000000083 5.000000000000083
10.0 8.660447428223751 6.785137927165931 5.049121870261613
20.0 7.308330718568984 7.45049950477675 6.965556612607293
30.0 6.56313446574747 7.243920897459391 6.558048719039288
40.0 7.7867064758919495 9.261080033855503 6.494681367617458
50.0 8.13354613946635 9.242014130275841 7.549352332839694
5.0 7.699386966574662 5.000000000000027 5.000000000000027
10.0 9.410201358760537 8.305522776880842 6.862169279971674
20.0 9.618100475892875 9.7971432227826 7.663105235507598
30.0 11.122726609637233 9.312564499960125 7.830191091073004
40.0 8.819506939445267 10.237708624208821 9.75550048313361
50.0 7.313245568224911 9.091191677097912 8.96146173302472
5.0 7.0192771616872625 5.000000000000183 5.000000000000183
10.0 6.445305287773223 4.3474728966610146 3.4996192234638848
20.0 6.952127471848186 4.143987850098597 3.0557107668408996
30.0 7.6874316023771145 3.507412340865358 2.6656599986838607
40.0 5.33268493310999 5.004718394146912 2.521486533244766
50.0 7.069850336722835 3.9231711575888393 2.4974682890554507
5.0 7.64531773153714 4.999999999999792 4.999999999999792
10.0 7.277692798921944 3.487057699688302 2.207424425758386
20.0 7.90149219778723 3.916018301613277 2.135994724519887
30.0 6.653242272406563 3.816121879986007 2.39034751239492
40.0 7.78742477946348 2.6733725751148687 2.2561847918138485
50.0 5.536781744957265 3.0606070238446854 2.3637288401676306
5.0 7.12636707766901 5.00000000000014 5.00000000000014
10.0 8.577060676906287 5.9818290701390975 3.8764954660871376
20.0 8.805401949480977 6.127178741380734 5.110606742992255
30.0 8.736213152526929 7.365767735003446 5.9650851781859515
40.0 8.32055424792918 8.240604248685337 6.879403664989473
50.0 8.27937693241715 7.502312674423748 6.543200367436049
