injected_SNR residual_SNR_maxL residual_SNR_rd residual_SNR_med
5.0 6.750475075052985 5.305954433314615 4.999759094014126
10.0 7.931456749378028 5.881490544029548 4.774669025372349
20.0 5.949066899650755 3.593373939064626 3.2766822731478507
30.0 6.38765541337458 3.5093307697135603 3.231782076470459
40.0 6.204551800292837 2.9452564027561334 3.2619401897457534
50.0 6.275078475755997 4.979980100134425 3.2860188959635073
5.0 5.650662721704887 3.993525968967388 0.9446995000125665
10.0 7.362684116083418 4.958533391940316 1.4624024228186043
20.0 6.35455490899627 4.210815595662674 1.6135673252817078
30.0 6.455044076883273 6.796110564797141 1.6984813265190877
40.0 7.29733646611587 5.0833401345878055 1.6767647830990207
50.0 6.342635584192311 1.911451061724916 1.8168436661526097
5.0 6.476735382271857 7.098297572627735 4.99534636473636
10.0 6.365673807978052 5.987349676946427 4.0716648319664985
20.0 6.052053761614211 6.328904129674511 5.0418057372270395
30.0 7.868309100921574 6.788330572830734 4.991709839218776
40.0 4.300207520279362 4.773598153280645 5.868743363999885
50.0 4.42206237840724 5.044211933455978 3.8906542644887425
5.0 6.521004695147776 7.304208922653743 4.998024640738581
10.0 7.00994520491264 5.126328423598892 1.9809733554715985
20.0 7.127749316083413 5.6950898975022985 2.3645009497086082
30.0 6.206926048803529 4.293734502152816 2.985067996892726
40.0 5.953792010524394 4.891930911547596 3.3915728353075583
50.0 8.012230430600912 5.303244394892276 3.997560161940816
5.0 9.019029313972716 7.9012632353650245 4.999871132788723
10.0 6.272085561271048 6.589655218569243 4.823400228514413
20.0 5.789908966051734 4.693262376610275 2.7490435979393504
30.0 6.1836661240387985 5.185208112123164 3.171886939512989
40.0 6.3495882694233785 3.8239222763027256 3.337331977457665
50.0 6.346718303877545 4.723392250124577 3.7338874713631496
5.0 8.695947275663295 5.943716347146485 4.999897753431422
10.0 6.9070414131458655 6.897667013967264 5.659973211484747
20.0 4.917289334982432 5.331069673809726 4.200680914300923
30.0 4.5984655637642105 6.071094148323222 4.304231810950472
40.0 5.401798032797324 4.171102570435476 4.410187789409675
50.0 4.502278098243502 6.025946720839631 4.619025567672193
5.0 7.584643652447991 7.017529968029516 4.999669322198581
10.0 6.439183133258935 7.8431761589150275 4.528075276917128
20.0 6.699500604398675 6.9245754245708255 5.245904356537487
30.0 4.979666723677423 6.9528866485277465 6.3159674917389
40.0 3.6747955185517323 5.098944483896096 4.504089803387134
50.0 4.434537219368759 6.882574347293614 4.455538339393207
5.0 6.645107347517124 8.476369260482617 3.0753038573570364
10.0 7.443643142088501 5.380506102567274 3.789315462038586
20.0 5.206542789874269 3.8545545924536566 1.8871437207382635
30.0 5.589006866101085 3.910561644824329 1.9658970034854668
40.0 5.787091992489318 5.802411273470758 2.1438626106190775
50.0 5.360211746869444 5.321834973497758 2.1396016179714756
5.0 6.680003672783705 5.502939788126475 4.999982899198356
10.0 8.16737435444037 6.852400439969196 4.804807289504161
20.0 7.711638531133922 7.286185037997309 5.607978403786053
30.0 3.811090485256949 4.986610305956843 4.221004380262044
40.0 2.5305974352625196 4.2923042493134735 3.5133765366239125
50.0 3.896798444040799 7.404635434683571 3.542888210533989
5.0 5.081812661222384 6.476402948730769 1.7889158339559972
10.0 8.007367604134158 6.524814325837492 3.349256645364477
20.0 6.871356517343675 6.854060937775205 5.967253014177008
30.0 6.185876488725081 5.594107619827199 3.2900517316487887
40.0 6.826972639244017 5.389269780334248 3.6700648455516607
50.0 6.181455409471224 6.601689226131564 3.9122415086161473
5.0 6.508935395883137 8.056502781366932 4.999603007283147
10.0 7.59264250779806 6.670202852012866 4.32330886731102
20.0 8.132190965251704 6.937671854262793 6.383961674536513
30.0 3.8053617919567304 4.828017634195879 3.918641484201458
40.0 4.017787145986255 4.248179035873628 4.169616688185654
50.0 3.8883760170074457 4.6049302512447765 3.9499361585842965
5.0 7.382001183909413 4.666208101039759 1.4076077854688667
10.0 6.343299284362743 6.558686281272603 1.668559289663323
20.0 6.1392470427008865 5.6027585270916145 2.088903729014647
30.0 6.584693489344622 6.596524881264691 2.2791550185818035
40.0 6.681272066485662 3.0331627395128384 2.395732065323303
50.0 6.981652738032507 4.0506158699242665 2.7409277825901954
5.0 7.975303728732259 8.710266001508877 4.9999597330259276
10.0 8.204766805126692 7.625102031948386 5.5456782947068595
20.0 7.696385195119384 6.096741521574966 5.198981058133846
30.0 4.768820239479043 7.654003698223653 6.566516513019107
40.0 5.45299027625756 7.223635150408278 5.006350317053029
50.0 5.315266773864014 7.336528972339724 4.999683830541643
5.0 9.433445742458069 5.9823330646448305 4.999939406747786
10.0 6.173530963490109 5.107087653102964 3.89538526341831
20.0 6.430340154046075 4.694599177314281 3.9015367391921076
30.0 4.9506931130221945 5.734991460562434 4.384123746779809
40.0 5.015137350181593 6.664399889355426 4.660877999553862
50.0 5.084637103516634 5.849387996859819 5.0666459426897665
5.0 6.717714970348499 4.807186708023963 2.6986240987116084
10.0 7.418450056017883 4.645259916407824 3.5835463479371557
20.0 6.212237227598745 5.846869329406818 5.102695642858814
30.0 4.051223197240078 4.730714998752776 3.500616007738823
40.0 4.012339953886093 5.769804287251135 3.825954583260721
50.0 4.076099628778452 6.044972859773069 3.958566257197983
5.0 7.310272747483359 5.598677689320644 4.999205475393814
10.0 4.440081867700219 5.7748025119746975 3.916771494092002
20.0 5.177476537626155 5.841704819603648 2.6167541570852166
30.0 5.487577540109838 4.174005389359293 2.7084129145295393
40.0 5.797030461623044 4.619861671075673 2.7493154979860144
50.0 5.6663872780407925 5.04845620340004 2.933338855141918
5.0 7.830230426893667 6.969448885056272 4.229439433221862
10.0 9.172767140753729 8.197554337959719 6.213562883011476
20.0 7.1635788725023835 6.724425410133044 5.135783951941039
30.0 4.041064730809206 6.014068500137077 3.4750294980888103
40.0 3.80164069000031 4.77419749118779 3.647500618317555
50.0 3.9729897650191823 4.335697860022717 3.5164643412669023
5.0 6.70443459423695 5.094944414861666 4.995020960339103
10.0 6.87336659793726 4.005999573014078 2.592910441383476
20.0 8.019443404438062 5.895567315175091 4.758657681049974
30.0 6.013520867292489 5.407204419618759 4.4435763948075016
40.0 6.739280031028301 4.322154303932352 4.274515354396805
50.0 6.472369371474532 5.374709051247518 4.707854567456901
5.0 6.756273730952434 6.537566563243553 4.999795637989566
10.0 4.082158006626082 7.876792700521972 5.441767937125746
20.0 3.683280623056127 4.4917156343361935 2.9477235492096976
30.0 4.253743252894927 5.910063201368651 3.5085144110532607
40.0 3.9591470014570467 7.547075943265006 3.633872873185313
50.0 4.936277339827529 6.446791522790143 3.5791745739152003
5.0 6.170880705348304 4.337711400518072 2.6409838675249984
10.0 6.969826570855224 6.299077495785838 3.633043260022758
20.0 6.019864996771236 4.855370765465691 4.455021739605612
30.0 7.793596960812016 6.465624871380947 5.430114270820295
40.0 8.532691588060322 9.622383136311436 6.586020563510264
50.0 4.545001347310302 4.780448498200518 4.619757434428192
5.0 6.029025089439871 6.886691248298156 4.998322063672784
10.0 4.017563144338005 7.144254065211121 5.0972710327948265
20.0 3.941017843420502 4.7480636908008975 3.3481267663993073
30.0 3.652647922020554 4.948598494269357 3.306548461951739
40.0 4.081013168328113 5.314951213568844 3.3554331772431842
50.0 4.53905455889027 5.260088952906866 3.534743824757819
5.0 6.511437954914237 6.83847556070334 3.202373217820213
10.0 5.4267915413731975 7.400544273447394 3.0314757527026885
20.0 6.980116036094303 6.471848200173473 3.797022506570172
30.0 6.65547828671766 5.053440267483604 3.5375201277655046
40.0 6.448966123643844 3.392864015309013 3.670333131680283
50.0 5.974113764162352 5.67142264967846 3.6227258022158515
5.0 7.3325847475454395 6.8808490831598705 4.999497624088565
10.0 7.649510321062357 6.920293349013711 6.110386919129182
20.0 3.528941269969005 3.554630247061226 3.317222996391014
30.0 3.7693214643562527 4.826172803275057 3.273267205894237
40.0 3.632074791540399 5.752422280219619 3.2409992322793095
50.0 3.047177529774538 4.764705145098779 3.282927369595489
5.0 7.278586300344066 6.142299266364686 4.9998869471891405
10.0 6.917898010873231 5.375005351615424 3.753884513797041
20.0 5.309721937130264 7.124002921352177 6.101452902336393
30.0 6.452520455716018 4.117731223947728 3.5763903659010743
40.0 6.618673140831754 6.16373760124544 3.5851809634050453
50.0 6.448446620563096 4.947843232646677 3.555763310523584
50.0 4.618735499985474 4.004755401600388 2.1044364472150097
5.0 7.870316328922986 7.188124463928667 4.99940373784822
10.0 7.790603952461024 5.864215175593796 4.124282049122309
20.0 5.174738319365404 6.1298672999911545 4.319075943978659
30.0 5.441335715731552 7.288539854822927 4.253673160694796
40.0 4.878712125833882 4.457137716731766 4.486438364154393
50.0 4.657146762938382 7.481360432981712 4.48646898998822
5.0 8.065751825128533 6.419245367614434 4.999237779005221
10.0 6.910994073974577 4.063591707493282 2.9443713124257007
20.0 5.6769801742538935 5.43686848601949 3.337397943828268
30.0 5.383701136285152 6.97794389311117 4.078761649306628
40.0 6.848595571907475 5.601762977690011 4.736817952038677
50.0 4.548487690793639 6.032594494670515 5.155251400590842
5.0 6.299704460079509 6.1539120036788315 4.999741066129075
10.0 7.827057931178778 5.8479945368844986 5.1512890024879985
20.0 4.936829638132785 5.161718520750471 4.010474210272199
30.0 4.24482140036557 5.844022561556647 4.157914001380665
40.0 4.231413797829481 7.1402516421992175 4.226955431230489
50.0 5.111960882253378 5.878998360700738 4.4390562345973805
5.0 7.336608708030187 7.670223497161101 4.99968334455901
10.0 8.768456483528343 7.53522208540193 6.3392262130214885
20.0 6.2829353404118296 4.941361430278874 4.017608834952456
30.0 6.780822643290046 6.781510906921716 3.945107878573984
40.0 6.315417352662812 5.48796506602682 4.404978027386602
50.0 8.181639795156364 5.434526684566476 4.576272411362863
5.0 8.698308247348175 8.385796526115518 5.000005108340742
10.0 6.423726127340974 7.4730004319379875 7.196348227962251
20.0 2.560266788409545 4.690732051455963 3.694394857106028
30.0 2.6651318456747424 5.993067598008865 3.1558911101576026
40.0 2.545819891508602 4.583479825722922 2.8973709864011203
50.0 3.3747223166803426 5.152186294774144 2.832279864588866
5.0 6.979305016525829 5.807683746818305 4.99971496682894
10.0 6.70521556100778 5.582444256773179 3.932692819605764
20.0 6.459331273962306 4.867379834706388 4.066704162557898
30.0 6.503410755931496 7.233086264866718 4.5965217812380725
40.0 7.484684316939944 6.337439000600075 5.220161438341217
50.0 7.29249693729903 5.995065652328537 5.921237031180772
5.0 6.656342929625697 5.172822790357442 2.9961792480063494
10.0 6.748010463593864 5.84252001181604 3.263296498602219
20.0 7.731369278793439 5.8385802683418175 5.157324462270059
30.0 6.255659895739167 6.914456131451476 5.19340676233766
40.0 4.067874913667397 7.5667055776620185 6.180672988414941
50.0 3.8162366235588934 5.184815347998115 3.6984126694436728
5.0 8.40919908246593 8.939233711862851 3.3182921144975603
10.0 5.146066068961374 4.138038278137009 3.177870829118672
20.0 7.116340065412056 5.541717795292641 4.973037128575005
30.0 9.045948859832361 6.753381905082791 6.337229259501739
40.0 4.626454592968413 6.44052299241774 4.915476982065267
50.0 5.301717103027301 3.9121876854941204 4.93106498466891
5.0 9.606244680800765 5.804341776257379 4.999910422076775
10.0 7.701578120895999 5.324137349382293 4.74744934002149
20.0 7.975917228288291 6.967812343918502 6.103060437760492
30.0 4.6614139346655 5.631408247226985 4.278645681744884
40.0 3.722471756359359 5.806140983692667 4.315247264729029
50.0 4.975808095506258 5.928792827225094 4.246511761631787
5.0 5.968403607266805 3.273304956136752 1.5912309494491546
10.0 7.195560089813759 3.2497674405998827 2.060466653895528
20.0 6.5516345558694775 4.637532235776504 3.185338744993917
30.0 7.100379418355651 7.347748172132041 4.138658339848512
40.0 6.963019464371181 7.867866030267518 3.647879961818244
50.0 6.794984899637091 8.611909304870226 3.8856162837404384
5.0 7.972190624961411 7.761002032177901 4.999969826529187
10.0 8.35539810266753 6.327928615715124 6.23253797824511
20.0 4.405865501349577 5.94328109409505 4.5945806944262095
30.0 5.336793093308203 6.868646733080731 4.583263334895191
40.0 5.226646694459382 6.46306020806626 4.57091843233222
50.0 5.0596286415051805 6.2926001606293855 4.633101723301414
5.0 6.289679523409832 3.5768273289557806 2.197316230291706
10.0 6.585284350606886 4.830557898734299 2.8250758858902283
20.0 5.9048661728900935 6.168929934208919 4.373565172976665
30.0 6.27969670413334 4.662240117902234 3.1104957216105857
40.0 6.08876689593244 4.1979954975161275 3.5865605414923056
50.0 6.105808138376523 5.161232028814455 4.028942467085065
5.0 6.342517779214994 8.336179865152374 3.9031925896565967
10.0 9.47773211448676 8.355408081603041 7.084482608444566
20.0 4.88573489444685 6.562913859188162 4.540636672514313
30.0 4.375452134718917 6.72081048513702 4.2347369831796104
40.0 4.960775822764172 6.215778836301348 4.131208811229795
50.0 4.399045259684299 6.582007558387255 4.359095909691468
5.0 5.842955679430081 6.769984225907937 4.999075559093206
10.0 4.217819312492812 3.4608794586976903 5.4646196190759815
20.0 5.2664079172040745 4.391441302780534 2.7326431072882387
30.0 6.335020117607822 3.418940446153614 3.0341808283681835
40.0 6.3462306274974125 4.722626753387731 3.285938992300387
50.0 6.5105662064520375 4.249162879683833 3.8787961818505665
5.0 6.157735822254779 5.62757800685641 4.996172532229586
10.0 6.77793981959636 5.276078034038049 3.056385205130039
20.0 7.727477641808213 6.702435779986851 5.595327593348537
30.0 7.384149945743428 8.612053174839547 6.130653217748284
40.0 7.503474966548404 8.882334215524885 6.229222065869617
50.0 4.102631523055832 5.650516835279919 4.405530297420651
5.0 6.120268517731219 4.820925904950749 1.5459990500976792
10.0 7.290976496317149 6.4939449298971255 2.095539287362476
20.0 6.231173061860103 2.8124803732065886 2.2136247474936157
30.0 6.650893712377204 3.9889231287883278 2.5560247171464403
40.0 7.240777976848215 3.185004650865113 2.733187827559858
50.0 7.1962270786162765 4.54940608977057 2.6913870882447113
5.0 9.356615433857085 5.975994963513278 4.9999872485454775
10.0 7.931381744280833 5.806533415740358 3.849601622790396
20.0 8.192990080926291 5.555029846916094 4.590509858663482
30.0 7.681763014933903 7.450533996127037 5.399765315054863
40.0 5.89048937922108 7.991095732955237 5.0248522727902545
50.0 5.029527550330145 5.599936276881459 4.650784266382577
5.0 6.156929187406974 6.43567702168767 4.9995935015583335
10.0 7.867680540761967 5.466169069753886 3.8533471979904226
20.0 4.87144852594556 5.302935784832683 3.9291375306782443
30.0 4.015188561194934 6.470809239874099 3.791401537456582
40.0 4.364264556744642 5.666613333634682 3.6951847244283815
50.0 4.721357870567493 6.0085778174816795 3.8215175397526138
5.0 7.752234929615255 8.03602211157756 2.836163688559576
10.0 6.927515507481138 5.55141097444652 3.1626107421250325
20.0 9.272470557478679 7.38688272779813 5.659860859328929
30.0 7.928025787868018 8.196829142271014 5.55593199700227
40.0 3.0516662121710034 4.4189315379710035 3.8092703661357166
50.0 3.3191697542911123 4.845627974749687 2.938010644008887
5.0 7.2865688914236255 7.253603049068071 3.7832079970397827
10.0 6.651875377930978 7.3365461508873855 4.747706563172702
20.0 4.035520203686428 5.051203509665766 3.9176931295829434
30.0 4.282550978147244 6.098227944239431 3.5861329928438215
40.0 4.617835363460323 3.5796341470247905 3.8691335782416094
50.0 4.644949536255994 6.788619865329752 3.8071032463033596
5.0 5.733321279658197 5.318707523073473 4.999829336377833
10.0 7.3255009968858324 4.21960933085777 3.0390588605461986
20.0 7.142752305375878 7.072556573683387 3.8094102573805406
30.0 4.437029217670118 5.3208543099326535 5.178464569507142
40.0 3.7075082939606854 4.568292977166821 3.3187332285196667
50.0 4.095922628782305 5.030778676472044 3.4484282492420415
5.0 7.798164078728834 6.066635232696735 5.000029917188656
10.0 8.671122204406565 7.660732559734849 5.962395805826435
20.0 6.752972102696517 4.549142724370472 4.280673124011244
30.0 6.288912502132443 7.3849088893761605 4.380584478410087
40.0 6.860540713400809 6.720853957802499 4.772379583736728
50.0 7.177351550435164 7.320986965848799 4.870401787403319
5.0 8.807241700624092 7.834476920891828 4.999971090972589
10.0 6.350961694619026 6.6598070746755145 2.32018894624157
20.0 6.827075905499584 3.909050255053886 3.177692510239744
30.0 7.073572611398724 6.073269429191757 4.223638690610952
40.0 7.946139902832557 6.985010955263765 5.355251706692486
50.0 7.405074218042623 7.61621085555738 6.591112681122027
5.0 6.980360048525391 6.25513522433292 4.995193565591789
10.0 7.340269669938964 5.97411879225303 4.06725156953718
20.0 5.897838190821017 4.852457363064397 4.139891614744211
30.0 6.605559388045594 5.162716050597753 4.444394616531016
40.0 5.993710366699196 5.725182281231757 4.659974750711117
50.0 6.312051000849841 5.168536646454862 4.571445991579197
5.0 6.995937856516534 7.107323065112149 3.213466278476349
10.0 7.409947343851732 7.00919163298431 3.298402403907771
20.0 8.342251348834228 6.176205187713451 4.808399828412016
30.0 8.055525293614092 6.513357648956265 5.954800035859687
40.0 6.663380668846692 5.9562985681109355 5.712405857806699
50.0 5.357955899910392 6.224296309741744 4.5380862089909755
