domain units: Hz
measurement data type: Positive<double>
segment length (sec): 4
sampling rate (Hz): 1024
domain bounds (Hz): [0, 512.25)
support bounds (Hz): [20, 512)support indexes: [80, 2048)
---------------
domainValue measuredValue
0 1
0.25 1
0.5 1
0.75 1
1 1
1.25 1
1.5 1
1.75 1
2 1
2.25 1
2.5 1
2.75 1
3 1
3.25 1
3.5 1
3.75 1
4 1
4.25 1
4.5 1
4.75 1
5 1
5.25 1
5.5 1
5.75 1
6 1
6.25 1
6.5 1
6.75 1
7 1
7.25 1
7.5 1
7.75 1
8 1
8.25 1
8.5 1
8.75 1
9 1
9.25 1
9.5 1
9.75 1
10 1
10.25 1
10.5 1
10.75 1
11 1
11.25 1
11.5 1
11.75 1
12 1
12.25 1
12.5 1
12.75 1
13 1
13.25 1
13.5 1
13.75 1
14 1
14.25 1
14.5 1
14.75 1
15 1
15.25 1
15.5 1
15.75 1
16 1
16.25 1
16.5 1
16.75 1
17 1
17.25 1
17.5 1
17.75 1
18 1
18.25 1
18.5 1
18.75 1
19 1
19.25 1
19.5 1
19.75 1
20 3.03536625e-43
20.25 2.591015e-43
20.5 2.15767125e-43
20.75 1.75805875e-43
21 1.40865375e-43
21.25 1.12504875e-43
21.5 9.580812499999999e-44
21.75 2.450805e-43
22 2.51475875e-41
22.25 2.75709e-43
22.5 3.88934e-44
22.75 2.27849125e-44
23 1.66474875e-44
23.25 1.267805e-44
23.5 9.7916875e-45
23.75 7.723905e-45
24 6.181148750000001e-45
24.25 5.052705e-45
24.5 4.22471e-45
24.75 3.602935e-45
25 3.12914e-45
25.25 2.7606075e-45
25.5 2.474465e-45
25.75 2.249135e-45
26 2.06794875e-45
26.25 1.91911125e-45
26.5 1.79641e-45
26.75 1.69393875e-45
27 1.60650875e-45
27.25 1.53278125e-45
27.5 1.46769875e-45
27.75 1.40602e-45
28 1.34918875e-45
28.25 1.29378375e-45
28.5 1.24159e-45
28.75 1.19284375e-45
29 1.14664375e-45
29.25 1.102535e-45
29.5 1.05958125e-45
29.75 1.019585e-45
30 9.8151375e-46
30.25 9.4562125e-46
30.5 9.108925e-46
30.75 8.774937500000001e-46
31 8.45336625e-46
31.25 8.14827125e-46
31.5 7.858532499999999e-46
31.75 7.577044999999999e-46
32 7.310519999999999e-46
32.25 7.055886250000001e-46
32.5 6.81118375e-46
32.75 6.57552e-46
33 6.3511875e-46
33.25 6.13622625e-46
33.5 5.92998e-46
33.75 5.73117125e-46
34 5.540745e-46
34.25 5.35766e-46
34.5 5.1849175e-46
34.75 5.01783625e-46
35 4.86065125e-46
35.25 4.710545e-46
35.5 4.56974e-46
35.75 4.429547499999999e-46
36 4.2873775e-46
36.25 4.153065e-46
36.5 4.026785e-46
36.75 3.90319125e-46
37 3.785608749999999e-46
37.25 3.67219125e-46
37.5 3.563245e-46
37.75 3.45687125e-46
38 3.35535375e-46
38.25 3.25668e-46
38.5 3.16383375e-46
38.75 3.07456625e-46
39 2.9899625e-46
39.25 2.908815e-46
39.5 2.8290325e-46
39.75 2.75344125e-46
40 2.68107e-46
40.25 2.61093e-46
40.5 2.543485e-46
40.75 2.4782625e-46
41 2.41612875e-46
41.25 2.35571e-46
41.5 2.29718125e-46
41.75 2.24118125e-46
42 2.18645875e-46
42.25 2.13401125e-46
42.5 2.08324375e-46
42.75 2.03413875e-46
43 1.98631125e-46
43.25 1.9399975e-46
43.5 1.89518875e-46
43.75 1.851885e-46
44 1.810095e-46
44.25 1.769635e-46
44.5 1.72984e-46
44.75 1.6913575e-46
45 1.65391625e-46
45.25 1.617595e-46
45.5 1.5828225e-46
45.75 1.5492925e-46
46 1.51636625e-46
46.25 1.48435e-46
46.5 1.45334e-46
46.75 1.42354625e-46
47 1.39463625e-46
47.25 1.36640875e-46
47.5 1.3387325e-46
47.75 1.312115e-46
48 1.28622375e-46
48.25 1.261155e-46
48.5 1.236515e-46
48.75 1.2124175e-46
49 1.18895875e-46
49.25 1.1663575e-46
49.5 1.1444125e-46
49.75 1.12305375e-46
50 1.102395e-46
50.25 1.08248875e-46
50.5 1.06309875e-46
50.75 1.04419875e-46
51 1.02585e-46
51.25 1.00793875e-46
51.5 9.904125e-47
51.75 9.7351625e-47
52 9.570662500000001e-47
52.25 9.411412500000001e-47
52.5 9.254875e-47
52.75 9.1028875e-47
53 8.955012500000001e-47
53.25 8.81265e-47
53.5 8.67440875e-47
53.75 8.540734999999999e-47
54 8.408811249999999e-47
54.25 8.2790225e-47
54.5 8.15541125e-47
54.75 8.03488875e-47
55 7.91653625e-47
55.25 7.801447500000001e-47
55.5 7.689815000000001e-47
55.75 7.583065e-47
56 7.47929e-47
56.25 7.378227500000001e-47
56.5 7.2785125e-47
56.75 7.18265625e-47
57 7.089801249999999e-47
57.25 7.000078750000001e-47
57.5 6.9109425e-47
57.75 6.82542e-47
58 6.74142875e-47
58.25 6.6579625e-47
58.5 6.57689375e-47
58.75 6.4975575e-47
59 6.42009375e-47
59.25 6.34405625e-47
59.5 6.26975125e-47
59.75 6.197485e-47
60 6.1283775e-47
60.25 6.060845e-47
60.5 5.995228750000001e-47
60.75 5.9300325e-47
61 5.86628e-47
61.25 5.8026675e-47
61.5 5.741855e-47
61.75 5.68246e-47
62 5.6247975e-47
62.25 5.56878875e-47
62.5 5.51166e-47
62.75 5.45556375e-47
63 5.4019525e-47
63.25 5.349505e-47
63.5 5.29825625e-47
63.75 5.24785625e-47
64 5.1986025e-47
64.25 5.15027625e-47
64.5 5.10318375e-47
64.75 5.05638875e-47
65 5.01157125e-47
65.25 4.96727e-47
65.5 4.923388750000001e-47
65.75 4.88012e-47
66 4.83791875e-47
66.25 4.795568749999999e-47
66.5 4.7541725e-47
66.75 4.71328375e-47
67 4.673445e-47
67.25 4.63502375e-47
67.5 4.59641875e-47
67.75 4.55900375e-47
68 4.52185125e-47
68.25 4.4855475e-47
68.5 4.449742500000001e-47
68.75 4.41525875e-47
69 4.380915e-47
69.25 4.34734125e-47
69.5 4.31424875e-47
69.75 4.281725e-47
70 4.249516250000001e-47
70.25 4.21775375e-47
70.5 4.18663875e-47
70.75 4.15676625e-47
71 4.1274275e-47
71.25 4.09836875e-47
71.5 4.06921375e-47
71.75 4.041038749999999e-47
72 4.01394e-47
72.25 3.98696375e-47
72.5 3.96006625e-47
72.75 3.93395625e-47
73 3.90837125e-47
73.25 3.88290875e-47
73.5 3.858575e-47
73.75 3.8346175e-47
74 3.8105725e-47
74.25 3.78706125e-47
74.5 3.76436375e-47
74.75 3.741815e-47
75 3.719905e-47
75.25 3.6982225e-47
75.5 3.6770825e-47
75.75 3.65626625e-47
76 3.63587e-47
76.25 3.6155525e-47
76.5 3.5961275e-47
76.75 3.57728875e-47
77 3.55833625e-47
77.25 3.5400925e-47
77.5 3.52169125e-47
77.75 3.5040075e-47
78 3.48634125e-47
78.25 3.46927e-47
78.5 3.45244375e-47
78.75 3.4360725e-47
79 3.420095e-47
79.25 3.40421375e-47
79.5 3.38863875e-47
79.75 3.373405e-47
80 3.35855625e-47
80.25 3.34411e-47
80.5 3.329795e-47
80.75 3.31580375e-47
81 3.3019e-47
81.25 3.2880575e-47
81.5 3.274705e-47
81.75 3.26192125e-47
82 3.24858625e-47
82.25 3.23621375e-47
82.5 3.22408625e-47
82.75 3.211775e-47
83 3.20005875e-47
83.25 3.188605e-47
83.5 3.1772825e-47
83.75 3.1662225e-47
84 3.15525875e-47
84.25 3.144505e-47
84.5 3.13404e-47
84.75 3.12382875e-47
85 3.11380125e-47
85.25 3.1039575e-47
85.5 3.09435e-47
85.75 3.085005e-47
86 3.07538e-47
86.25 3.06628875e-47
86.5 3.0571625e-47
86.75 3.0485175e-47
87 3.03975e-47
87.25 3.03151625e-47
87.5 3.023195e-47
87.75 3.0151625e-47
88 3.00699e-47
88.25 2.9991675e-47
88.5 2.9914325e-47
88.75 2.98396e-47
89 2.9764e-47
89.25 2.96919875e-47
89.5 2.96198875e-47
89.75 2.95502375e-47
90 2.9480675e-47
90.25 2.941225e-47
90.5 2.93467125e-47
90.75 2.927995e-47
91 2.92172125e-47
91.25 2.91561375e-47
91.5 2.90941875e-47
91.75 2.903215e-47
92 2.89718625e-47
92.25 2.89111375e-47
92.5 2.8851725e-47
92.75 2.87938875e-47
93 2.87408625e-47
93.25 2.86846875e-47
93.5 2.86316625e-47
93.75 2.8575225e-47
94 2.85203625e-47
94.25 2.84704e-47
94.5 2.84197375e-47
94.75 2.837065e-47
95 2.83192875e-47
95.25 2.82716875e-47
95.5 2.82218125e-47
95.75 2.81773625e-47
96 2.81299375e-47
96.25 2.80846125e-47
96.5 2.803675e-47
96.75 2.79920375e-47
97 2.7947675e-47
97.25 2.790165e-47
97.5 2.78593875e-47
97.75 2.781765e-47
98 2.7774775e-47
98.25 2.77328625e-47
98.5 2.7690075e-47
98.75 2.76458e-47
99 2.7604675e-47
99.25 2.7562675e-47
99.5 2.75232125e-47
99.75 2.748235e-47
100 2.74428875e-47
100.25 2.7402725e-47
100.5 2.7362125e-47
100.75 2.7321875e-47
101 2.7281625e-47
101.25 2.7240325e-47
101.5 2.71992875e-47
101.75 2.71607e-47
102 2.7122375e-47
102.25 2.7082825e-47
102.5 2.70447625e-47
102.75 2.7006525e-47
103 2.69681125e-47
103.25 2.6928475e-47
103.5 2.68888375e-47
103.75 2.68410625e-47
104 2.6806675e-47
104.25 2.676765e-47
104.5 2.67309e-47
104.75 2.66931875e-47
105 2.66508375e-47
105.25 2.6612425e-47
105.5 2.65729625e-47
105.75 2.6536125e-47
106 2.64971875e-47
106.25 2.64597375e-47
106.5 2.642115e-47
106.75 2.63850125e-47
107 2.63456375e-47
107.25 2.63071375e-47
107.5 2.62679375e-47
107.75 2.6230925e-47
108 2.61949625e-47
108.25 2.61552375e-47
108.5 2.61177e-47
108.75 2.60817375e-47
109 2.6046125e-47
109.25 2.60096375e-47
109.5 2.59690375e-47
109.75 2.59340375e-47
110 2.58986e-47
110.25 2.58607125e-47
110.5 2.58232625e-47
110.75 2.57823125e-47
111 2.5744775e-47
111.25 2.57070625e-47
111.5 2.56692625e-47
111.75 2.56328625e-47
112 2.55961125e-47
112.25 2.556155e-47
112.5 2.552515e-47
112.75 2.5488925e-47
113 2.54541875e-47
113.25 2.54163875e-47
113.5 2.53798125e-47
113.75 2.53444625e-47
114 2.5308325e-47
114.25 2.52700875e-47
114.5 2.5234475e-47
114.75 2.51978125e-47
115 2.51617625e-47
115.25 2.512545e-47
115.5 2.50910625e-47
115.75 2.50551e-47
116 2.50203625e-47
116.25 2.49830875e-47
116.5 2.49493125e-47
116.75 2.49120375e-47
117 2.4876425e-47
117.25 2.484195e-47
117.5 2.4808e-47
117.75 2.4773875e-47
118 2.473905e-47
118.25 2.47039625e-47
118.5 2.46684375e-47
118.75 2.463335e-47
119 2.45977375e-47
119.25 2.4562475e-47
119.5 2.45273e-47
119.75 2.4490725e-47
120 2.44572125e-47
120.25 2.44234375e-47
120.5 2.43908875e-47
120.75 2.435685e-47
121 2.4323075e-47
121.25 2.42893875e-47
121.5 2.42557875e-47
121.75 2.42237625e-47
122 2.41910375e-47
122.25 2.41593625e-47
122.5 2.41262e-47
122.75 2.409295e-47
123 2.406215e-47
123.25 2.40288125e-47
123.5 2.3995825e-47
123.75 2.39631e-47
124 2.3929325e-47
124.25 2.38940625e-47
124.5 2.3860725e-47
124.75 2.3828875e-47
125 2.3797725e-47
125.25 2.37657e-47
125.5 2.3731925e-47
125.75 2.3700425e-47
126 2.3668575e-47
126.25 2.36369875e-47
126.5 2.36053125e-47
126.75 2.357425e-47
127 2.3543625e-47
127.25 2.35123e-47
127.5 2.348045e-47
127.75 2.344965e-47
128 2.3417275e-47
128.25 2.33856e-47
128.5 2.33540125e-47
128.75 2.33232125e-47
129 2.32899625e-47
129.25 2.32593375e-47
129.5 2.32274e-47
129.75 2.3198e-47
130 2.3168075e-47
130.25 2.31382375e-47
130.5 2.310595e-47
130.75 2.30755e-47
131 2.30442625e-47
131.25 2.301565e-47
131.5 2.29840625e-47
131.75 2.29543125e-47
132 2.2922725e-47
132.25 2.289455e-47
132.5 2.28652375e-47
132.75 2.28358375e-47
133 2.28064375e-47
133.25 2.277765e-47
133.5 2.27479e-47
133.75 2.271955e-47
134 2.26898875e-47
134.25 2.2660925e-47
134.5 2.26324875e-47
134.75 2.26036125e-47
135 2.2575e-47
135.25 2.2545775e-47
135.5 2.251655e-47
135.75 2.2487675e-47
136 2.245985e-47
136.25 2.24308875e-47
136.5 2.24027125e-47
136.75 2.23747125e-47
137 2.23467125e-47
137.25 2.23169625e-47
137.5 2.22887875e-47
137.75 2.22607875e-47
138 2.2232875e-47
138.25 2.22058375e-47
138.5 2.21785375e-47
138.75 2.2151325e-47
139 2.21234125e-47
139.25 2.2096375e-47
139.5 2.20689e-47
139.75 2.20420375e-47
140 2.20135125e-47
140.25 2.1986475e-47
140.5 2.19596125e-47
140.75 2.19328375e-47
141 2.1906675e-47
141.25 2.18806e-47
141.5 2.185435e-47
141.75 2.18292375e-47
142 2.18021125e-47
142.25 2.17756e-47
142.5 2.174865e-47
142.75 2.17223125e-47
143 2.16960625e-47
143.25 2.16713875e-47
143.5 2.164505e-47
143.75 2.16201125e-47
144 2.159465e-47
144.25 2.156875e-47
144.5 2.1543725e-47
144.75 2.15175625e-47
145 2.1491575e-47
145.25 2.14657625e-47
145.5 2.14403875e-47
145.75 2.141545e-47
146 2.13899875e-47
146.25 2.13642625e-47
146.5 2.13392375e-47
146.75 2.13157e-47
147 2.12912875e-47
147.25 2.12666125e-47
147.5 2.12428125e-47
147.75 2.1217875e-47
148 2.11939875e-47
148.25 2.1170275e-47
148.5 2.11462125e-47
148.75 2.11225e-47
149 2.1097825e-47
149.25 2.10735e-47
149.5 2.10504e-47
149.75 2.1027475e-47
150 2.1002975e-47
150.25 2.09796125e-47
150.5 2.0955025e-47
150.75 2.09321875e-47
151 2.09099625e-47
151.25 2.08859e-47
151.5 2.08628875e-47
151.75 2.0840575e-47
152 2.08175625e-47
152.25 2.07948125e-47
152.5 2.07718875e-47
152.75 2.07496625e-47
153 2.0727175e-47
153.25 2.07046e-47
153.5 2.0682375e-47
153.75 2.06605e-47
154 2.06387125e-47
154.25 2.06178e-47
154.5 2.05961e-47
154.75 2.05734375e-47
155 2.0551825e-47
155.25 2.05305625e-47
155.5 2.05100875e-47
155.75 2.04883875e-47
156 2.04666e-47
156.25 2.0444725e-47
156.5 2.0423025e-47
156.75 2.04019375e-47
157 2.038085e-47
157.25 2.0361075e-47
157.5 2.0340775e-47
157.75 2.0320825e-47
158 2.0300525e-47
158.25 2.02796125e-47
158.5 2.0258875e-47
158.75 2.0239275e-47
159 2.02185375e-47
159.25 2.0197975e-47
159.5 2.01782875e-47
159.75 2.01572e-47
160 2.01371625e-47
160.25 2.01177375e-47
160.5 2.00991e-47
160.75 2.00788875e-47
161 2.00599e-47
161.25 2.00402125e-47
161.5 2.0021225e-47
161.75 2.00020625e-47
162 1.99833375e-47
162.25 1.99644375e-47
162.5 1.994615e-47
162.75 1.99276875e-47
163 1.99086125e-47
163.25 1.98905875e-47
163.5 1.98716875e-47
163.75 1.9853225e-47
164 1.98356375e-47
164.25 1.98170875e-47
164.5 1.97992375e-47
164.75 1.97808625e-47
165 1.97619625e-47
165.25 1.97448125e-47
165.5 1.97273125e-47
165.75 1.970955e-47
166 1.969205e-47
166.25 1.96749e-47
166.5 1.96569625e-47
166.75 1.96399e-47
167 1.96219625e-47
167.25 1.9604725e-47
167.5 1.95880125e-47
167.75 1.9571125e-47
168 1.9554325e-47
168.25 1.95383125e-47
168.5 1.952195e-47
168.75 1.9505325e-47
169 1.94901875e-47
169.25 1.9474875e-47
169.5 1.9458075e-47
169.75 1.94424125e-47
170 1.94261375e-47
170.25 1.940995e-47
170.5 1.93942875e-47
170.75 1.9378275e-47
171 1.93626125e-47
171.25 1.9346775e-47
171.5 1.93316375e-47
171.75 1.93171125e-47
172 1.93025875e-47
172.25 1.9287975e-47
172.5 1.92740625e-47
172.75 1.9259275e-47
173 1.92451875e-47
173.25 1.923005e-47
173.5 1.92161375e-47
173.75 1.92016125e-47
174 1.91879625e-47
174.25 1.91739625e-47
174.5 1.916005e-47
174.75 1.91464e-47
175 1.913205e-47
175.25 1.9118575e-47
175.5 1.910475e-47
175.75 1.909075e-47
176 1.9076925e-47
176.25 1.90642375e-47
176.5 1.90514625e-47
176.75 1.90386e-47
177 1.90257375e-47
177.25 1.90106875e-47
177.5 1.89980875e-47
177.75 1.89840875e-47
178 1.89707875e-47
178.25 1.8958625e-47
178.5 1.89462875e-47
178.75 1.89336e-47
179 1.8921875e-47
179.25 1.89105e-47
179.5 1.88986875e-47
179.75 1.88867875e-47
180 1.88741e-47
180.25 1.8860625e-47
180.5 1.88475e-47
180.75 1.883525e-47
181 1.8824225e-47
181.25 1.88118875e-47
181.5 1.87998125e-47
181.75 1.87879125e-47
182 1.877645e-47
182.25 1.87648125e-47
182.5 1.8754225e-47
182.75 1.87436375e-47
183 1.87340125e-47
183.25 1.872255e-47
183.5 1.8711175e-47
183.75 1.87012e-47
184 1.86911375e-47
184.25 1.86815125e-47
184.5 1.86718875e-47
184.75 1.8661825e-47
185 1.8652025e-47
185.25 1.86424e-47
185.5 1.86332125e-47
185.75 1.86228e-47
186 1.86118625e-47
186.25 1.86018875e-47
186.5 1.859165e-47
186.75 1.85817625e-47
187 1.8572575e-47
187.25 1.85639125e-47
187.5 1.855455e-47
187.75 1.854475e-47
188 1.85353875e-47
188.25 1.85261125e-47
188.5 1.85168375e-47
188.75 1.8507475e-47
189 1.84986375e-47
189.25 1.849015e-47
189.5 1.8482625e-47
189.75 1.84751875e-47
190 1.846635e-47
190.25 1.8459175e-47
190.5 1.84512125e-47
190.75 1.8442025e-47
191 1.843485e-47
191.25 1.84268875e-47
191.5 1.8420325e-47
191.75 1.8412275e-47
192 1.8405275e-47
192.25 1.83981e-47
192.5 1.8390925e-47
192.75 1.8383225e-47
193 1.83759625e-47
193.25 1.8369575e-47
193.5 1.8361525e-47
193.75 1.83544375e-47
194 1.83477875e-47
194.25 1.8341575e-47
194.5 1.8334925e-47
194.75 1.83278375e-47
195 1.832075e-47
195.25 1.8314275e-47
195.5 1.8307625e-47
195.75 1.83014125e-47
196 1.82952875e-47
196.25 1.82889e-47
196.5 1.82828625e-47
196.75 1.82777e-47
197 1.8272975e-47
197.25 1.826615e-47
197.5 1.82608125e-47
197.75 1.82552125e-47
198 1.82496125e-47
198.25 1.8244625e-47
198.5 1.82394625e-47
198.75 1.82350875e-47
199 1.8230625e-47
199.25 1.82259e-47
199.5 1.82219625e-47
199.75 1.821785e-47
200 1.82133e-47
200.25 1.82079625e-47
200.5 1.82030625e-47
200.75 1.8199475e-47
201 1.81957125e-47
201.25 1.8191775e-47
201.5 1.81876625e-47
201.75 1.818425e-47
202 1.81811e-47
202.25 1.81764625e-47
202.5 1.81719125e-47
202.75 1.81677125e-47
203 1.81650875e-47
203.25 1.816115e-47
203.5 1.81579125e-47
203.75 1.81551125e-47
204 1.81519625e-47
204.25 1.8150475e-47
204.5 1.8148025e-47
204.75 1.814575e-47
205 1.81430375e-47
205.25 1.81405e-47
205.5 1.81390125e-47
205.75 1.813665e-47
206 1.81349e-47
206.25 1.8133325e-47
206.5 1.81318375e-47
206.75 1.813035e-47
207 1.81286e-47
207.25 1.81279875e-47
207.5 1.812685e-47
207.75 1.81262375e-47
208 1.81253625e-47
208.25 1.81244e-47
208.5 1.81241375e-47
208.75 1.812405e-47
209 1.81243125e-47
209.25 1.8123e-47
209.5 1.8123e-47
209.75 1.812265e-47
210 1.8122825e-47
210.25 1.8123e-47
210.5 1.812335e-47
210.75 1.81244875e-47
211 1.8124225e-47
211.25 1.812545e-47
211.5 1.81262375e-47
211.75 1.81276375e-47
212 1.812895e-47
212.25 1.81297375e-47
212.5 1.81318375e-47
212.75 1.81335e-47
213 1.81349875e-47
213.25 1.8136475e-47
213.5 1.81377875e-47
213.75 1.81400625e-47
214 1.81425125e-47
214.25 1.81454875e-47
214.5 1.8148725e-47
214.75 1.81514375e-47
215 1.8154325e-47
215.25 1.81577375e-47
215.5 1.81596625e-47
215.75 1.81621125e-47
216 1.8165e-47
216.25 1.81685875e-47
216.5 1.81710375e-47
216.75 1.81740125e-47
217 1.8178125e-47
217.25 1.81831125e-47
217.5 1.81866125e-47
217.75 1.8190025e-47
218 1.81944875e-47
218.25 1.81978125e-47
218.5 1.82021e-47
218.75 1.82069125e-47
219 1.8211025e-47
219.25 1.821575e-47
219.5 1.8219775e-47
219.75 1.8223975e-47
220 1.82293125e-47
220.25 1.82349125e-47
220.5 1.82403375e-47
220.75 1.82464625e-47
221 1.8251975e-47
221.25 1.82574875e-47
221.5 1.8263875e-47
221.75 1.82693875e-47
222 1.82751625e-47
222.25 1.82805e-47
222.5 1.8286975e-47
222.75 1.829275e-47
223 1.829835e-47
223.25 1.8305525e-47
223.5 1.83117375e-47
223.75 1.83185625e-47
224 1.83253875e-47
224.25 1.83325625e-47
224.5 1.83407875e-47
224.75 1.83491e-47
225 1.83563625e-47
225.25 1.83642375e-47
225.5 1.837255e-47
225.75 1.8380775e-47
226 1.83882125e-47
226.25 1.83960875e-47
226.5 1.840475e-47
226.75 1.841315e-47
227 1.8422075e-47
227.25 1.843065e-47
227.5 1.843905e-47
227.75 1.8447275e-47
228 1.8456725e-47
228.25 1.84653875e-47
228.5 1.84743125e-47
228.75 1.84834125e-47
229 1.84937375e-47
229.25 1.85031875e-47
229.5 1.8512725e-47
229.75 1.85220875e-47
230 1.85324125e-47
230.25 1.85429125e-47
230.5 1.85534125e-47
230.75 1.85632125e-47
231 1.8574675e-47
231.25 1.85857875e-47
231.5 1.85975125e-47
231.75 1.86076625e-47
232 1.86197375e-47
232.25 1.8631375e-47
232.5 1.864275e-47
232.75 1.86542125e-47
233 1.866585e-47
233.25 1.86781e-47
233.5 1.86902625e-47
233.75 1.87026875e-47
234 1.8715025e-47
234.25 1.872955e-47
234.5 1.8743025e-47
234.75 1.87562375e-47
235 1.8769625e-47
235.25 1.87838e-47
235.5 1.879745e-47
235.75 1.88111875e-47
236 1.8825625e-47
236.25 1.8839975e-47
236.5 1.88538e-47
236.75 1.88680625e-47
237 1.8883025e-47
237.25 1.88972875e-47
237.5 1.89126875e-47
237.75 1.8927825e-47
238 1.89427875e-47
238.25 1.895775e-47
238.5 1.8973675e-47
238.75 1.89889875e-47
239 1.900395e-47
239.25 1.90199625e-47
239.5 1.903685e-47
239.75 1.9054175e-47
240 1.90701875e-47
240.25 1.90862875e-47
240.5 1.910265e-47
240.75 1.9119625e-47
241 1.91373875e-47
241.25 1.91547125e-47
241.5 1.91730875e-47
241.75 1.91912875e-47
242 1.92094e-47
242.25 1.92278625e-47
242.5 1.92467625e-47
242.75 1.92656625e-47
243 1.92854375e-47
243.25 1.93046e-47
243.5 1.932455e-47
243.75 1.934485e-47
244 1.93648875e-47
244.25 1.938405e-47
244.5 1.94046125e-47
244.75 1.9425175e-47
245 1.94455625e-47
245.25 1.94656875e-47
245.5 1.94859875e-47
245.75 1.95068125e-47
246 1.95279875e-47
246.25 1.95503e-47
246.5 1.9572525e-47
246.75 1.95953625e-47
247 1.961715e-47
247.25 1.9639375e-47
247.5 1.9662475e-47
247.75 1.96861e-47
248 1.97094625e-47
248.25 1.973265e-47
248.5 1.97561875e-47
248.75 1.97805125e-47
249 1.98048375e-47
249.25 1.98293375e-47
249.5 1.98548e-47
249.75 1.98792125e-47
250 1.9903975e-47
250.25 1.99287375e-47
250.5 1.9954025e-47
250.75 1.99807125e-47
251 2.000705e-47
251.25 2.0032775e-47
251.5 2.00599875e-47
251.75 2.00874625e-47
252 2.0114675e-47
252.25 2.01420625e-47
252.5 2.016875e-47
252.75 2.01961375e-47
253 2.02234375e-47
253.25 2.0251175e-47
253.5 2.02790875e-47
253.75 2.0306825e-47
254 2.033605e-47
254.25 2.03644875e-47
254.5 2.0393625e-47
254.75 2.04234625e-47
255 2.04533875e-47
255.25 2.048445e-47
255.5 2.05149875e-47
255.75 2.0545875e-47
256 2.0575975e-47
256.25 2.06066e-47
256.5 2.0637225e-47
256.75 2.06674125e-47
257 2.07001375e-47
257.25 2.0732425e-47
257.5 2.076445e-47
257.75 2.079665e-47
258 2.082885e-47
258.25 2.08621875e-47
258.5 2.0895175e-47
258.75 2.09283375e-47
259 2.09614125e-47
259.25 2.09962375e-47
259.5 2.10305375e-47
259.75 2.1064575e-47
260 2.1099575e-47
260.25 2.11337875e-47
260.5 2.11687875e-47
260.75 2.12050125e-47
261 2.124115e-47
261.25 2.127615e-47
261.5 2.13122875e-47
261.75 2.134825e-47
262 2.13850875e-47
262.25 2.14227125e-47
262.5 2.146025e-47
262.75 2.14967375e-47
263 2.15352375e-47
263.25 2.15733e-47
263.5 2.1612675e-47
263.75 2.16510875e-47
264 2.1689675e-47
264.25 2.1728e-47
264.5 2.1767025e-47
264.75 2.18071e-47
265 2.18474375e-47
265.25 2.18869875e-47
265.5 2.1928375e-47
265.75 2.1969325e-47
266 2.20101875e-47
266.25 2.20523625e-47
266.5 2.20940125e-47
266.75 2.2136275e-47
267 2.2179325e-47
267.25 2.2223075e-47
267.5 2.2267e-47
267.75 2.2310575e-47
268 2.23538e-47
268.25 2.23976375e-47
268.5 2.24436625e-47
268.75 2.2488725e-47
269 2.25336125e-47
269.25 2.2580075e-47
269.5 2.2625575e-47
269.75 2.267195e-47
270 2.2719025e-47
270.25 2.27665375e-47
270.5 2.28165e-47
270.75 2.2864275e-47
271 2.29114375e-47
271.25 2.29607875e-47
271.5 2.30090875e-47
271.75 2.305835e-47
272 2.31084e-47
272.25 2.3157925e-47
272.5 2.3207275e-47
272.75 2.32568875e-47
273 2.33078125e-47
273.25 2.336215e-47
273.5 2.34164875e-47
273.75 2.346995e-47
274 2.35251625e-47
274.25 2.35806375e-47
274.5 2.36368125e-47
274.75 2.36926375e-47
275 2.37481125e-47
275.25 2.3806475e-47
275.5 2.3863525e-47
275.75 2.39206625e-47
276 2.39785e-47
276.25 2.40372125e-47
276.5 2.40972375e-47
276.75 2.4157875e-47
277 2.42181625e-47
277.25 2.42795e-47
277.5 2.4340225e-47
277.75 2.4402175e-47
278 2.44659625e-47
278.25 2.45287e-47
278.5 2.45924e-47
278.75 2.46556625e-47
279 2.4721375e-47
279.25 2.47870875e-47
279.5 2.4852625e-47
279.75 2.49185125e-47
280 2.49850125e-47
280.25 2.50515125e-47
280.5 2.51195875e-47
280.75 2.51866125e-47
281 2.5255825e-47
281.25 2.5324075e-47
281.5 2.53936375e-47
281.75 2.54655625e-47
282 2.553635e-47
282.25 2.56062625e-47
282.5 2.56788875e-47
282.75 2.57525625e-47
283 2.58244e-47
283.25 2.58983375e-47
283.5 2.59723625e-47
283.75 2.60470875e-47
284 2.61212e-47
284.25 2.61961e-47
284.5 2.62738e-47
284.75 2.634905e-47
285 2.64254375e-47
285.25 2.6503225e-47
285.5 2.65815375e-47
285.75 2.66606375e-47
286 2.6740875e-47
286.25 2.68212875e-47
286.5 2.69021375e-47
286.75 2.6984475e-47
287 2.70673375e-47
287.25 2.71529125e-47
287.5 2.72388375e-47
287.75 2.732415e-47
288 2.74124375e-47
288.25 2.75016e-47
288.5 2.759155e-47
288.75 2.7683075e-47
289 2.77729375e-47
289.25 2.7865775e-47
289.5 2.7956775e-47
289.75 2.80525e-47
290 2.81474375e-47
290.25 2.82454375e-47
290.5 2.83367e-47
290.75 2.8430325e-47
291 2.8523775e-47
291.25 2.86188875e-47
291.5 2.8710675e-47
291.75 2.88036875e-47
292 2.8901075e-47
292.25 2.90000375e-47
292.5 2.90994375e-47
292.75 2.919595e-47
293 2.929325e-47
293.25 2.93913375e-47
293.5 2.9491525e-47
293.75 2.9590925e-47
294 2.969365e-47
294.25 2.97997875e-47
294.5 2.99060125e-47
294.75 3.0011275e-47
295 3.01224e-47
295.25 3.02323875e-47
295.5 3.03442125e-47
295.75 3.04579625e-47
296 3.0567775e-47
296.25 3.06754875e-47
296.5 3.07810125e-47
296.75 3.0887675e-47
297 3.09962625e-47
297.25 3.10974125e-47
297.5 3.11973375e-47
297.75 3.1293325e-47
298 3.13872125e-47
298.25 3.14825e-47
298.5 3.15805e-47
298.75 3.167675e-47
299 3.17758e-47
299.25 3.18906e-47
299.5 3.2026925e-47
299.75 3.217445e-47
300 3.23854125e-47
300.25 3.26862375e-47
300.5 3.3132225e-47
300.75 3.3852e-47
301 3.50275625e-47
301.25 3.72495375e-47
301.5 4.18796875e-47
301.75 5.42829875e-47
302 1.296925e-46
302.25 3.64525875e-45
302.5 1.12382375e-46
302.75 6.66782375e-47
303 1.19749875e-46
303.25 3.33209625e-45
303.5 2.90756375e-46
303.75 6.026921250000001e-47
304 3.80531375e-47
304.25 3.36254625e-47
304.5 3.19004e-47
304.75 3.10620625e-47
305 3.05148375e-47
305.25 3.01266875e-47
305.5 2.981265e-47
305.75 2.95591625e-47
306 2.934575e-47
306.25 2.91500125e-47
306.5 2.89758875e-47
306.75 2.88138375e-47
307 2.86626375e-47
307.25 2.8519575e-47
307.5 2.8387975e-47
307.75 2.826075e-47
308 2.81369375e-47
308.25 2.80147e-47
308.5 2.7896225e-47
308.75 2.7784225e-47
309 2.7675725e-47
309.25 2.75722125e-47
309.5 2.7469575e-47
309.75 2.73713125e-47
310 2.72738375e-47
310.25 2.71803875e-47
310.5 2.70853625e-47
310.75 2.69927875e-47
311 2.69012625e-47
311.25 2.68130625e-47
311.5 2.672565e-47
311.75 2.66391125e-47
312 2.65559e-47
312.25 2.64733e-47
312.5 2.63907875e-47
312.75 2.63101125e-47
313 2.6231625e-47
313.25 2.6154275e-47
313.5 2.6075525e-47
313.75 2.599905e-47
314 2.59245875e-47
314.25 2.5849775e-47
314.5 2.57758375e-47
314.75 2.57035625e-47
315 2.56314625e-47
315.25 2.556015e-47
315.5 2.5488575e-47
315.75 2.54193625e-47
316 2.53505875e-47
316.25 2.5283125e-47
316.5 2.52151375e-47
316.75 2.51491625e-47
317 2.5082925e-47
317.25 2.50173875e-47
317.5 2.49529e-47
317.75 2.48901625e-47
318 2.4827425e-47
318.25 2.4764425e-47
318.5 2.4703175e-47
318.75 2.46435e-47
319 2.45837375e-47
319.25 2.4523625e-47
319.5 2.44664e-47
319.75 2.44078625e-47
320 2.43502875e-47
320.25 2.42939375e-47
320.5 2.42368e-47
320.75 2.418045e-47
321 2.4124975e-47
321.25 2.406915e-47
321.5 2.40155125e-47
321.75 2.3962225e-47
322 2.3909375e-47
322.25 2.385705e-47
322.5 2.38048125e-47
322.75 2.3753275e-47
323 2.37027875e-47
323.25 2.36527375e-47
323.5 2.36023375e-47
323.75 2.35543875e-47
324 2.350565e-47
324.25 2.34574375e-47
324.5 2.34094875e-47
324.75 2.33629375e-47
325 2.33167375e-47
325.25 2.32715875e-47
325.5 2.32271375e-47
325.75 2.3182775e-47
326 2.31385e-47
326.25 2.30951875e-47
326.5 2.3052225e-47
326.75 2.30104e-47
327 2.29691e-47
327.25 2.2927975e-47
327.5 2.28886875e-47
327.75 2.28501e-47
328 2.28090625e-47
328.25 2.27695125e-47
328.5 2.2730225e-47
328.75 2.26916375e-47
329 2.265375e-47
329.25 2.26167375e-47
329.5 2.25808625e-47
329.75 2.25448125e-47
330 2.25089375e-47
330.25 2.24727125e-47
330.5 2.24385e-47
330.75 2.240385e-47
331 2.23699875e-47
331.25 2.2336475e-47
331.5 2.230305e-47
331.75 2.22702375e-47
332 2.2237425e-47
332.25 2.22068875e-47
332.5 2.21760875e-47
332.75 2.21465125e-47
333 2.2117725e-47
333.25 2.20913e-47
333.5 2.2061725e-47
333.75 2.20353e-47
334 2.2008e-47
334.25 2.1981225e-47
334.5 2.1953925e-47
334.75 2.19302125e-47
335 2.19051e-47
335.25 2.18813875e-47
335.5 2.18581125e-47
335.75 2.1834225e-47
336 2.1810775e-47
336.25 2.178785e-47
336.5 2.17665875e-47
336.75 2.1745325e-47
337 2.17259e-47
337.25 2.1706475e-47
337.5 2.16864375e-47
337.75 2.16657875e-47
338 2.16461e-47
338.25 2.16276375e-47
338.5 2.16106625e-47
338.75 2.159255e-47
339 2.15760125e-47
339.25 2.15597375e-47
339.5 2.15438125e-47
339.75 2.15280625e-47
340 2.15114375e-47
340.25 2.14956e-47
340.5 2.1482475e-47
340.75 2.146935e-47
341 2.14542125e-47
341.25 2.14403875e-47
341.5 2.1429275e-47
341.75 2.14174625e-47
342 2.1406875e-47
342.25 2.1393575e-47
342.5 2.13822e-47
342.75 2.1370825e-47
343 2.13609375e-47
343.25 2.13514e-47
343.5 2.13413375e-47
343.75 2.133145e-47
344 2.13215625e-47
344.25 2.13112375e-47
344.5 2.13026625e-47
344.75 2.129505e-47
345 2.1285775e-47
345.25 2.1277025e-47
345.5 2.12674875e-47
345.75 2.12597875e-47
346 2.1252525e-47
346.25 2.1246225e-47
346.5 2.1238525e-47
346.75 2.1230475e-47
347 2.1225925e-47
347.25 2.12183125e-47
347.5 2.1212625e-47
347.75 2.1208425e-47
348 2.12039625e-47
348.25 2.11983625e-47
348.5 2.11946875e-47
348.75 2.1189875e-47
349 2.11859375e-47
349.25 2.1181475e-47
349.5 2.11756125e-47
349.75 2.11736875e-47
350 2.11708e-47
350.25 2.11687e-47
350.5 2.11647625e-47
350.75 2.11603875e-47
351 2.11572375e-47
351.25 2.11547e-47
351.5 2.1152425e-47
351.75 2.11511125e-47
352 2.1148925e-47
352.25 2.114735e-47
352.5 2.1145425e-47
352.75 2.1142975e-47
353 2.1141575e-47
353.25 2.113965e-47
353.5 2.11386e-47
353.75 2.11381625e-47
354 2.11367625e-47
354.25 2.11362375e-47
354.5 2.11351875e-47
354.75 2.11351875e-47
355 2.1135975e-47
355.25 2.11372e-47
355.5 2.1136325e-47
355.75 2.11364125e-47
356 2.11360625e-47
356.25 2.1136325e-47
356.5 2.1138075e-47
356.75 2.11404375e-47
357 2.1141575e-47
357.25 2.11432375e-47
357.5 2.11446375e-47
357.75 2.1146475e-47
358 2.114875e-47
358.25 2.11512875e-47
358.5 2.1153475e-47
358.75 2.1155575e-47
359 2.115855e-47
359.25 2.1161875e-47
359.5 2.1165375e-47
359.75 2.11694e-47
360 2.1172375e-47
360.25 2.11756125e-47
360.5 2.11803375e-47
360.75 2.118585e-47
361 2.1188825e-47
361.25 2.119425e-47
361.5 2.11999375e-47
361.75 2.12050125e-47
362 2.121105e-47
362.25 2.12151625e-47
362.5 2.12195375e-47
362.75 2.12260125e-47
363 2.12326625e-47
363.25 2.1238175e-47
363.5 2.124465e-47
363.75 2.1251825e-47
364 2.1259525e-47
364.25 2.12659125e-47
364.5 2.12734375e-47
364.75 2.12821e-47
365 2.12893625e-47
365.25 2.12965375e-47
365.5 2.13047625e-47
365.75 2.1313425e-47
366 2.1320775e-47
366.25 2.132935e-47
366.5 2.133845e-47
366.75 2.1348075e-47
367 2.1358575e-47
367.25 2.13696e-47
367.5 2.13784375e-47
367.75 2.13878875e-47
368 2.13976875e-47
368.25 2.14095875e-47
368.5 2.1418775e-47
368.75 2.14298e-47
369 2.144135e-47
369.25 2.14528125e-47
369.5 2.1465675e-47
369.75 2.14778375e-47
370 2.1491575e-47
370.25 2.15037375e-47
370.5 2.15166875e-47
370.75 2.15299e-47
371 2.154215e-47
371.25 2.15555375e-47
371.5 2.1568575e-47
371.75 2.15802125e-47
372 2.15938625e-47
372.25 2.160725e-47
372.5 2.16199375e-47
372.75 2.163315e-47
373 2.1647325e-47
373.25 2.16615e-47
373.5 2.16759375e-47
373.75 2.1691775e-47
374 2.1706475e-47
374.25 2.17209125e-47
374.5 2.173745e-47
374.75 2.17532e-47
375 2.17693e-47
375.25 2.17849625e-47
375.5 2.18022e-47
375.75 2.18176875e-47
376 2.18351875e-47
376.25 2.18523375e-47
376.5 2.18691375e-47
376.75 2.188585e-47
377 2.19025625e-47
377.25 2.19202375e-47
377.5 2.19380875e-47
377.75 2.19561125e-47
378 2.1974225e-47
378.25 2.19916375e-47
378.5 2.20103625e-47
378.75 2.20283875e-47
379 2.2047025e-47
379.25 2.20661e-47
379.5 2.20852625e-47
379.75 2.2105825e-47
380 2.2125775e-47
380.25 2.21466875e-47
380.5 2.2167775e-47
380.75 2.218895e-47
381 2.22102125e-47
381.25 2.22322625e-47
381.5 2.2254225e-47
381.75 2.22754875e-47
382 2.2296925e-47
382.25 2.231845e-47
382.5 2.23397125e-47
382.75 2.23608875e-47
383 2.238355e-47
383.25 2.24065625e-47
383.5 2.242905e-47
383.75 2.24518875e-47
384 2.2475425e-47
384.25 2.249835e-47
384.5 2.25232e-47
384.75 2.2547525e-47
385 2.25724625e-47
385.25 2.2596525e-47
385.5 2.26212875e-47
385.75 2.2644475e-47
386 2.26708125e-47
386.25 2.26974125e-47
386.5 2.27220875e-47
386.75 2.2747725e-47
387 2.27721375e-47
387.25 2.27973375e-47
387.5 2.28220125e-47
387.75 2.28475625e-47
388 2.28727625e-47
388.25 2.28979625e-47
388.5 2.29243e-47
388.75 2.29492375e-47
389 2.297505e-47
389.25 2.300165e-47
389.5 2.30286e-47
389.75 2.30559e-47
390 2.3083025e-47
390.25 2.31119e-47
390.5 2.31406e-47
390.75 2.3168775e-47
391 2.3198e-47
391.25 2.322565e-47
391.5 2.32560125e-47
391.75 2.3282875e-47
392 2.3311925e-47
392.25 2.334045e-47
392.5 2.33695875e-47
392.75 2.33989875e-47
393 2.34287375e-47
393.25 2.34591e-47
393.5 2.3489025e-47
393.75 2.35188625e-47
394 2.35496625e-47
394.25 2.35797625e-47
394.5 2.3611875e-47
394.75 2.36420625e-47
395 2.36746125e-47
395.25 2.370445e-47
395.5 2.37365625e-47
395.75 2.37678e-47
396 2.37990375e-47
396.25 2.383115e-47
396.5 2.3863875e-47
396.75 2.38947625e-47
397 2.3928975e-47
397.25 2.39619625e-47
397.5 2.399425e-47
397.75 2.40300375e-47
398 2.40622375e-47
398.25 2.40947e-47
398.5 2.4128125e-47
398.75 2.41635625e-47
399 2.41973375e-47
399.25 2.42323375e-47
399.5 2.42659375e-47
399.75 2.4300675e-47
400 2.433445e-47
400.25 2.43679625e-47
400.5 2.4402175e-47
400.75 2.44363e-47
401 2.44713875e-47
401.25 2.4506125e-47
401.5 2.45408625e-47
401.75 2.45769125e-47
402 2.46110375e-47
402.25 2.464665e-47
402.5 2.46820875e-47
402.75 2.47155125e-47
403 2.475165e-47
403.25 2.478805e-47
403.5 2.48240125e-47
403.75 2.4860325e-47
404 2.48983e-47
404.25 2.4935925e-47
404.5 2.49725e-47
404.75 2.5011525e-47
405 2.50488e-47
405.25 2.5084325e-47
405.5 2.51223e-47
405.75 2.51603625e-47
406 2.51986e-47
406.25 2.52371875e-47
406.5 2.52749875e-47
406.75 2.531305e-47
407 2.53514625e-47
407.25 2.53889125e-47
407.5 2.542715e-47
407.75 2.54653e-47
408 2.55044125e-47
408.25 2.5544225e-47
408.5 2.55845625e-47
408.75 2.562385e-47
409 2.5663575e-47
409.25 2.57019e-47
409.5 2.574215e-47
409.75 2.57789875e-47
410 2.58192375e-47
410.25 2.58584375e-47
410.5 2.59e-47
410.75 2.59412125e-47
411 2.5980675e-47
411.25 2.60210125e-47
411.5 2.6061175e-47
411.75 2.6102125e-47
412 2.6143075e-47
412.25 2.61828875e-47
412.5 2.62234875e-47
412.75 2.62646125e-47
413 2.630355e-47
413.25 2.63435375e-47
413.5 2.6382825e-47
413.75 2.64245625e-47
414 2.64663875e-47
414.25 2.6507775e-47
414.5 2.65516125e-47
414.75 2.6594225e-47
415 2.66357e-47
415.25 2.66795375e-47
415.5 2.672355e-47
415.75 2.67661625e-47
416 2.68079875e-47
416.25 2.68506e-47
416.5 2.689155e-47
416.75 2.69338125e-47
417 2.69787875e-47
417.25 2.7021575e-47
417.5 2.7065325e-47
417.75 2.71102125e-47
418 2.71532625e-47
418.25 2.71964e-47
418.5 2.72425125e-47
418.75 2.72867875e-47
419 2.73312375e-47
419.25 2.73763e-47
419.5 2.74215375e-47
419.75 2.7466075e-47
420 2.75104375e-47
420.25 2.75562e-47
420.5 2.76017e-47
420.75 2.764895e-47
421 2.76959375e-47
421.25 2.774065e-47
421.5 2.7788075e-47
421.75 2.78348875e-47
422 2.7881175e-47
422.25 2.792685e-47
422.5 2.79734e-47
422.75 2.80196875e-47
423 2.8067375e-47
423.25 2.8114975e-47
423.5 2.81635375e-47
423.75 2.8212275e-47
424 2.82599625e-47
424.25 2.83075625e-47
424.5 2.8354725e-47
424.75 2.84013625e-47
425 2.8450625e-47
425.25 2.84986625e-47
425.5 2.85471375e-47
425.75 2.85992e-47
426 2.8648025e-47
426.25 2.869755e-47
426.5 2.87452375e-47
426.75 2.8793975e-47
427 2.884525e-47
427.25 2.889565e-47
427.5 2.89450875e-47
427.75 2.89954e-47
428 2.904615e-47
428.25 2.909795e-47
428.5 2.91519375e-47
428.75 2.91986625e-47
429 2.92495e-47
429.25 2.93003375e-47
429.5 2.93521375e-47
429.75 2.94028875e-47
430 2.9455125e-47
430.25 2.9505875e-47
430.5 2.95584625e-47
430.75 2.96121875e-47
431 2.96653e-47
431.25 2.971605e-47
431.5 2.97682875e-47
431.75 2.98207875e-47
432 2.987285e-47
432.25 2.9926225e-47
432.5 2.99803e-47
432.75 3.0034725e-47
433 3.00873125e-47
433.25 3.01398125e-47
433.5 3.0191525e-47
433.75 3.02434125e-47
434 3.02957375e-47
434.25 3.034885e-47
434.5 3.04040625e-47
434.75 3.04570875e-47
435 3.05118625e-47
435.25 3.05661125e-47
435.5 3.0621325e-47
435.75 3.06746125e-47
436 3.0730525e-47
436.25 3.078635e-47
436.5 3.08415625e-47
436.75 3.08945875e-47
437 3.09486625e-47
437.25 3.10037e-47
437.5 3.10615375e-47
437.75 3.1118325e-47
438 3.11756375e-47
438.25 3.12312875e-47
438.5 3.12872e-47
438.75 3.13434625e-47
439 3.13971e-47
439.25 3.1452925e-47
439.5 3.151085e-47
439.75 3.15672875e-47
440 3.1624775e-47
440.25 3.1681475e-47
440.5 3.17387e-47
440.75 3.1796275e-47
441 3.1852625e-47
441.25 3.190915e-47
441.5 3.19682125e-47
441.75 3.202605e-47
442 3.20837125e-47
442.25 3.2143125e-47
442.5 3.21995625e-47
442.75 3.22585375e-47
443 3.2315675e-47
443.25 3.23726375e-47
443.5 3.2431175e-47
443.75 3.24895375e-47
444 3.2548425e-47
444.25 3.260705e-47
444.5 3.26641875e-47
444.75 3.27236875e-47
445 3.27816125e-47
445.25 3.28407625e-47
445.5 3.28986e-47
445.75 3.295565e-47
446 3.30136625e-47
446.25 3.3072025e-47
446.5 3.313065e-47
446.75 3.3188225e-47
447 3.32474625e-47
447.25 3.33045125e-47
447.5 3.33638375e-47
447.75 3.34238625e-47
448 3.34800375e-47
448.25 3.35404125e-47
448.5 3.360035e-47
448.75 3.36609875e-47
449 3.371935e-47
449.25 3.377745e-47
449.5 3.38382625e-47
449.75 3.38986375e-47
450 3.3957e-47
450.25 3.4016325e-47
450.5 3.40760875e-47
450.75 3.41380375e-47
451 3.419885e-47
451.25 3.425835e-47
451.5 3.431785e-47
451.75 3.43776125e-47
452 3.4438775e-47
452.25 3.44946875e-47
452.5 3.4552175e-47
452.75 3.46105375e-47
453 3.46665375e-47
453.25 3.4727e-47
453.5 3.47865e-47
453.75 3.4846525e-47
454 3.49097e-47
454.25 3.49687625e-47
454.5 3.50284375e-47
454.75 3.50886375e-47
455 3.5147875e-47
455.25 3.52055375e-47
455.5 3.5268625e-47
455.75 3.53320625e-47
456 3.539165e-47
456.25 3.54522875e-47
456.5 3.55126625e-47
456.75 3.55712e-47
457 3.5630875e-47
457.25 3.56902e-47
457.5 3.57508375e-47
457.75 3.58113875e-47
458 3.58735125e-47
458.25 3.59319625e-47
458.5 3.599015e-47
458.75 3.604825e-47
459 3.61064375e-47
459.25 3.61652375e-47
459.5 3.6226575e-47
459.75 3.62859e-47
460 3.63460125e-47
460.25 3.64055125e-47
460.5 3.6463525e-47
460.75 3.65204875e-47
461 3.65829625e-47
461.25 3.664605e-47
461.5 3.6701175e-47
461.75 3.6758925e-47
462 3.68172e-47
462.25 3.68760875e-47
462.5 3.693305e-47
462.75 3.699395e-47
463 3.70544125e-47
463.25 3.71154875e-47
463.5 3.7174375e-47
463.75 3.72311625e-47
464 3.7291625e-47
464.25 3.7350075e-47
464.5 3.74121125e-47
464.75 3.74698625e-47
465 3.75270875e-47
465.25 3.7586325e-47
465.5 3.764355e-47
465.75 3.77019125e-47
466 3.77610625e-47
466.25 3.78203875e-47
466.5 3.78767375e-47
466.75 3.7942625e-47
467 3.800545e-47
467.25 3.80627625e-47
467.5 3.81213e-47
467.75 3.817975e-47
468 3.8240125e-47
468.25 3.829805e-47
468.5 3.83567625e-47
468.75 3.8414775e-47
469 3.847445e-47
469.25 3.85324625e-47
469.5 3.8590475e-47
469.75 3.86493625e-47
470 3.87111375e-47
470.25 3.877282500000001e-47
470.5 3.88313625e-47
470.75 3.888815e-47
471 3.89470375e-47
471.25 3.900645e-47
471.5 3.90642875e-47
471.75 3.91244875e-47
472 3.918005e-47
472.25 3.924095e-47
472.5 3.92975625e-47
472.75 3.93546125e-47
473 3.94132375e-47
473.25 3.9476675e-47
473.5 3.953705e-47
473.75 3.95997e-47
474 3.9657975e-47
474.25 3.97158125e-47
474.5 3.97789e-47
474.75 3.98356875e-47
475 3.98990375e-47
475.25 3.99564375e-47
475.5 4.00148875e-47
475.75 4.00684375e-47
476 4.01228625e-47
476.25 4.01706375e-47
476.5 4.02229625e-47
476.75 4.02705625e-47
477 4.03155375e-47
477.25 4.0359025e-47
477.5 4.0402425e-47
477.75 4.044145e-47
478 4.04763625e-47
478.25 4.05110125e-47
478.5 4.054295e-47
478.75 4.056675e-47
479 4.05918625e-47
479.25 4.06230125e-47
479.5 4.06399e-47
479.75 4.0658625e-47
480 4.0674375e-47
480.25 4.06924875e-47
480.5 4.070255e-47
480.75 4.07059625e-47
481 4.070465000000001e-47
481.25 4.069581250000001e-47
481.5 4.06879375e-47
481.75 4.067385e-47
482 4.06527625e-47
482.25 4.06207375e-47
482.5 4.05867e-47
482.75 4.05491625e-47
483 4.05027e-47
483.25 4.04546625e-47
483.5 4.040058750000001e-47
483.75 4.03403875e-47
484 4.026907500000001e-47
484.25 4.01926875e-47
484.5 4.01149e-47
484.75 4.00350125e-47
485 3.9946025e-47
485.25 3.9842425e-47
485.5 3.9729725e-47
485.75 3.961063750000001e-47
486 3.94799125e-47
486.25 3.93474375e-47
486.5 3.920735e-47
486.75 3.9056325e-47
487 3.8904425e-47
487.25 3.87389625e-47
487.5 3.85676375e-47
487.75 3.838835e-47
488 3.81997875e-47
488.25 3.800755e-47
488.5 3.780595e-47
488.75 3.7598925e-47
489 3.7384025e-47
489.25 3.7158275e-47
489.5 3.69249125e-47
489.75 3.66793875e-47
490 3.642905e-47
490.25 3.61678625e-47
490.5 3.5902475e-47
490.75 3.5625975e-47
491 3.535245e-47
491.25 3.50667625e-47
491.5 3.47755625e-47
491.75 3.4475875e-47
492 3.41714625e-47
492.25 3.38657375e-47
492.5 3.354645e-47
492.75 3.32219125e-47
493 3.28920375e-47
493.25 3.25436125e-47
493.5 3.22002625e-47
493.75 3.1854375e-47
494 3.15081375e-47
494.25 3.116155e-47
494.5 3.0802275e-47
494.75 3.04318e-47
495 3.00535375e-47
495.25 2.96779e-47
495.5 2.9300775e-47
495.75 2.892435e-47
496 2.8552125e-47
496.25 2.8180075e-47
496.5 2.781135e-47
496.75 2.7448225e-47
497 2.709735e-47
497.25 2.675225e-47
497.5 2.6410125e-47
497.75 2.609915e-47
498 2.582265e-47
498.25 2.5596725e-47
498.5 2.54247875e-47
498.75 2.53099875e-47
499 2.5302375e-47
499.25 2.54415e-47
499.5 2.57644625e-47
499.75 2.64138875e-47
500 2.74490125e-47
500.25 2.91116875e-47
500.5 3.17727375e-47
500.75 3.65556625e-47
501 4.697420000000001e-47
501.25 8.065014999999999e-47
501.5 4.30138625e-46
501.75 5.39314125e-46
502 1.10376875e-46
502.25 9.359524999999999e-47
502.5 1.10879125e-46
502.75 1.49379125e-46
503 2.16677125e-46
503.25 3.28755e-46
503.5 5.21402875e-46
503.75 8.4394975e-46
504 1.40672e-45
504.25 2.71324375e-45
504.5 7.33698875e-45
504.75 5.70157e-44
505 7.805717500000001e-44
505.25 7.846475000000001e-45
505.5 2.81815625e-45
505.75 1.44333e-45
506 8.6375625e-46
506.25 5.36778375e-46
506.5 3.49363e-46
506.75 2.4203025e-46
507 1.8046525e-46
507.25 1.4708575e-46
507.5 1.32083e-46
507.75 1.2997075e-46
508 1.39076e-46
508.25 1.6043825e-46
508.5 1.99451e-46
508.75 2.68975e-46
509 3.945725e-46
509.25 6.357820000000001e-46
509.5 1.138865e-45
509.75 2.2822275e-45
510 5.1008125e-45
510.25 1.25307875e-44
510.5 5.7421875e-44
510.75 1.88831125e-42
511 3.2599e-44
511.25 1.003415e-44
511.5 4.85597e-45
511.75 3.0359875e-45
512 1
