domain units: Hz
measurement data type: std::complex<double>
segment length (sec): 4
sampling rate (Hz): 1024
domain bounds (Hz): [0, 512.25)
support bounds (Hz): [20, 512)support indexes: [80, 2048)
---------------
domainValue measuredValue
0 (0,0)
0.25 (0,0)
0.5 (0,0)
0.75 (0,0)
1 (0,0)
1.25 (0,0)
1.5 (0,0)
1.75 (0,0)
2 (0,0)
2.25 (0,0)
2.5 (0,0)
2.75 (0,0)
3 (0,0)
3.25 (0,0)
3.5 (0,0)
3.75 (0,0)
4 (0,0)
4.25 (0,0)
4.5 (0,0)
4.75 (0,0)
5 (0,0)
5.25 (0,0)
5.5 (0,0)
5.75 (0,0)
6 (0,0)
6.25 (0,0)
6.5 (0,0)
6.75 (0,0)
7 (0,0)
7.25 (0,0)
7.5 (0,0)
7.75 (0,0)
8 (0,0)
8.25 (0,0)
8.5 (0,0)
8.75 (0,0)
9 (0,0)
9.25 (0,0)
9.5 (0,0)
9.75 (0,0)
10 (0,0)
10.25 (0,0)
10.5 (0,0)
10.75 (0,0)
11 (0,0)
11.25 (0,0)
11.5 (0,0)
11.75 (0,0)
12 (0,0)
12.25 (0,0)
12.5 (0,0)
12.75 (0,0)
13 (0,0)
13.25 (0,0)
13.5 (0,0)
13.75 (0,0)
14 (0,0)
14.25 (0,0)
14.5 (0,0)
14.75 (0,0)
15 (0,0)
15.25 (0,0)
15.5 (0,0)
15.75 (0,0)
16 (0,0)
16.25 (0,0)
16.5 (0,0)
16.75 (0,0)
17 (0,0)
17.25 (0,0)
17.5 (0,0)
17.75 (0,0)
18 (0,0)
18.25 (0,0)
18.5 (0,0)
18.75 (0,0)
19 (0,0)
19.25 (0,0)
19.5 (0,0)
19.75 (0,0)
20 (-0.164461285883697,-0.2077879084754558)
20.25 (-0.3026245254643136,-0.09479536372922208)
20.5 (-0.5122247650929865,-0.5622781070873006)
20.75 (-0.895379926732517,-2.489422205204055)
21 (-2.580424757798345,-0.2169282165634984)
21.25 (-3.422972446943188,-0.4870824229215474)
21.5 (-5.081584532228558,0.01540790152781277)
21.75 (-0.3235048752289759,0.3116849079744184)
22 (1.96083173668994,0.2675173232349863)
22.25 (-0.08829682886280045,1.387719125968106)
22.5 (-5.926029076628297,-0.2436329474424093)
22.75 (-7.29319318700632,-2.184802346864416)
23 (-6.621046078407925,-0.3908289366432325)
23.25 (-6.564868887850177,-2.095950281190544)
23.5 (-6.12097257624782,-1.311350262586261)
23.75 (-2.308578017079505,-2.360556459008194)
24 (-1.088970001675126,-0.5015113472318629)
24.25 (-0.2878858419773873,0.3844345617590705)
24.5 (-2.301016514149304,-1.376675315627842)
24.75 (0.005848536659474215,0.6413633147394411)
25 (0.7460406948144043,0.746155549096745)
25.25 (1.398245160574385,-0.09740416695918104)
25.5 (0.1575666819449699,0.4104499777641213)
25.75 (0.3367683044080537,1.627488860011691)
26 (-0.2512034879064617,-0.8485249151425518)
26.25 (0.6948851940195949,-0.3261953988025164)
26.5 (-1.150871830972124,-0.006998381210572841)
26.75 (0.3737352965386436,0.9510506775387652)
27 (-0.9727955465618843,-1.899962180779459)
27.25 (-0.01962711292990618,0.1472739034228845)
27.5 (1.07813727087573,0.2778253283233724)
27.75 (0.7109107351275358,0.5898514320430277)
28 (-0.87983848351628,0.06833591724696914)
28.25 (1.190576314186662,-1.828576460448141)
28.5 (0.2066841220204385,1.111082931766103)
28.75 (0.2090546201825812,0.07869110861146046)
29 (-0.3260284112167099,-0.2457696232482539)
29.25 (-0.9298912782532499,-1.405923806213336)
29.5 (-0.9662420491815102,0.7886914021400157)
29.75 (0.2937676193796703,0.5161923074387107)
30 (-1.289103795835178,0.1694793772166038)
30.25 (1.961983511640943,-0.005646925425371094)
30.5 (0.1129223179928411,0.375680106541856)
30.75 (-0.1916770415025537,0.7600124264289062)
31 (0.220551538568744,-1.306110634216217)
31.25 (-0.7478254360892256,-0.07602402096751119)
31.5 (1.807568498665214,0.9969697837516371)
31.75 (-0.9341475439701448,-1.522666571274129)
32 (1.722997222253527,0.2169838427025143)
32.25 (-1.615154746257013,-0.1587950896704845)
32.5 (-0.308426080402861,0.8731826265179531)
32.75 (-1.069544437251188,0.07404340270640894)
33 (1.107747699920523,0.3702992526638411)
33.25 (-1.641814412836199,0.1662735799859635)
33.5 (2.180059698427217,0.314982322050983)
33.75 (0.05677836560001676,1.407733125506774)
34 (0.01883975603573786,-1.25037259048565)
34.25 (-0.6663688274213727,-0.8219240770114697)
34.5 (-1.249540865476366,-0.3863171284844788)
34.75 (1.473426481841767,-0.9831469735186096)
35 (-1.88441204687691,0.1744949089339299)
35.25 (-0.06816075767898294,-0.4296897454917789)
35.5 (0.9015884311905723,0.6898255641629718)
35.75 (0.1306684659225449,-0.07010738625321239)
36 (0.6813124924002902,1.654912371348436)
36.25 (-0.8438244142882672,0.5366123729197881)
36.5 (-1.057802492298404,0.9036019069620396)
36.75 (1.418541360658005,-0.3271880591758499)
37 (-0.4595890401324514,0.3063508141402982)
37.25 (0.3480637031285143,-1.670513808445129)
37.5 (1.893370801831851,-1.189181926412938)
37.75 (0.2324039607252645,0.09217472994099019)
38 (-1.821025771731617,1.9644777258629)
38.25 (-0.2929086727284979,-0.740681284284319)
38.5 (0.9862806313871043,-2.501265288977681)
38.75 (0.06393428716522133,1.276345631075876)
39 (-1.893277653944784,0.7255105941020455)
39.25 (0.9724999026964866,-0.5625118919112976)
39.5 (-1.294587693870993,-0.7559296646971676)
39.75 (0.5188701501770401,0.2105857121267614)
40 (1.785406462070287,0.6062022838844798)
40.25 (0.3640242337618685,1.052961833548705)
40.5 (-1.182115551050153,-0.5948960655641885)
40.75 (1.074915392558381,0.05893590659849205)
41 (-0.9913257758672377,0.2073467312837865)
41.25 (-0.2117555623266153,0.6492128582519429)
41.5 (0.6644333399236568,-2.223265432162095)
41.75 (-0.1062161708294713,-1.008788979009225)
42 (0.2905276513787247,1.219240966296312)
42.25 (-0.8315815829396757,0.839390531528958)
42.5 (-0.3890118707354674,0.3617736734950328)
42.75 (-0.8461530435754714,0.9609559465503771)
43 (0.5054082963180893,-0.2440491922974816)
43.25 (-0.03860168481799282,1.160924243754393)
43.5 (0.3041101992003756,0.005696959874410401)
43.75 (0.7139733990658897,-0.6143145550271706)
44 (0.03534294011312508,-0.4340166152694373)
44.25 (-0.9223433151905456,0.1892150425066534)
44.5 (1.519004575054425,-2.690396054338339)
44.75 (-0.2957114386167465,2.009825408464058)
45 (0.4667930778564131,-0.5033466372197453)
45.25 (-0.5125781735180253,-2.797480795516107)
45.5 (0.8624224931409751,0.7635181624985402)
45.75 (-0.3883510705015272,0.7834548550875039)
46 (-1.511017186343972,0.6588888117268847)
46.25 (-0.992772504395767,1.220256438077537)
46.5 (1.759300194678516,-0.6325969962702858)
46.75 (-1.801325697807528,1.618397703238933)
47 (0.7272010248799632,-2.256691135968729)
47.25 (0.05189746844939572,-0.7448688146542169)
47.5 (1.119247680609147,1.81361189914569)
47.75 (-0.3845114068630689,0.1222025447829542)
48 (1.511372497432573,-0.5982978537544875)
48.25 (-0.005974769754997511,1.065557298347298)
48.5 (0.8868811116206565,0.2971176456309422)
48.75 (-1.377474933779077,-1.060617182999238)
49 (0.621660430852906,-1.644802827305515)
49.25 (-1.264864362259543,0.7435785908929824)
49.5 (0.1149233678190292,1.449300142754143)
49.75 (-1.626614077951329,-0.3814454002637344)
50 (1.34831097846975,-2.041350427610483)
50.25 (-0.5412263221258561,1.144615928786393)
50.5 (-0.4195276321491606,1.263000236130352)
50.75 (-0.8520841136903525,-1.250182922709239)
51 (2.187573405757412,0.6106372789911128)
51.25 (-0.8277711923750704,-0.03378321614662121)
51.5 (1.560874202149192,-1.650829262223409)
51.75 (-1.770885400308309,1.834284063747798)
52 (1.12913685848182,-0.03490317122236757)
52.25 (-0.2855501606469267,-0.756201114435924)
52.5 (0.6023486385017425,0.2190981176878252)
52.75 (-0.5904307171188309,-0.3812033810891066)
53 (-0.1390959976352756,2.059979200799473)
53.25 (0.4114851767533289,-1.720505931795939)
53.5 (-0.3716822531954631,1.860675663528901)
53.75 (0.4559367508422591,-0.7944907405273239)
54 (-0.3624386562161233,-1.475328480676161)
54.25 (-1.008922810130133,-1.05970175850489)
54.5 (0.5532864490961599,0.302412526928174)
54.75 (-0.8786861806175924,0.310106893746843)
55 (0.06215120099251963,1.150405752725682)
55.25 (0.178598694637003,-0.04809755186901467)
55.5 (1.003913309750098,1.335753866022217)
55.75 (1.059461048358439,-0.7512600571256938)
56 (-0.9894571452851186,-0.1215408841725902)
56.25 (1.318426983016239,0.09945246033053791)
56.5 (0.8550867721140526,1.101383704092823)
56.75 (-0.8045843727595585,-1.041139406781305)
57 (-0.07821265058641862,0.3458117247775557)
57.25 (-0.301606678731578,-1.889838479819259)
57.5 (-0.800756016929807,1.514018997798645)
57.75 (-1.090020743612681,-1.047115869747265)
58 (-0.01387059718142752,-0.05362492498156331)
58.25 (-0.6973382213130083,-0.2149501163863652)
58.5 (-0.5014911471055826,2.568984985525514)
58.75 (1.054595193991995,-1.160109886575155)
59 (-0.5036070380096914,-1.679566124460711)
59.25 (-0.3705057851115109,-0.5110141153227699)
59.5 (2.192540835428349,1.947339154769489)
59.75 (0.424581034078817,-1.884768045191038)
60 (1.333109148039868,1.349363169048868)
60.25 (-0.5926041222084507,1.870673406510122)
60.5 (0.09197203941938176,0.8127418901005307)
60.75 (-1.071825520913448,-0.245383887672818)
61 (-1.151947803425519,0.2529986340346969)
61.25 (-0.3749225948394064,-3.328030384919118)
61.5 (-0.6126275245196288,0.04021681459478392)
61.75 (0.6146525586267005,0.748198853450767)
62 (1.592763662732241,-0.6406546102749664)
62.25 (-0.5141348809717194,-1.222732073694886)
62.5 (1.162751367703625,1.181628755776651)
62.75 (-1.76481116727385,-0.9262180622661228)
63 (-0.4989334504465236,1.432665354004411)
63.25 (-0.1337857106661788,-0.3882855087572827)
63.5 (-0.9573413153479642,0.7558760366774064)
63.75 (-0.3067302627636235,-2.237261789950144)
64 (2.641591748337283,1.067991992049308)
64.25 (2.849197058566539,1.969960430040349)
64.5 (-0.9703383487332937,0.5955029189989036)
64.75 (-1.675648427903841,-2.119792999460042)
65 (0.2014550444175214,1.952865083159621)
65.25 (0.57398276167934,-1.062409330485226)
65.5 (-0.1404386629682732,1.00743777510785)
65.75 (-1.854050107250704,-1.825434840443048)
66 (1.210421711800393,1.088832113620949)
66.25 (-2.284848679207532,-1.472693547985043)
66.5 (0.8348871191453511,1.826273721857441)
66.75 (-0.620636895217533,0.0756371923805472)
67 (1.374089172667651,1.782506479795632)
67.25 (1.525733068381961,-2.210987794035819)
67.5 (-1.070481737235148,-0.1889545586348434)
67.75 (-0.7845941287003625,-2.643993063594893)
68 (0.8324864931310092,0.9375216969961505)
68.25 (-0.812067752116599,0.4808640933713965)
68.5 (-1.338041557060485,-0.8174259335798543)
68.75 (1.730564638519954,1.061184726435312)
69 (1.417347747717085,-0.06474729475735003)
69.25 (0.7065089030507654,0.7693168221023858)
69.5 (-0.9062616781967602,0.9216424137235534)
69.75 (0.05510731754167268,-0.9791529605729089)
70 (-0.7184059769908107,1.323385151975813)
70.25 (0.7703090460182092,-0.7963543704826616)
70.5 (-0.0115618183068918,0.4973248023124888)
70.75 (-1.517715960690535,-1.517722461352999)
71 (-1.405627731659384,0.6689720372128016)
71.25 (-0.2916130736017972,-1.735742127516443)
71.5 (1.392700161826072,1.786492300410543)
71.75 (0.7740352664758609,-1.989029294701393)
72 (2.283028102018933,0.2565575892807426)
72.25 (-0.950579146414722,-0.2203899111430939)
72.5 (-0.619092039693823,3.491800835286234)
72.75 (-0.4791534174853717,-1.557952394098557)
73 (-0.737747541597103,1.828486520214954)
73.25 (-0.09025058292982373,-1.277488355316782)
73.5 (-0.06028931966393417,0.9868703012206451)
73.75 (0.2768678750022159,-2.001911052214158)
74 (-1.004519741633712,1.853282758239285)
74.25 (-1.604874398491609,-2.595626033257604)
74.5 (1.144727501147927,1.18445000177414)
74.75 (0.6137318623836747,-1.514993396365324)
75 (0.8045672288739231,0.2736740340216418)
75.25 (0.496304194698802,0.4194669925389133)
75.5 (1.666703664653999,0.7714110791225653)
75.75 (-1.494315372295948,-0.08390265828327381)
76 (0.5655058750808142,0.7614651915984945)
76.25 (-0.4350852869794736,-1.175604437496899)
76.5 (1.651763486421873,0.5628846990291705)
76.75 (-1.330738551877924,-1.126362773233592)
77 (1.170502814537221,0.4826375035897285)
77.25 (-1.405687091962255,-1.826442108898007)
77.5 (-1.670586785329374,1.042304724205867)
77.75 (1.225435458601893,1.751069564257907)
78 (-0.9709819312949706,0.6310199428062544)
78.25 (0.8835709919858492,-1.675252596235338)
78.5 (-0.06675108903003854,0.3432611949670701)
78.75 (-1.260068291090876,0.4750910307964766)
79 (0.8287731805673768,-0.00860477109085553)
79.25 (0.4177265027163313,-1.925629812925053)
79.5 (1.286420413174847,2.357491585663785)
79.75 (-1.885457970211621,-0.3985377750622335)
80 (0.5023149559045342,1.509425843616442)
80.25 (0.5687522450025932,-1.765101604462097)
80.5 (-1.094999609560442,0.7115663300033284)
80.75 (0.6966904113275608,-2.094257329887926)
81 (1.005101453358021,1.068820789451673)
81.25 (-1.13724176838417,-0.3344050410557672)
81.5 (-0.2469184077771103,0.01861802005302879)
81.75 (-0.5386915770455651,0.1456629992396097)
82 (0.1097012209161987,0.9411603021013344)
82.25 (0.311494450062254,-0.8423892215858886)
82.5 (0.6837577164895977,1.598653891212485)
82.75 (0.2146627032343602,-1.420710282861361)
83 (-0.7835935497015281,0.9563475603674538)
83.25 (-0.3610777073238899,-0.906893934674367)
83.5 (0.06550711870402651,-0.3942747772768811)
83.75 (-0.1465717714968959,-1.624138199299225)
84 (-0.7150354305970714,1.001515578393856)
84.25 (1.17473330303056,0.4705776962589266)
84.5 (1.904072204353173,0.6464579164574089)
84.75 (-0.7181119310409547,1.466475287923744)
85 (1.020941304029353,-1.457032350386069)
85.25 (-1.841954878871494,-0.1718009657688322)
85.5 (0.0955401605490754,0.7523889786651073)
85.75 (-1.618753709603578,-2.331453631331159)
86 (1.393946309607828,0.8893461113314144)
86.25 (0.1958393190077333,0.02577889557419991)
86.5 (-0.2914354930822192,0.9076532464916762)
86.75 (-0.5169882408408273,-0.9950434086875465)
87 (-0.05701715151697921,1.0596578996872)
87.25 (0.8728873836153138,-0.8945840304434397)
87.5 (1.66271905906592,1.137981546218424)
87.75 (0.3615828081842066,-1.246788169272472)
88 (-1.272832342705282,0.4098142557389727)
88.25 (-0.3026099650924792,-0.0290459252040788)
88.5 (-1.024294647407802,0.7663032728266135)
88.75 (-0.01009281028761846,-1.157818759691282)
89 (-1.601805295996916,0.8429708778445421)
89.25 (0.3687188551444178,0.2616660434944237)
89.5 (2.268547824118341,0.486108210007582)
89.75 (1.426388212718203,0.4474630414880928)
90 (0.5338510820890603,0.7803448401498803)
90.25 (-1.897648941524964,-1.25779483068894)
90.5 (-0.3705011489793334,0.05044333148089366)
90.75 (-0.728913288560972,-1.544495128491963)
91 (0.06262418460425408,-0.2108787821027598)
91.25 (-1.047305471181827,0.6487811374097268)
91.5 (0.3359395013985345,0.9493697630758305)
91.75 (-0.9651905094922275,-2.321557528462679)
92 (-0.2789755491310306,0.5968089287052357)
92.25 (1.796443487343728,-0.4148873027145226)
92.5 (0.8871296628086329,2.414808136304136)
92.75 (0.799378769067174,-1.198475073674721)
93 (0.8219728605808069,0.4378106971554489)
93.25 (-0.5370481147801376,0.5507846373141085)
93.5 (-1.195323525789904,-0.410473076711122)
93.75 (-0.2961363305854045,-0.6665606032897642)
94 (0.05281668509051532,-1.347407132719719)
94.25 (-0.9681165521961496,0.9631734609924907)
94.5 (0.7555389921302021,0.08678109149995578)
94.75 (0.1816324853373909,1.776525758541405)
95 (0.4021430054173497,0.7489572508471503)
95.25 (-1.227574388070888,0.343976310515827)
95.5 (1.470558749472503,-1.827099957997044)
95.75 (-0.4800119084682322,0.7781891281989172)
96 (0.2684020606995071,-1.623313869459005)
96.25 (-0.3153437460324507,0.8814974570189505)
96.5 (-0.2063235930894486,0.869003324768156)
96.75 (-1.174827018283117,-1.611640929743502)
97 (-0.423424923535519,-0.6835095987264562)
97.25 (0.08039744075343425,1.145512684447353)
97.5 (1.519552527648646,-0.8431257246499576)
97.75 (1.068449343360863,-0.7222440296092151)
98 (0.7408791707188571,-0.9649080534125792)
98.25 (-1.31424845788939,2.458847266567849)
98.5 (1.582851179785711,-0.6431390279528703)
98.75 (-1.559452346634935,0.6755598873427882)
99 (0.6136622368295129,1.698668321157948)
99.25 (-1.030584968427388,0.2045700148215859)
99.5 (0.8999807929548391,-0.3337005899750815)
99.75 (0.6247224561227336,-1.193624842844275)
100 (-0.5588584298533932,-1.848732616651313)
100.25 (-0.7867520374875623,0.6858775187654409)
100.5 (-0.2098793483008176,1.673707398950071)
100.75 (-0.4310289881513227,-0.07286592320990375)
101 (1.226761139400656,-1.872035512063281)
101.25 (-1.727720068710271,0.1503705672561226)
101.5 (1.125011471007843,-1.233172914319431)
101.75 (-1.1216127904084,0.1648575757006208)
102 (0.09480067986043889,0.8014034360554332)
102.25 (-0.739050635636719,0.1151564218257063)
102.5 (0.05507739053786366,0.2982061664061755)
102.75 (0.9287060760206181,1.01296618377627)
103 (0.3011830094775793,0.423835872826142)
103.25 (-0.6858776592711842,1.265716379139586)
103.5 (3.597043966536722,-1.066610937103473)
103.75 (-0.8760836918489512,-0.4435185757911081)
104 (-1.411455749645322,-0.698981308143952)
104.25 (0.3822844467467605,-1.984378689736858)
104.5 (0.2765675609192541,1.579386071077089)
104.75 (-1.993941060720203,2.171930215050798)
105 (1.04808229104216,-1.74332611498821)
105.25 (0.2208587330182123,0.0225602800018329)
105.5 (-0.04680941899617312,1.155478045244695)
105.75 (-0.2807638069031033,-0.5544877577965579)
106 (-0.2637635817104449,0.04159839612313281)
106.25 (0.3467225102730144,1.557825734125795)
106.5 (1.927619406947029,-1.14757878281321)
106.75 (-1.4618194921728,-0.2154203957326393)
107 (0.8584415048742888,-0.1976151896419245)
107.25 (-1.482784536552994,-0.3184819838496662)
107.5 (-0.660525127352013,-0.3431602773619358)
107.75 (0.6735950432274105,0.1731674405813479)
108 (-0.8761051817598552,-0.07103470291989798)
108.25 (-0.363798416135876,-0.8866508082262085)
108.5 (1.451289244707655,-2.131273549102476)
108.75 (-0.3050791002108116,0.9232714307169441)
109 (-0.04380997380647408,1.947637476336849)
109.25 (0.6262567883416053,0.4341874310507504)
109.5 (0.5536515100671245,-1.747317483956662)
109.75 (-1.523543497450467,-0.1004364524624948)
110 (0.556009087438708,-0.1150971306398884)
110.25 (1.4493721917853,2.669439770548991)
110.5 (-0.483702804886678,-0.7075424800559211)
110.75 (-1.696476540525166,0.4760674093113932)
111 (0.8985834683208088,-1.685209453994439)
111.25 (0.2930804205432387,-0.1450045595113227)
111.5 (0.5818424205387311,-0.5088629652818265)
111.75 (-0.4230579693526375,2.426073184113383)
112 (-0.557614809589893,-1.083924467824999)
112.25 (-0.003957137209051049,1.787458791892547)
112.5 (-0.2449527027785806,-0.356521656420611)
112.75 (-0.7238421296856409,0.4730788600178963)
113 (0.5455261238248885,-2.227713288928695)
113.25 (-0.4761745335250697,0.4385022703544737)
113.5 (0.4041311214904828,0.1452566657730541)
113.75 (1.527109370230278,0.6998914082402921)
114 (-0.003346638150291278,-0.1106995852772398)
114.25 (-1.205932210954996,0.9196376144544749)
114.5 (0.0313594220017361,-1.26260435703951)
114.75 (0.5472327618333772,0.956480275211405)
115 (0.5821500749514049,-1.058730174711561)
115.25 (-0.1877578936046668,-1.330002270526901)
115.5 (-0.621870001487866,0.5426876362428545)
115.75 (-0.4984069252855799,1.211604771700522)
116 (0.3437317872057812,-1.284729226069954)
116.25 (1.97519421178718,0.5187557042124455)
116.5 (-2.230410695474813,-0.09743052272489025)
116.75 (-0.5420518042372383,1.082327537815943)
117 (0.6088958307902019,-0.5207614239554708)
117.25 (0.04616897462070223,1.508753017815987)
117.5 (0.06281209848530764,-2.445038566555795)
117.75 (-0.737652773860318,1.388974116815892)
118 (-0.5107941685388608,-0.6299676000562657)
118.25 (1.327354445430753,-0.6899264868984583)
118.5 (0.01639005929525864,0.2422109490062849)
118.75 (1.710426373195841,-0.3929262585252361)
119 (-0.3034720508547932,-1.614136426505003)
119.25 (1.695309363083768,2.379923071153784)
119.5 (-1.47143267758097,-1.494775331670597)
119.75 (-1.378822706275818,1.116839098046331)
120 (0.09401633934164648,1.269520510574946)
120.25 (-1.300063163521248,0.2255830495866453)
120.5 (-0.721522058060558,-1.339619751314886)
120.75 (-0.07854740239704526,1.213289589273379)
121 (-0.07738966579714315,0.02310508339006486)
121.25 (1.137504677933599,0.09708112833612784)
121.5 (0.4684756717290695,-1.161224098388359)
121.75 (1.482563455167249,-0.9117097434496151)
122 (-0.1921197456013532,-0.2915685629911571)
122.25 (0.06835294032716492,0.2857597862107837)
122.5 (-1.837614378868567,-0.3645288674790561)
122.75 (0.7357796330303844,0.8941804034085991)
123 (-1.39063056455836,-0.8991029302745924)
123.25 (1.767510745971074,1.333585005587329)
123.5 (-0.3375546367859325,-0.1727342550709252)
123.75 (0.2676199358956602,2.674610741314253)
124 (-1.849317435297174,-1.6709475308104)
124.25 (0.6852617529517868,0.3753290422254277)
124.5 (0.09973546537999167,-1.98448114717243)
124.75 (1.991632281497539,0.7351890032412793)
125 (-1.627626902716289,-0.04094743884753036)
125.25 (0.6119761355138351,-0.9414831000762981)
125.5 (-0.1893084131367749,1.389305007910183)
125.75 (0.679393053603446,0.1142250495730118)
126 (-1.024249887379467,-0.2523124425985904)
126.25 (3.055583707401714,-0.9516579071075008)
126.5 (-1.635879741419995,0.3722934590203557)
126.75 (-1.688677421664416,1.341627412022017)
127 (-0.6537633380216539,-0.4912466850457181)
127.25 (0.7635590353422143,-0.9518250304611636)
127.5 (0.3672133648833115,-0.842073687733402)
127.75 (-0.8107244975380022,-0.2775810295558887)
128 (0.2103768598019377,1.822576367220449)
128.25 (1.743650229623261,-0.06138936868570591)
128.5 (-1.059563654473042,-0.008815979426557471)
128.75 (0.8839414369316543,-0.2250902161249834)
129 (-0.5416082261886812,-0.06425942765321253)
129.25 (0.2883760230967469,1.769982714241778)
129.5 (-0.4149811610106748,-1.890764118470057)
129.75 (-0.4726161247798032,0.5700063885570095)
130 (-0.2393158145635691,0.7336888320701638)
130.25 (-0.2019676613388481,-0.7536172406646261)
130.5 (1.021239435085374,-0.9308998135194467)
130.75 (1.089735302220465,0.3839001185975042)
131 (0.1788103519316726,-0.3812808114613016)
131.25 (-0.2872183815558662,-0.6631620002920929)
131.5 (-1.420394788879542,1.08412321619848)
131.75 (-0.3605041252593756,-0.4686911304038473)
132 (-0.0702382786908501,-0.06040970257398524)
132.25 (0.2398432210802139,-0.03608008039455774)
132.5 (0.02501336700933092,0.2344886512985499)
132.75 (-0.1654749029907776,0.4664296629782805)
133 (-0.3019393849862064,0.2291750494610385)
133.25 (0.7209686747744488,0.5712182581010283)
133.5 (0.6318100794850063,0.1886010334462609)
133.75 (1.329047676599435,-1.461257996346621)
134 (-2.643982222826557,-0.1593690520677987)
134.25 (-0.0349250141388512,0.5570603999059459)
134.5 (0.4453847589471369,0.1455382398036346)
134.75 (-0.3235197231221054,-1.082445076886502)
135 (0.3990311628316213,3.830970914566051)
135.25 (0.03956053632801647,-1.06731118183071)
135.5 (-0.4570845555562651,-0.2079514152843505)
135.75 (1.010754468927967,-1.998923425548527)
136 (-0.5736430619809606,-0.9188450776156508)
136.25 (-0.1652567786983385,-0.2329784560223784)
136.5 (-0.00569935352230026,0.2879962855714585)
136.75 (-0.4207957397060195,-0.240853053168425)
137 (-0.6013444063646858,2.41972839380773)
137.25 (2.334765217976568,-0.3224921045042461)
137.5 (0.950328446417736,1.290344420831467)
137.75 (0.2560631409177229,0.0505516771669421)
138 (-0.5422624667622827,1.357245836054496)
138.25 (-1.930852277609854,-2.418468686502997)
138.5 (0.7921640112015693,-1.18246324124275)
138.75 (-1.099588462704808,-0.8901144623263342)
139 (-0.3751061083528047,-0.7173128658059951)
139.25 (-0.5305349107146985,-0.1699421263298156)
139.5 (1.244627757861005,2.565933769830255)
139.75 (1.11999126643976,-1.649030131394832)
140 (-3.374096882802095,1.401440942998083)
140.25 (1.999053989744693,0.151458107626632)
140.5 (1.114965015587462,1.485317319205575)
140.75 (-0.4051716237369823,-1.883955011807574)
141 (-0.7466651104645095,1.258827781979086)
141.25 (1.798060540319773,-0.148478975932128)
141.5 (-0.4254342603674489,1.181003275789257)
141.75 (0.258525793340172,-0.9890906503343345)
142 (-0.231771646790835,0.2400261958531026)
142.25 (-0.4370004273989273,-2.204543860836198)
142.5 (0.9875135123573798,-0.1645998233478991)
142.75 (-0.7438846165333057,-1.23130891363256)
143 (0.1265203954096654,0.5306717494975467)
143.25 (0.1087855933258101,0.9041688115348793)
143.5 (-0.6611052885293578,0.2857249550384698)
143.75 (-1.63127933433799,-0.4917100631263537)
144 (0.652079034491877,-0.1360853218645229)
144.25 (-0.125224611102833,1.538514634738169)
144.5 (1.372998965572281,-1.121406080974761)
144.75 (-1.243803166830237,1.79598309573742)
145 (0.8062519748770208,-0.6724304534184734)
145.25 (-0.6098984530951957,0.7015137663679889)
145.5 (-0.03364320580733846,1.358845613786259)
145.75 (0.01440146117064716,-0.2836296753179349)
146 (0.8779308432716114,-1.622203084761825)
146.25 (0.04128829192036243,-1.297194427068934)
146.5 (0.6530925684374589,-0.7388558446134488)
146.75 (-2.136444005040539,0.2123025300933801)
147 (1.063103452347568,1.661415546422873)
147.25 (-0.07682299646248866,0.9156732557481789)
147.5 (2.277944369131156,-0.3939672186210504)
147.75 (-1.899892585355803,-1.332876920326917)
148 (0.7183003698320101,0.1323304732253649)
148.25 (-1.789990182976548,-0.247895785281259)
148.5 (0.3286723964172271,-1.112818871886933)
148.75 (1.497741244155985,0.0104130485713892)
149 (-0.02474013559013672,0.8475075856303338)
149.25 (-0.5020001361351936,-0.785910522365282)
149.5 (-0.6655739566020485,0.5989740188194836)
149.75 (-0.6041281160571451,1.523129260103152)
150 (1.151523822494783,-0.568731013272658)
150.25 (-1.29164109716144,0.2511334254446505)
150.5 (1.966951654678156,-0.1864404715757897)
150.75 (0.441712845518312,1.337308366307882)
151 (-0.4954369216801318,-0.4595998468062858)
151.25 (-1.910491404322932,-1.005015790704924)
151.5 (-0.02650214795304872,-2.225197083703714)
151.75 (-0.3918020932024144,0.5790409401820469)
152 (1.738652356265292,0.3127212981260918)
152.25 (-0.7871596939181228,1.659883036608987)
152.5 (1.72110385527791,0.8124258943694207)
152.75 (-0.3842961821219198,-0.2597821384108369)
153 (2.196330722583237,0.2597630464551886)
153.25 (-0.3820784405765401,-1.545541249243837)
153.5 (-1.902282960458874,1.376276424792501)
153.75 (-0.7539729523927485,-1.397338537740004)
154 (-0.8223369762275128,0.7046395916469774)
154.25 (-2.09769806553529,1.012280966373844)
154.5 (0.2362841656537197,-0.070972339501336)
154.75 (1.265381931148227,-1.388613378489822)
155 (1.093920535124546,-1.292855936340816)
155.25 (1.74425581447,1.269434807723694)
155.5 (-0.5100780232277765,-1.026590187725154)
155.75 (-0.1124465301774031,1.226142662835839)
156 (0.1175569398947745,-0.3870951078453768)
156.25 (-0.8030125639383467,0.4434067778645037)
156.5 (-0.003365826020362347,-0.5942985881880084)
156.75 (-0.9019272285419765,0.5772237231188606)
157 (1.039707176234952,-0.2587276009465294)
157.25 (-0.06734186810514765,-0.1589152180556296)
157.5 (1.211317902296697,0.2184549415297145)
157.75 (-1.671686866649565,0.5825813037272031)
158 (-0.2241563495126568,0.08676122228315231)
158.25 (0.6847314187116534,-0.1697595689400539)
158.5 (-0.3558619795830542,-0.503196953096273)
158.75 (-0.6959065226323168,0.6579199098574756)
159 (1.098328402378502,-0.6073096165709242)
159.25 (-0.634124956172355,1.381238449742811)
159.5 (0.1250787547655424,-1.361500555532395)
159.75 (0.7421313013030593,0.8932882431248861)
160 (-0.8779785635535233,-0.2481297521424506)
160.25 (1.262932542383221,0.5897380508449056)
160.5 (-0.3894032426092934,-0.7333704973492449)
160.75 (1.173908267750241,-1.275835232357707)
161 (-0.9414178887395962,0.8960310294361715)
161.25 (-0.8607773989078348,1.129271149715254)
161.5 (0.2300460663841089,-1.143345368011766)
161.75 (-0.02621536317532711,-1.120019753174407)
162 (-0.2659073850667058,0.09541555031569579)
162.25 (0.8716224288301475,2.074246500993356)
162.5 (-0.3487315372857617,-0.8954160406746557)
162.75 (-0.6019335578162727,-0.1341336231938501)
163 (-1.671100947707413,0.1915496125406947)
163.25 (0.6610096232448139,0.9461905234046121)
163.5 (1.793092034130906,-2.605418981743268)
163.75 (-0.38531274589131,1.4744886179719)
164 (0.1076920279188083,-1.280921985816255)
164.25 (1.580154928402755,2.131466871442161)
164.5 (-1.235314213478201,-1.101867679826385)
164.75 (-1.204671991156382,-0.4152435648076873)
165 (-0.7214414998432681,0.2882864096387373)
165.25 (-0.1196002657259738,0.4990636614525198)
165.5 (0.3107178136676432,-2.013777443692058)
165.75 (0.65807362438314,1.531802947179135)
166 (0.2399249719318728,0.08014114085113183)
166.25 (1.969288957280272,0.8776533076227706)
166.5 (-0.5490715173545532,0.6697061578582163)
166.75 (0.8661873111686207,-1.422851353920229)
167 (-1.797850415349231,0.1507174702094083)
167.25 (-0.1025080346585587,0.7407353021283132)
167.5 (0.8561224613871297,1.428104835820067)
167.75 (-1.019228558637844,-0.2663180825682417)
168 (-0.4003579402581878,-1.368027670469216)
168.25 (-0.9518851098759962,-0.6804527554678909)
168.5 (-0.08119034822591487,-2.410502586073668)
168.75 (1.211767177995281,0.8779368810018044)
169 (1.13037232716446,1.375209742123893)
169.25 (0.5475739602741035,-0.06207884473169906)
169.5 (-0.677647794784659,-0.2287974870844351)
169.75 (-0.2429996100913111,0.9401746760061406)
170 (-1.838036380237058,-0.4646974807030538)
170.25 (1.853546052822169,-0.2939644478622179)
170.5 (-1.229746995174872,0.1161724779966644)
170.75 (-0.6579340462504738,2.159151928541363)
171 (0.9757988532149281,0.34054880264778)
171.25 (1.331983306573136,-1.704061459040335)
171.5 (-1.59310110660748,-1.004106230764464)
171.75 (1.227426050710726,0.3720840478729017)
172 (-0.2631342207040636,-0.7193917495418315)
172.25 (0.9979119589864396,-1.146613658815284)
172.5 (-1.674685661498025,-0.8024249333800239)
172.75 (0.8199743146841217,1.691720142110201)
173 (-0.9905163675787425,2.101597869027576)
173.25 (-0.435836681088128,-0.4355038910761606)
173.5 (0.2598460412879718,0.517852798124697)
173.75 (1.921582874352161,-0.109298997810107)
174 (-0.3259540423924581,0.1103553241533395)
174.25 (-1.760880975139778,0.3185032236318833)
174.5 (0.912710297903265,-1.458991472384376)
174.75 (-0.07621220534875728,-1.276887088084445)
175 (-1.170926367583886,-0.02737272234495251)
175.25 (0.691974903352937,-0.8533495195332311)
175.5 (0.1969535041445569,1.643313997378639)
175.75 (1.030932738544625,1.058461682692389)
176 (-0.03635713676164646,2.171812272205851)
176.25 (0.3372845854467878,-2.873851147578926)
176.5 (-0.1128085719841115,0.6883664994310384)
176.75 (-2.202567154713932,-0.2776622870301919)
177 (1.891977455628926,0.2381219260689539)
177.25 (1.274901892471421,-1.810642059004057)
177.5 (-0.4061469422371775,-0.02756292554802995)
177.75 (0.5541371361982756,-0.6456271172749833)
178 (-2.070107716646213,1.001098621130481)
178.25 (1.222582367505904,1.95692386862978)
178.5 (-1.423853983143072,0.3630925691083107)
178.75 (-1.037681623533569,0.8059692354274588)
179 (-0.2519982943066509,-0.8739768283300761)
179.25 (1.251940425521521,-0.2768723512125691)
179.5 (-0.1318185135534834,0.2441381405498076)
179.75 (-0.798878048722778,-0.8487557819226843)
180 (-0.2337456036292167,0.04140941006171272)
180.25 (1.650765327553487,-1.62669089951579)
180.5 (-0.2501731842667786,0.4965832974720914)
180.75 (-1.722764468564273,0.8719365357765941)
181 (0.4695619152181314,-0.5951804012122326)
181.25 (0.7980297550403905,-0.3421737642928296)
181.5 (2.156068477704243,1.070914523986383)
181.75 (0.04821792786332708,-1.729527380646323)
182 (-1.634346932506041,0.6214847397327751)
182.25 (0.08858999908626074,0.1111963666542532)
182.5 (0.261586122252536,1.67000147897928)
182.75 (-0.1911907534400851,-1.401622605954371)
183 (0.08341657866476046,1.979842064328173)
183.25 (1.380746499547996,-0.695459030763798)
183.5 (0.2503546466729793,0.7225552381212442)
183.75 (-0.4462654946185495,-1.883531621256739)
184 (-1.374982624301819,-0.00908776935906684)
184.25 (0.9387115624657253,0.3953800797741135)
184.5 (0.7662756022505329,0.008446285280319085)
184.75 (-0.8480722869067394,1.157460212104503)
185 (-1.407124542363807,-0.9062574975609797)
185.25 (-1.797236681051862,-0.5478671648963338)
185.5 (1.696061241470162,0.7639787102452522)
185.75 (-0.3828850835729364,-2.072187080674838)
186 (1.111351423382179,0.7584388320594071)
186.25 (0.1612124772871131,-0.5603299384322368)
186.5 (-0.7242176206537482,1.068221861152579)
186.75 (1.466332279336508,0.09297647202844099)
187 (-1.091566811784802,-0.592057479578913)
187.25 (0.3570198699092198,0.4661966007441465)
187.5 (-1.271148406591976,0.7219078974433825)
187.75 (-0.5997354599216335,-0.1158636101774388)
188 (1.210096740319228,0.3093747123927967)
188.25 (0.6441876234378321,0.3573773174112624)
188.5 (-0.6871455461175794,-0.3559427082954247)
188.75 (-0.07188325794675947,-0.4125400470225621)
189 (0.502346945240303,0.07061853166648371)
189.25 (-0.07883226430017139,-0.4522398557519881)
189.5 (-0.1681308591620691,-0.4551505425564968)
189.75 (-0.7948083378209343,-0.5140790188850536)
190 (1.864535682692159,1.49273452307975)
190.25 (-0.6812156283857315,-0.2223172248086883)
190.5 (-2.583499677186548,0.147872232604996)
190.75 (1.056692313995092,0.1613693156130619)
191 (1.283181555506562,1.064948176839163)
191.25 (-0.5032134998889367,-0.9968110887596916)
191.5 (1.249636020454277,-1.715460651983232)
191.75 (-0.154027322617955,1.96251757984363)
192 (2.393865859264873,-1.173306983165827)
192.25 (-1.280201324458371,0.6604467486953411)
192.5 (-0.7067099715191505,1.067068972814929)
192.75 (-1.400497468554231,-0.8135039137797413)
193 (0.2358881800462547,-1.242549920563495)
193.25 (-0.6420827776639007,-0.4350257320377862)
193.5 (0.6567124569019772,0.03170148196299838)
193.75 (0.1004889237750506,0.4588346368453157)
194 (-0.04046607538745795,-0.3697563563624225)
194.25 (0.5905658072948557,1.02842943758287)
194.5 (-0.5407625694714255,-0.2837037199627759)
194.75 (0.01542712894315397,1.05592719897814)
195 (1.643265468438996,0.7872240007925577)
195.25 (-1.498314979210867,0.03301581532594357)
195.5 (0.9375539294136926,1.097150324062479)
195.75 (-0.3346490021313392,-1.750753328176307)
196 (-0.6706441049163046,-0.6788815465157548)
196.25 (0.3804131414676805,-1.130514186371568)
196.5 (-0.660404893960965,0.6703926129776493)
196.75 (0.6807730789088852,-1.964419657516005)
197 (0.03106938957749822,0.4479137884449572)
197.25 (-1.374208503565211,0.7280267153840392)
197.5 (-0.7073429337941487,-0.1245248416591946)
197.75 (0.08451680088755834,0.9174723756175588)
198 (0.4223437501365678,1.580845476175876)
198.25 (0.2972513825306965,0.00939794582496804)
198.5 (1.634212106436999,-0.7605843581197183)
198.75 (0.1719424733332182,-0.2431306840407966)
199 (-0.6856919157344739,0.3950736735969219)
199.25 (-0.07447092949422043,0.6204257044195142)
199.5 (0.1394784102487322,-1.36984186259377)
199.75 (-0.9656979186295406,1.394024542378758)
200 (1.058507169873972,-1.713843895508353)
200.25 (0.5205725890587103,-0.6046604102916828)
200.5 (1.107554169482929,-0.8159617179570007)
200.75 (-2.570480517039103,0.9700802043331446)
201 (1.774187440705858,-0.6005592762533063)
201.25 (-0.1906440826518616,0.8155617348576437)
201.5 (-1.776629836723149,0.426924670921109)
201.75 (-0.1450294471040509,-0.1904050271190769)
202 (1.569154880569341,-1.313812320593856)
202.25 (-0.7307659845466229,0.9806935214402699)
202.5 (-1.562419602065893,0.9062444137567566)
202.75 (0.776539021310378,1.773603763310331)
203 (0.1136692843643885,-0.2481595078928989)
203.25 (1.114868723865884,0.4778369954377429)
203.5 (0.6713802234907895,-1.114335700792175)
203.75 (-0.717735422900631,-1.45359164018328)
204 (-0.3814346821951141,-0.4630016952036863)
204.25 (-0.5006408432874915,0.1721636311773579)
204.5 (0.002000146866019519,-0.9087486804757674)
204.75 (0.2220551115047898,0.6779978719460226)
205 (1.898931081564335,0.2964977232397961)
205.25 (0.01464119970359398,1.607984749927626)
205.5 (-0.3884930529150598,-2.028030973705773)
205.75 (-0.4287466661953396,1.902369719650381)
206 (0.009129226034445295,-0.594523534027438)
206.25 (-1.762136986529288,-0.7596655062531427)
206.5 (0.1794703057399102,0.1691017090651316)
206.75 (-0.08387904672070666,1.295301338022711)
207 (0.37342487889388,-0.207773268543356)
207.25 (1.267166886635907,1.236782375969664)
207.5 (-0.9167913679670652,-3.526741900361972)
207.75 (-0.7764605232010613,2.039331261613106)
208 (0.08363888555732688,-1.569208339438632)
208.25 (-0.602064633714755,0.7927941427881032)
208.5 (0.1582366721486058,-0.9605329445995319)
208.75 (1.991504843565712,2.537035535944583)
209 (0.265638405131382,-0.03311427852232034)
209.25 (0.196214698771028,-0.8716751907496618)
209.5 (-0.9830659739508236,-1.326687902253191)
209.75 (1.021677997843635,-0.7478402497124156)
210 (-1.504203751670701,-0.7336768319864648)
210.25 (0.3925752356998336,1.474108507082526)
210.5 (0.6878007804753498,0.8231212314180932)
210.75 (0.9037847634217908,2.15483422049455)
211 (-2.748531470338975,-1.957075652656372)
211.25 (0.704375853765718,-0.7429872729891126)
211.5 (0.3200207966989279,-0.6007598297984066)
211.75 (0.8348314803687386,0.2797008787484435)
212 (0.259307643740869,0.8345009850059255)
212.25 (-1.421312687010065,1.332622888241537)
212.5 (-0.6621915196064173,-1.993871375636701)
212.75 (0.6337930596736344,0.6140637278750444)
213 (-0.8738310052934555,0.3550901372590088)
213.25 (-2.155665694033646,0.02855599964643545)
213.5 (1.585049194380121,0.6305273385201041)
213.75 (0.9680529594778653,-0.8788349550631257)
214 (0.0372888251476226,0.763257405506064)
214.25 (2.269201397631863,-0.8907998939253214)
214.5 (-0.8583105236444619,1.715487272527639)
214.75 (-0.3123258385451012,-0.3750422398678314)
215 (0.5765947110144224,-0.7629670249500129)
215.25 (-0.1334102464742555,-0.5099304488430358)
215.5 (-0.8259372281161693,-0.3360865712198537)
215.75 (1.070857929712234,-0.1145690781880264)
216 (-1.130570041762804,-0.1730241938545978)
216.25 (-0.05370139816041375,-0.04098650299436796)
216.5 (-0.1953867098601384,0.4174514137689496)
216.75 (1.859548195628694,-0.4051162261834491)
217 (1.014548238313236,-0.4615707763599106)
217.25 (-0.5904442072173613,-0.8871306055465898)
217.5 (-0.5606188478632042,1.720050906218717)
217.75 (-1.342312076509581,1.283400110105187)
218 (-1.720224900320216,-0.3001745104632714)
218.25 (0.7856401720681526,-0.8469549266966541)
218.5 (0.7017572951311301,0.8406854986785622)
218.75 (0.6047108729799906,-1.465275236235935)
219 (-0.473131413674533,2.497100307435863)
219.25 (0.9402569871584211,-0.2878197146114773)
219.5 (-0.6527775675252753,0.4328769066289038)
219.75 (-0.8466642535070983,-1.611940364548343)
220 (-0.1753377468329181,0.445583124016966)
220.25 (1.691648124688445,-0.1039766206411016)
220.5 (-0.7820229099869721,-0.242753072593661)
220.75 (1.093008651589604,-1.114741348628831)
221 (-0.7325084788596354,-0.4152093043374309)
221.25 (-0.3454766072665882,0.5825533650540583)
221.5 (0.7037733247651646,1.999322131869524)
221.75 (-0.773514966623123,-0.6909284948490574)
222 (-1.107795648989867,0.1996872506156026)
222.25 (-0.729492318352176,-1.320482863293707)
222.5 (1.247687318050545,-0.7107623788139921)
222.75 (0.45696539391524,0.1828485763843875)
223 (0.1368234658208651,1.07204780238329)
223.25 (0.3715741117880054,-0.678369026037079)
223.5 (-0.7080634837620778,0.4512184394132696)
223.75 (0.3828038958153884,0.2048036627243119)
224 (-0.1920775887326217,-0.1898559304339741)
224.25 (0.9092310737533829,0.4492193921129214)
224.5 (0.984654917608487,0.9392015907152109)
224.75 (-1.725129385758081,-0.9855081516941393)
225 (-0.5138455900941958,1.16967487630566)
225.25 (1.379913235890216,-1.148960905629658)
225.5 (-0.05987237949401453,-1.384070433225212)
225.75 (-1.257972126645223,-0.2794347831952088)
226 (0.9880386603936802,1.614584505668453)
226.25 (0.6227085301576225,-0.09561201183987353)
226.5 (-1.566510018449482,1.162415179880955)
226.75 (-0.2423377839667765,-0.933868012916814)
227 (-0.05009904636116821,-1.099935622587197)
227.25 (0.5492835541447549,-0.5433011784019285)
227.5 (-0.2160879121187406,-0.4374223772324401)
227.75 (-0.5038595209059887,0.9734718697576686)
228 (1.467712847977257,0.02463745058118201)
228.25 (-0.7691288888772388,0.6480354152490215)
228.5 (-1.402015296882854,0.8041430001582741)
228.75 (0.4160364720841812,0.131746851245301)
229 (1.432540836351929,-0.3520549301376336)
229.25 (1.238127919148641,0.4048456554470409)
229.5 (1.777906214103401,0.01122761918124745)
229.75 (-0.6091696002491948,-0.5545934400764568)
230 (-1.046071117680434,-1.769455634795709)
230.25 (-2.384471261311816,-0.3344044447546446)
230.5 (0.4877129063871214,-0.1532557780595704)
230.75 (-2.218794030213036,0.5653761896703532)
231 (0.2247313768899055,0.9551528932579785)
231.25 (1.372473572506746,0.6287499970769008)
231.5 (-0.3682248259831963,2.28573138426483)
231.75 (0.4631832052847948,-1.067401053312311)
232 (2.981238350964486,0.1631899755299925)
232.25 (-2.755405138194253,-0.133570542575447)
232.5 (-0.1489398451789876,-1.010161979922801)
232.75 (1.361696187112298,0.5331138475488031)
233 (-1.389804031840849,-2.175301486242229)
233.25 (-0.8575241517911019,-0.6150657939400208)
233.5 (0.92673031021609,-0.8702679658235037)
233.75 (-2.223922170279296,1.703133481855563)
234 (1.875044462102476,0.8095821551778151)
234.25 (-0.05488363181256246,1.7717050033819)
234.5 (2.944492016954315,-0.2193375970593456)
234.75 (-1.218922442214999,0.7781786553526372)
235 (0.8813602861711335,-0.1430336841985302)
235.25 (-0.879352421421788,-1.486222104089288)
235.5 (1.768116027312859,-1.313681310376209)
235.75 (-1.179639254855632,-0.8838060326171668)
236 (-0.1183760185442214,0.9838471799798941)
236.25 (-2.956502363301388,-1.145881572206913)
236.5 (1.60924845563585,-0.2523564620291838)
236.75 (-1.42096024612113,2.056995678395485)
237 (-0.895256182495788,-0.1707877780671996)
237.25 (2.398575706900191,-0.4021387474156625)
237.5 (1.46595537073265,0.8738246305773933)
237.75 (-1.186353940686488,0.3882407794590373)
238 (0.5633635090431546,-0.9830761421159881)
238.25 (1.155224922974426,-1.011801391785041)
238.5 (-0.8075856894778033,0.6543901852744948)
238.75 (-0.0480550739766172,0.646000416292784)
239 (-0.1799892216361815,-1.303645416508934)
239.25 (-1.265557265681795,0.3194560718628253)
239.5 (-1.002335720842274,1.123128481529877)
239.75 (-0.2207313112670776,2.731697104650179)
240 (0.7189043169188853,-0.8800575616984742)
240.25 (0.3717963356486642,-0.01654846869926351)
240.5 (1.58373055162362,-0.3040995216073928)
240.75 (-1.091271670874957,-2.30127296064826)
241 (0.2355717598517955,-1.134828183500777)
241.25 (0.02538915173990398,0.6023776416380241)
241.5 (1.404010536464269,-0.5558117156351357)
241.75 (0.02968597056008337,0.4490690298441679)
242 (-0.5997595898133516,0.07293227750967521)
242.25 (-2.109439907287611,1.428056394421009)
242.5 (-0.5127831373937337,0.2274039336327237)
242.75 (1.149998435475739,1.458911179870829)
243 (0.9111563054323338,0.7908419723522964)
243.25 (0.9757868819236184,-1.521895920617413)
243.5 (-0.7875401896800183,-1.572480624973635)
243.75 (-1.389356594130142,0.3113140644726834)
244 (0.5347118905911782,-0.9390591720252029)
244.25 (2.235070841659468,2.110217494170829)
244.5 (-0.9173039598422361,-1.502705311675335)
244.75 (-0.4897875186741595,0.6397151816718645)
245 (-0.440907712166086,0.3742692107776727)
245.25 (-0.1994207832384967,-0.5182109194417758)
245.5 (-0.6163309344467423,-1.167116484094331)
245.75 (-1.242500598183272,-0.0003835290948735984)
246 (0.6219775253596194,-1.234763895909222)
246.25 (0.3370995812129035,0.3812600758120963)
246.5 (0.2169204484629006,0.7867524508655527)
246.75 (0.1638292566055123,0.8631688061433477)
247 (1.741810790885712,0.06996306379694585)
247.25 (-1.754615107287621,-0.4954761449077126)
247.5 (1.059231623724918,1.212071889015614)
247.75 (0.5090282051518435,0.1153137896658588)
248 (-0.7873264600119985,0.4570274002932688)
248.25 (0.1431365068744251,-0.5459823233908586)
248.5 (0.4307960402281391,-0.654998371186445)
248.75 (-0.5038061724358236,0.7983692108089611)
249 (-0.6312041572828001,-0.2136712122924313)
249.25 (0.4298337539875646,0.1291094230008373)
249.5 (-0.8578164219698715,0.3064413782802407)
249.75 (0.1618152126396774,-0.4093283099727985)
250 (0.5048909253628134,-1.687119572220707)
250.25 (-0.1733472635602506,-0.3784556563027763)
250.5 (-0.6563879610725531,0.2618397790894232)
250.75 (0.7274309058965748,0.3729086891497505)
251 (0.274294479554258,1.192717394543309)
251.25 (-1.030293394389977,-1.273178853421369)
251.5 (0.3625698454637362,0.7490351209646395)
251.75 (1.299569039398445,-0.5780061981864024)
252 (0.9923918135395909,1.96909141527226)
252.25 (-0.4520818915664938,0.3862717626534513)
252.5 (0.008856185735859395,-0.4002768803878616)
252.75 (-1.493766821198204,-0.3900784713956187)
253 (-0.4680134252504398,1.976361770021202)
253.25 (1.364151760003794,-2.00353495670181)
253.5 (-0.9146121373126158,-1.001801066095263)
253.75 (0.2250605073198881,-0.5933581455609825)
254 (-0.5342760319126167,-0.08003777180081897)
254.25 (0.5751313227580293,0.9701009631889447)
254.5 (-0.5302377703382894,0.1533197203486881)
254.75 (0.474754507831986,-0.3872015331360082)
255 (1.141314168139954,-0.1920131457381128)
255.25 (0.3498790718237945,1.471273460878938)
255.5 (0.0721180861804373,-0.805358121099882)
255.75 (-0.7985637579285536,-0.2832824699613999)
256 (-1.838161366739146,-1.223919077784575)
256.25 (0.5882137102869867,1.377772065763396)
256.5 (0.7788499947483405,1.010059145364622)
256.75 (-1.18920829925582,0.5819805284545353)
257 (-0.6400951558486302,-0.5640681688101568)
257.25 (0.7374265571353372,-1.09520466695757)
257.5 (-0.8529556353604951,-0.6224890699437011)
257.75 (0.4093458319052553,-2.631856018471591)
258 (1.05669741574813,0.5211893357570939)
258.25 (-0.01996813588845366,0.526432394704082)
258.5 (2.399125156137051,-0.2748859761800438)
258.75 (1.566424791401151,2.204420148349835)
259 (-1.291166189192865,1.645178288939896)
259.25 (-2.131133123192468,-0.004507475871883183)
259.5 (-0.579922975401045,-0.8875021341768889)
259.75 (1.096058634317861,-0.3478300554710615)
260 (-1.972270928629593,-0.4926070835524217)
260.25 (-1.092194092887991,0.9496365469767974)
260.5 (-0.5980220327479163,0.3161704607290585)
260.75 (0.1958003157243354,-1.134693696084294)
261 (2.933273641366223,0.1060461491097645)
261.25 (0.628142469809443,0.03715117146389579)
261.5 (2.986748211939707,0.4425953458824827)
261.75 (-1.780945529270183,-0.3935117455986519)
262 (-1.343326637285073,-0.6901023208312479)
262.25 (-1.394627195264433,0.232932992674324)
262.5 (0.7084932072452598,1.647455474943747)
262.75 (-0.06801341649724119,-1.537822698368304)
263 (-0.08146227948957936,1.117360944681261)
263.25 (-1.709416572979668,-1.574382693137658)
263.5 (0.8401813973284799,1.062025452994977)
263.75 (-0.2523171065978295,0.9426877170097673)
264 (0.817256502221951,-1.570726679558613)
264.25 (0.01397111148576657,0.8059818395740703)
264.5 (-0.07189095677375237,-0.6746895300768871)
264.75 (0.1611826649806912,0.02049833235456435)
265 (-0.1049213267497908,-0.3461899830337839)
265.25 (0.3615666032158263,-0.2774745911465961)
265.5 (0.9859894365246634,1.308623359173223)
265.75 (0.6771762979495459,-0.03570595940306485)
266 (-1.095162925331048,-0.1865762324869562)
266.25 (0.6073483714330447,-0.5441422875414564)
266.5 (-0.2963013584092468,0.7892460213206322)
266.75 (0.3158921033998741,-1.111054309122154)
267 (0.4547621949965345,1.04752302752111)
267.25 (-0.4639191973533578,0.1903176918414041)
267.5 (-2.167318927610671,-1.296068731730413)
267.75 (0.2558623429574298,-1.664856395554093)
268 (-0.3499805730079303,2.517939584102029)
268.25 (0.3308700639116633,-1.491191025467043)
268.5 (-1.189801896157968,0.5818784494183428)
268.75 (0.9687718648727811,-0.4980407339482308)
269 (1.195213141922205,-0.06851633059201252)
269.25 (1.008585375281021,1.513931985869849)
269.5 (0.8855737131550262,0.9620046637704096)
269.75 (-1.751852001746036,1.340003026948956)
270 (-1.298215614207487,0.4967658047734589)
270.25 (-1.392462936178726,-2.675308525119061)
270.5 (1.90989319118331,-0.5072856488837265)
270.75 (0.4640748443815645,-2.264202982100695)
271 (0.1842397000270619,0.313212102889715)
271.25 (-0.6325960575752217,1.833167958009873)
271.5 (0.8516484534968451,0.177456020130953)
271.75 (0.52145989127153,1.330819247858617)
272 (0.2376642006675734,-0.04605499747630693)
272.25 (-0.00534436479104662,1.225906377200752)
272.5 (0.9339748135709121,-1.513856364638023)
272.75 (-1.28212250981961,-1.312863837099129)
273 (-0.3635648683136162,-0.6861240125916791)
273.25 (-1.536197537966602,0.3613336734996711)
273.5 (0.02892315871184313,0.4456482256299773)
273.75 (0.03955682525652499,0.4632496714196856)
274 (-0.05513852897650984,-0.4822197992979061)
274.25 (0.6673309352502432,0.2255942011445708)
274.5 (0.3758798528019673,-0.3965154059268245)
274.75 (-0.1421275351422257,-0.2758428398846485)
275 (1.632929470006061,2.299694182392906)
275.25 (-2.254534875270631,-1.075030476891014)
275.5 (0.487580720162354,0.6174437646169783)
275.75 (1.390028874320204,-0.7001324317278094)
276 (-0.08580279615776,1.29983163347912)
276.25 (-1.797826085726066,-1.269752307996492)
276.5 (-0.6268529565157379,-1.492919978070335)
276.75 (-0.2947241454323517,0.4869551017307493)
277 (0.3188315297150944,1.151035831906612)
277.25 (1.129963892215071,-2.266501494509241)
277.5 (-1.470725027208682,0.2529581489388205)
277.75 (1.639371454245081,1.121262942306904)
278 (-0.5586704215162818,1.413503850924518)
278.25 (1.013270121070275,0.0665319168656078)
278.5 (0.6049988182178376,0.2033535729241559)
278.75 (0.0586382982469567,-0.194513703961507)
279 (-1.042433728967223,-1.646954638538506)
279.25 (0.3122101955621894,-0.3855910465812576)
279.5 (0.9580923473653453,-0.01983969166647431)
279.75 (-1.336761677780862,0.6509851108619773)
280 (0.7612633156525491,-0.4927448881199193)
280.25 (-0.9582350801951757,-0.6032060645131264)
280.5 (-1.00283414482623,-0.01760014428010566)
280.75 (1.84690211155298,-0.7382397760934577)
281 (0.08202501582927986,2.245169654340336)
281.25 (-0.1254096240118117,0.8273510634058642)
281.5 (-0.2080980509793292,-0.2600161472582239)
281.75 (-0.1802595308289097,-1.536062148507544)
282 (0.1157502526835632,0.9567862443024555)
282.25 (0.7887376131517109,-0.852546262990713)
282.5 (-1.235757269456452,0.0002761630064375044)
282.75 (-0.8573727645349766,0.1308069462185542)
283 (-0.06376349000802763,0.3210287941432231)
283.25 (0.4873704160337142,-1.790919788519095)
283.5 (-0.003782351381502692,-0.6620445955631479)
283.75 (0.2042190802366303,1.808816541565908)
284 (0.6539189841677794,0.7910307376704712)
284.25 (-0.06663946076889557,1.002535459145614)
284.5 (-0.2323824492908401,0.3752227443425895)
284.75 (-0.1884513451188279,1.670761181476893)
285 (1.308658780904357,-0.5289224550495081)
285.25 (0.6367370745077217,-0.5445533573055379)
285.5 (-0.2829687422981725,-0.6061609264350797)
285.75 (-0.2542611943915353,-0.2239528283014088)
286 (-0.8304433218107221,-1.375530349758399)
286.25 (-1.529457506603334,-1.926330940181325)
286.5 (-0.4912416601485698,-1.33268031678149)
286.75 (0.1983276857639492,2.932480503918671)
287 (0.3384016346610302,2.49495433876903)
287.25 (0.1043719676094789,0.7624272905628858)
287.5 (0.732539220490211,-1.648337977803142)
287.75 (0.5054898345664903,0.06632684311774877)
288 (0.1102188862734948,0.1121944172389955)
288.25 (0.1295314594352742,-0.429080685739821)
288.5 (0.02716083175003569,0.1434891826013828)
288.75 (0.4688810886135862,-0.5839695224274429)
289 (-0.2202246082261356,-0.8625964504003089)
289.25 (0.04999945042369851,-0.4701905088990178)
289.5 (-0.3678780304992218,0.4452460705999648)
289.75 (0.001144239610744934,0.5785096770111512)
290 (0.6976246089400248,1.052929332007282)
290.25 (-0.09397404762784044,0.8077093522528423)
290.5 (0.2581088725731724,-1.21339249513805)
290.75 (-0.657700801407012,-1.972963990140319)
291 (-1.091899771592095,0.5268581570912149)
291.25 (0.4854615176728319,-0.939340201281196)
291.5 (-1.915359528383385,2.870439033392777)
291.75 (0.4280093026353139,-1.092149325239614)
292 (-0.05335497245436054,-0.2701654744359626)
292.25 (1.535531437075086,-0.3291806238291967)
292.5 (1.289809424229093,-0.0313349073419732)
292.75 (-0.6433117522536992,-0.1404944829047829)
293 (-1.873747632343015,0.9516510305047071)
293.25 (0.6378477240610325,0.3898987671693428)
293.5 (-0.2752373150504571,-0.4905885405677478)
293.75 (0.4715236272377507,-1.975681611462289)
294 (0.708715672540192,0.7951105716267568)
294.25 (0.06967489645024073,-0.04809888443304328)
294.5 (0.2704476802754759,1.318565961606512)
294.75 (-0.693700514976321,0.5321933547603755)
295 (-0.5156765261343074,0.9617814251538386)
295.25 (1.746917721205064,-1.654619834188048)
295.5 (0.4065033182144716,-0.8531639536593023)
295.75 (0.9840119211012079,-0.3500162027787465)
296 (-1.887762421229342,1.149742821542987)
296.25 (0.3785670999085903,1.330938123058129)
296.5 (-0.4363452369645189,0.2025523504796648)
296.75 (-1.228654179618432,-0.4449112555660737)
297 (-1.738454736040851,-0.2250069252817406)
297.25 (1.368024760717546,-0.7592471413251557)
297.5 (0.2396879926708797,-0.2655459316796697)
297.75 (0.3481101089829685,-0.1472483692515427)
298 (0.3161874519327612,1.409844094440669)
298.25 (0.7552211994883994,0.8814739822252978)
298.5 (-0.2468064882633972,-1.564466823939754)
298.75 (-1.048199428733287,-1.944470990683451)
299 (-0.1608105726225547,-0.4753029536954184)
299.25 (-0.3704652603038608,1.010564600730019)
299.5 (-0.05037684394440477,0.3463993878625408)
299.75 (0.2639111021502648,0.9707237281327381)
300 (1.328673738845066,0.7282047525114309)
300.25 (-0.05722563436427276,1.230767489174684)
300.5 (0.2765993710232741,-1.030917673356962)
300.75 (1.219900979342476,0.5483813718742607)
301 (0.6702718960023047,-2.013006687682554)
301.25 (1.117921377061572,-1.653197449096278)
301.5 (-0.519831949246925,0.2138828898358411)
301.75 (0.7739617313375102,-1.511111969670724)
302 (0.8646062835788911,3.17473010193478)
302.25 (-1.246305987067371,0.2448211845187479)
302.5 (3.237244026291284,1.542572722885022)
302.75 (1.74228368715184,1.054801374540143)
303 (0.8205476002135347,0.01848723615764065)
303.25 (-0.5500039993461268,-1.694001088498345)
303.5 (-0.3564997222706196,-0.8550949160117932)
303.75 (1.187111429153529,2.281015994073955)
304 (1.020965609515808,1.438592581967318)
304.25 (0.2659304861962218,1.70737684126098)
304.5 (-0.5727529444557661,1.614315263063616)
304.75 (-0.4182193119401758,2.775763020366935)
305 (1.02989183098433,1.51206756879662)
305.25 (-0.108271671712979,-0.8075453933318193)
305.5 (1.355996173846528,0.8223478648625098)
305.75 (0.6524358763607114,-0.4334667939937248)
306 (-1.152432353610057,-1.454197254755898)
306.25 (0.5268587964551958,-1.345531758874984)
306.5 (0.1482833725212294,1.474085630652181)
306.75 (0.5488746393516422,0.1714094513688982)
307 (-0.279656812458614,-0.7633279921983085)
307.25 (-1.416897821652287,0.8198174594820639)
307.5 (-0.828100762855645,-2.361033849157137)
307.75 (-0.4135068993624249,-0.4958849295266715)
308 (-0.04753605662654029,2.304897676116556)
308.25 (0.7707154352824586,-0.7462255822224406)
308.5 (0.7260576123897587,1.67499924566556)
308.75 (1.169237665551694,-0.2455011804755417)
309 (0.4593529367694112,-1.343270059864272)
309.25 (0.204143258431902,1.423145903544475)
309.5 (0.5069155614640357,-1.098720319448593)
309.75 (-0.6047013959178522,1.180956087227155)
310 (0.2411580072124202,-0.4806441613834687)
310.25 (0.2540083827186696,-0.4836013318059155)
310.5 (-2.308573373574687,0.2302269366303182)
310.75 (-1.817674704239467,0.01387952845410113)
311 (0.3857735942316751,-1.079633334962857)
311.25 (1.533963440049375,-0.05512979387205563)
311.5 (0.05046520770420263,1.598234691492514)
311.75 (0.8015104567857065,2.124164467194765)
312 (-0.8065450625843474,-2.163450556357247)
312.25 (-0.78119700829648,0.2895470401585428)
312.5 (0.2739553178072746,-0.9135040162490246)
312.75 (-1.030114642828858,-0.9573653125264825)
313 (2.233617939024648,0.3170624497285414)
313.25 (-0.9008546648722425,-0.06384156483361531)
313.5 (0.9318793916477348,1.337547845331523)
313.75 (-0.09840417703188396,0.9249780709966133)
314 (1.448260593857646,-0.8272536459280077)
314.25 (-0.1801009438335863,-0.3864213557979859)
314.5 (-1.540245450688349,0.4876139287588399)
314.75 (-0.2729660469128619,-1.533019802228519)
315 (0.2044186066976136,-0.8391167713508447)
315.25 (-0.9262446547955854,0.0978094700953608)
315.5 (1.236650416802693,0.004189450365695509)
315.75 (-1.52657860716906,0.7533416511075016)
316 (2.586780332084741,1.493609550091842)
316.25 (-1.661344893086145,0.04305653966784626)
316.5 (-1.036426464340509,-0.4216716794205231)
316.75 (0.5755604091063085,-0.1134837491868728)
317 (2.831349692002025,0.8445810312767162)
317.25 (-1.178101444282676,-0.2583804016566316)
317.5 (0.5817316318573306,-0.6122445863663927)
317.75 (-0.03923231568821538,-1.042674843302194)
318 (-1.924144729854973,0.5182172912128271)
318.25 (-0.7455347278091872,-0.444881739744751)
318.5 (0.650368772296272,0.716972153854201)
318.75 (0.3066875276844834,0.4679530100262601)
319 (-0.5053318361255535,0.9997673956549854)
319.25 (0.8839969157888193,-0.9456886034028845)
319.5 (0.9762934910640877,-1.588856242534881)
319.75 (-1.316407637534968,-1.298763384197416)
320 (0.107911208166115,2.159983927314761)
320.25 (0.01083181413669665,1.096632072638472)
320.5 (-0.9937352061821429,-0.9589239672760521)
320.75 (0.4372065021582172,-0.2062637730600303)
321 (0.649349421829967,0.2148025300659153)
321.25 (-0.004863010810448728,-0.08896866693533821)
321.5 (0.01607375541823072,-0.7893123785036105)
321.75 (0.582638350217727,0.04719237939040098)
322 (0.7448971732102131,0.2454685665240467)
322.25 (-1.701264141515858,1.156895517340545)
322.5 (0.9504505386064748,0.9424804190813239)
322.75 (-0.2196787726731862,-0.1074305192740602)
323 (2.273316181376565,0.3666884635565045)
323.25 (-2.22682431209579,-0.5834793056168541)
323.5 (0.1003132724874751,-1.196544013414319)
323.75 (-0.7712636743104552,-0.5867484293842359)
324 (-1.390809765430166,-0.684991432631621)
324.25 (1.782038045704902,0.3476481250993366)
324.5 (0.5943458884432616,-0.2821041371013691)
324.75 (-0.5628088286591887,1.197518558379966)
325 (0.1729401022501846,-0.6937186348820603)
325.25 (1.012152567724572,0.9762271298647405)
325.5 (-1.126610321999807,-0.0241215879760975)
325.75 (-1.160854047317118,-0.1867638133580624)
326 (-0.8225061679322216,-1.732104665798675)
326.25 (1.101088845587945,0.7166810363684359)
326.5 (-0.248393167166336,1.380753756011507)
326.75 (0.5847719230940954,-0.04695008441484916)
327 (0.4949066358229662,1.248209556646178)
327.25 (-0.954098083090212,-1.375446783362043)
327.5 (0.6687150784132292,0.02759552202694183)
327.75 (0.5730415221367782,-1.47566442211736)
328 (0.4731303604859231,1.284384166035642)
328.25 (-1.06641106221022,0.1761762889468886)
328.5 (0.1325712593897114,0.2602739411740497)
328.75 (1.109101729595729,0.3284204358001917)
329 (-0.8826620213355379,-0.6143129093426057)
329.25 (1.433471824626962,0.1580964245517964)
329.5 (-1.826502678114733,-1.947807486697735)
329.75 (0.5340116710074204,1.392971839227706)
330 (0.5259243574784012,-0.3630280608538431)
330.25 (-1.795698537908104,1.38861778739263)
330.5 (-1.204024503192013,0.699751441296582)
330.75 (0.4146441171671496,-1.800318849151216)
331 (0.4983671863636762,-0.5443113109891041)
331.25 (0.6265081001037944,0.2687795316281396)
331.5 (1.649680081586395,-0.7973880417310816)
331.75 (0.8860741202911455,0.7559296721646388)
332 (-0.4889322167867233,1.007618034570255)
332.25 (0.7168654172450445,0.3327310453450373)
332.5 (-1.425023333326627,0.4911791726529985)
332.75 (0.4728566982715671,-0.7200000076117729)
333 (-0.2800668460494323,-0.5742853855730774)
333.25 (-1.464809834216339,1.414072818577059)
333.5 (-0.5259800584579478,-0.4652213538395197)
333.75 (-0.5620277442995263,0.8889844156036144)
334 (1.65200131105556,-0.6415333355759744)
334.25 (0.6016300619124043,0.4076591892440884)
334.5 (-0.03141788493319968,-1.326898663314794)
334.75 (-1.693410444256362,0.1035303511217501)
335 (-0.6672301084769285,-2.289232569665102)
335.25 (0.8397264208927467,1.553406785224973)
335.5 (0.8372394761893137,0.6275814559403304)
335.75 (1.531987585999223,0.2533969635711566)
336 (-1.262369134019651,-1.095628957291932)
336.25 (-1.605226711120245,-0.3534055336244296)
336.5 (1.570361477178729,-0.1191946423136)
336.75 (0.5130398191652991,-0.1551615185067801)
337 (0.8512712406335812,2.260637492192335)
337.25 (-1.131442245235425,-0.0409410896785392)
337.5 (-0.6132068823461101,-1.76431764994024)
337.75 (-0.990990144439502,-0.4962925543020831)
338 (0.3135450390641978,-0.6764686190321898)
338.25 (0.4286979821829575,1.200796102284164)
338.5 (0.3350072899844611,0.03197517980566845)
338.75 (0.760455281868431,0.7547181176730148)
339 (-0.7673300095207668,0.7984251632486852)
339.25 (1.003910976845553,0.9478084013759831)
339.5 (-0.03366717145674469,-0.950165021256103)
339.75 (-0.3190756900312906,-1.188762648999624)
340 (0.560598009748897,-0.8614586887318028)
340.25 (-0.8384427065748716,1.493402450757541)
340.5 (0.03443282107484114,0.3474423825077797)
340.75 (-1.151667606423257,1.784954420372322)
341 (0.4634984861624485,0.4968915402767043)
341.25 (-1.081281713583982,-0.7186281549445053)
341.5 (2.531902343649543,-2.320826509854589)
341.75 (-0.5488835529742264,-1.389325309437067)
342 (-0.3350441995829813,0.8488528669079001)
342.25 (0.3055706054322225,-0.2848635952954371)
342.5 (0.703357949755407,-1.644491752975489)
342.75 (-1.575833099842078,1.203772072981516)
343 (-1.283525890391943,0.1466754662116262)
343.25 (0.4308612407209423,-0.07103224299705981)
343.5 (0.3933175805093024,2.033823870605093)
343.75 (0.1074112314945423,0.3242816788596554)
344 (0.9296964198106348,1.018515052315749)
344.25 (1.331574871270663,-0.8431596892473271)
344.5 (-0.9986158761613828,0.3827700782696141)
344.75 (0.03093777677388402,-0.3296331349660938)
345 (1.850640621132492,-0.2884351006848719)
345.25 (-0.5727799197779934,-1.723661880137658)
345.5 (-2.062487778041411,0.2819445879212933)
345.75 (-0.9221011715731314,-1.165880435478597)
346 (0.6006356490154726,-0.4139319486381869)
346.25 (0.5576416883919938,1.179697423583186)
346.5 (-2.251696719323881,1.170727695614777)
346.75 (1.137638751722482,1.448599477775281)
347 (1.069121586734561,-0.2584809277963996)
347.25 (0.3296079233457704,-0.6475020911487124)
347.5 (1.133728202676174,0.4986883123636243)
347.75 (-0.3058650459125775,-1.225194851255724)
348 (-0.7679657577230975,0.4703155302690472)
348.25 (-1.062571638776008,-0.7737726650794414)
348.5 (0.9700097365081157,-1.175840674958031)
348.75 (-0.117402147776849,1.288734287950071)
349 (-1.182620067695658,-0.3727361163227508)
349.25 (0.5461922595616647,-0.4822966338821832)
349.5 (0.276919304996625,0.4595045642125816)
349.75 (-0.2792959130916699,1.430388202853741)
350 (1.173893678705202,-0.485827580378682)
350.25 (-0.6747555134590856,-1.299082601549384)
350.5 (0.8237750123214665,-0.5963638967002547)
350.75 (-0.833933740316689,1.995985969834693)
351 (-0.5483880959806353,-0.01488040082930202)
351.25 (-0.4856857921351898,-0.3252964023758181)
351.5 (1.135235100257667,-0.6023813828193826)
351.75 (0.08684132615683321,0.3254289611923315)
352 (0.4049071516978746,-1.662459538709882)
352.25 (-0.9131876681039844,1.211565300213071)
352.5 (-0.7575163007489373,0.1658123941057371)
352.75 (-0.2794024386708501,0.187567513471044)
353 (2.475634634843695,-0.4044843632547655)
353.25 (1.106872488745659,1.38169856322128)
353.5 (0.1787682313609058,1.405106387705326)
353.75 (-1.522729360765256,-0.5010783660013255)
354 (-0.5157801239836179,-1.763400854055595)
354.25 (1.466186139405449,-0.1260599123245721)
354.5 (-2.042170704844815,-0.1090003025333955)
354.75 (-1.329993720718792,0.4848716015017037)
355 (1.036863873438639,-1.274545036737061)
355.25 (-0.9140229609799735,1.653315833029012)
355.5 (-1.109406040885407,-0.02756621898565878)
355.75 (2.23072973303373,0.1364463224234382)
356 (-0.8871678212065727,-0.03100608317216413)
356.25 (2.479423467482097,-1.360091752104381)
356.5 (1.099107522893259,-0.106218909439195)
356.75 (-0.820547648482617,0.9567727161344682)
357 (0.1481654372096726,0.7848634016923773)
357.25 (-0.6526853314188363,-0.03884528959946291)
357.5 (-1.222379832460323,0.2509563739988517)
357.75 (-1.287675775783029,-0.6460396788163565)
358 (1.500556941929558,-1.180402173326159)
358.25 (-0.6168457250884242,-1.2001862003209)
358.5 (-0.1776244022182143,-0.2186304351326536)
358.75 (0.8017502681028029,0.6605352288959585)
359 (-0.2895821144330753,1.718358037511978)
359.25 (1.107987295532766,-0.1459677296949648)
359.5 (-0.9586424514236441,0.743194683878668)
359.75 (1.536840834905066,-0.1173519782499544)
360 (-0.4014719184049315,-1.701688915070472)
360.25 (-0.05674193386068293,0.3738863636167722)
360.5 (0.398055161448474,-1.857174967404841)
360.75 (-1.371353955099511,1.665847461295353)
361 (0.4298327950836803,1.534254531075147)
361.25 (-1.490090392309946,1.385964501170891)
361.5 (0.3084071901468353,0.4581623152240961)
361.75 (1.598244528852058,-0.2178769791525075)
362 (-2.141611050169242,-1.320552045196564)
362.25 (-0.9844289601312057,-0.317674947605803)
362.5 (1.03635619510952,-0.3759082191170687)
362.75 (-0.1393462472802942,-0.22831780300841)
363 (-0.05223563552648918,-0.6925945865087032)
363.25 (1.737000535842008,-0.4259310364644125)
363.5 (0.1075106931698741,0.5070508075830379)
363.75 (2.626763716861093,0.707381454305939)
364 (-1.635140488240569,-2.234174724693279)
364.25 (-0.6280497236846775,0.2709316896502443)
364.5 (0.5413058424485572,-1.01771033424357)
364.75 (-0.09638370943232136,2.691305263497381)
365 (-2.831907335958815,0.5865516280316271)
365.25 (-0.0183186837184056,0.1028465838054703)
365.5 (1.463569101064365,0.1825373696340771)
365.75 (0.6163698578989664,1.452831529715957)
366 (0.4969553296620005,-0.9071874219390073)
366.25 (-0.08153042121091876,-2.36731861894697)
366.5 (0.1755636174707386,0.28368385861051)
366.75 (-0.4388134322398858,-1.084389246082195)
367 (-1.786228646185485,1.123439401282847)
367.25 (-0.09781128446279536,0.3213161895757105)
367.5 (-0.3891273962989303,1.693442460616216)
367.75 (-0.1464449706755395,-0.3385884487476374)
368 (1.512610153247001,0.03720877365635676)
368.25 (-0.8985189100878602,-1.631734066328783)
368.5 (2.882781932829736,-2.138535421660003)
368.75 (0.8316434312815254,1.318879523946536)
369 (-1.290412070096282,0.2527621729989608)
369.25 (-1.63438101501262,1.91721857838702)
369.5 (-0.9824261283784742,0.3287628325291301)
369.75 (-0.07257606886931639,0.4365789681812194)
370 (1.97528396798462,-0.6376631562913843)
370.25 (-1.221207027975699,0.07663629680748232)
370.5 (-0.6682370294132471,-0.8306822992133901)
370.75 (0.9171243343968873,1.3082613404623)
371 (0.4325139159886366,-0.5151334956561043)
371.25 (0.8871496206850532,-0.4032610125205527)
371.5 (0.9422578671339474,-0.5556272199868659)
371.75 (-0.8328215541308009,-0.5754450356286772)
372 (-0.3431090224156561,0.09707902348502534)
372.25 (-0.343122067134406,-0.7895402929149471)
372.5 (-0.05019613038235791,0.8561638011278088)
372.75 (0.07286652426251836,-1.158682719116152)
373 (0.545797668004436,1.318024331991067)
373.25 (-0.5351668055554192,0.5505648842042967)
373.5 (-0.8284004666301241,-0.7675764605655305)
373.75 (-0.1773992588204066,1.582261223507508)
374 (-0.2579868483204364,-1.215005575539099)
374.25 (-0.4031510690457184,0.3000740951400133)
374.5 (0.9769527732921209,1.520713686406904)
374.75 (-0.403789913717435,-0.3818613853882735)
375 (-0.3317587197586596,0.1223138500276788)
375.25 (1.460904577373112,-1.932692146490018)
375.5 (1.152834196664715,0.8717803502621955)
375.75 (-0.7146586264193449,0.5010668286788759)
376 (0.3003889156979934,-0.3639881080877925)
376.25 (-0.5716457347442832,-0.8482442899343503)
376.5 (-0.5195117350607745,-0.4549713382210266)
376.75 (-0.1566205013208716,0.2697653289595826)
377 (0.5235556358202573,0.7637086004200944)
377.25 (0.449797670359381,-1.355428544851596)
377.5 (0.4024475849822915,0.2667470767472311)
377.75 (-1.720810463094094,0.8187135953959774)
378 (0.2177227258567034,0.2521644052816421)
378.25 (-0.2175581058096314,-1.948949119873224)
378.5 (0.4947658699985115,1.408477058056491)
378.75 (0.7248343748548767,-1.058203551181047)
379 (-0.3502515334601662,1.038325307650691)
379.25 (-1.226577610791946,-0.219343216852707)
379.5 (1.394534084639228,0.804980628796473)
379.75 (-0.413206466036771,-0.138640308876237)
380 (-0.1574994483350864,0.2492408237617559)
380.25 (0.6472013795047005,-1.887527823205279)
380.5 (-1.959537580450865,0.795352854967311)
380.75 (1.046570058801902,-1.049325440990647)
381 (1.307969214534809,2.378277944687666)
381.25 (0.2778561921629898,1.171424112315949)
381.5 (-2.25439089441207,1.098596370150569)
381.75 (1.10509302021243,-1.981377830745556)
382 (0.5556171198892287,-1.993103821948884)
382.25 (0.2610403727761499,1.772330133446495)
382.5 (-1.931889768486013,-0.4274346849372181)
382.75 (0.9417128552429657,-0.1263834649728813)
383 (-2.025708157071618,-1.059876059527849)
383.25 (0.7076351291546215,-0.9145483290466309)
383.5 (0.9902348741964969,1.989014811461954)
383.75 (1.40509423038413,-0.7311027951859195)
384 (0.2250499738427905,0.7762671955994184)
384.25 (0.5266377356471694,0.7639851318596285)
384.5 (-1.708754154303173,0.9598042389125455)
384.75 (-0.4907712075521717,-1.299506632949424)
385 (0.7056974014304559,-0.6697839194283233)
385.25 (0.1334632260523538,-0.1227510170797015)
385.5 (-1.07484332480114,-0.2291500200672883)
385.75 (0.2418848124646627,0.4053564016436213)
386 (0.1173430747423354,0.3819381927578298)
386.25 (0.04119544732919098,0.602491911269734)
386.5 (1.910662434345592,-0.2917462851673715)
386.75 (-0.7331646317211759,-0.1239088846114986)
387 (-0.313741782540148,-0.1071458820746863)
387.25 (0.1285562357770141,-0.5381237210320755)
387.5 (-0.3482611905965694,1.246863385198782)
387.75 (-0.3361371651456208,-0.4693459577551178)
388 (0.05337893187038213,-0.8823754673802093)
388.25 (-1.057403587236249,0.9021419657712327)
388.5 (0.819691239584898,-0.7527374668602274)
388.75 (-0.2878138956354931,0.7022667536919899)
389 (1.347770816941188,-0.8771354957541249)
389.25 (-1.172012212781569,0.2297150406887639)
389.5 (0.9588796756203282,-0.8432451898406716)
389.75 (0.1687692309187376,0.7725155029628789)
390 (-1.989001416953275,-0.1136724288607142)
390.25 (1.62504694170104,0.4103186408727182)
390.5 (-0.01660857789128432,-0.3852218299801796)
390.75 (-0.2613557003905781,-0.30571266850166)
391 (-0.3417823155279911,-0.2392372277974508)
391.25 (-0.2213293047013473,0.2513493578911493)
391.5 (0.4529665659756916,0.6425469208370285)
391.75 (-0.9403352472237464,0.3101753396583249)
392 (-0.3171565961513595,-0.8248623238194615)
392.25 (-0.4746076039821956,0.3007145243159257)
392.5 (0.4257173243551756,0.4638405118073569)
392.75 (1.648138156210013,0.3968001660852764)
393 (-0.8691710462112979,-1.655843129250909)
393.25 (0.7713530558515539,-0.1042134081646778)
393.5 (1.537669333240471,0.6707727314502843)
393.75 (-0.9521549482166487,1.847372670494508)
394 (0.8680123372658731,-0.4922467025147972)
394.25 (-1.943599190496316,-0.1109910298019117)
394.5 (0.5785235139123279,-1.409880742228248)
394.75 (-0.9660635985874005,-0.7837596652057141)
395 (0.2290246072027835,0.7280393861010709)
395.25 (0.1846099684990153,-0.3243832176360318)
395.5 (0.08534760209926613,-0.6991588358910803)
395.75 (-1.506803521234554,0.4455658561960738)
396 (0.6642824742577161,1.257697123109486)
396.25 (0.6532458840937199,1.303589843081504)
396.5 (0.8651147447528876,0.7885510514130962)
396.75 (-0.8653794904081822,-2.291293161140583)
397 (-0.4153617146582168,-0.8897778032093232)
397.25 (1.520268093703502,0.2339187437416982)
397.5 (0.239901470166488,-0.03738030915043165)
397.75 (-0.9432527275357017,0.1603122108118948)
398 (1.038123812800638,-0.8188696659659688)
398.25 (-1.298767090142834,-0.1314288281810555)
398.5 (-0.6722664338012001,2.752886943843012)
398.75 (-0.1151374522891666,-1.102378901185499)
399 (2.611487642099713,0.9633930972957231)
399.25 (-1.806788051739998,0.8294677095883175)
399.5 (-1.163247578845227,-0.08945810122818151)
399.75 (0.1081241469327009,-1.257057693758141)
400 (0.8427219991283054,-0.04941052300759501)
400.25 (1.149307217222939,-0.8167174266317029)
400.5 (0.1508045725253964,0.1844832383151879)
400.75 (0.1105706998452536,-1.172995578720115)
401 (0.2768603403476546,0.6648734095719762)
401.25 (-1.103325963146308,-0.2583657808804359)
401.5 (-0.4861615196879637,0.8264967349074503)
401.75 (-1.221401449154535,-1.116053105513995)
402 (0.7041806152331864,1.476659668444947)
402.25 (0.622451107207716,0.2338205093732841)
402.5 (0.7203960975541503,-0.3034547927510506)
402.75 (-2.026799171791768,0.9389089300815384)
403 (-0.3564553657619861,-0.6847241454546324)
403.25 (1.935283340085132,-0.9441466663249206)
403.5 (-0.1022491075113245,-0.04436743302691159)
403.75 (0.6363472063245232,-0.4116383974025953)
404 (-0.411101060575613,-0.6380549639559501)
404.25 (-0.4928445132032697,2.156589692699312)
404.5 (0.5579592971045235,-1.332026002197074)
404.75 (0.5881328645734158,1.561970342670661)
405 (-0.9735947200338827,-0.691658825730902)
405.25 (0.19801731960888,0.1478374961610282)
405.5 (-0.6763574502767854,-0.4716052464271246)
405.75 (1.106749417600082,-0.2666717755079598)
406 (0.1163158881473423,0.2608193735319347)
406.25 (-2.88239261841797,-0.007407379336258168)
406.5 (1.480905498623179,0.9748258395861595)
406.75 (1.285685094425945,-1.460411344625911)
407 (-0.1314668566274919,0.201061546619236)
407.25 (1.141101340562179,0.5317875171586771)
407.5 (0.5046477539815081,-0.4790285084307568)
407.75 (-1.772567849341896,-0.06502365890886103)
408 (-0.9703554329104891,0.09080681962689106)
408.25 (-0.02694411762935171,0.7871309989875329)
408.5 (-1.854862728166323,0.09264385463862795)
408.75 (-0.3016539431188843,1.07245454385502)
409 (0.8221027810178437,0.230022636595652)
409.25 (1.414132553213993,-0.3396467091310764)
409.5 (2.437320712052341,-1.668078214473286)
409.75 (-0.7748269743697095,0.4592250143069719)
410 (1.684414645324152,-1.820932931991005)
410.25 (-0.9189163840731228,0.1456315955137926)
410.5 (-1.641624605809401,0.8279764154802587)
410.75 (-0.4872481080545211,-0.7767766389797351)
411 (-2.086407503122696,-0.2507665979947487)
411.25 (-0.815296099247677,0.8799852803685352)
411.5 (2.827537249267124,1.802966773007628)
411.75 (-0.9033839098694716,-0.1307272395192974)
412 (1.866441688055173,-1.443973834891002)
412.25 (-0.4975045532206442,0.7715734562377553)
412.5 (0.6452103679738711,-0.6856361549555217)
412.75 (-0.03732088246451996,-0.4260654484835102)
413 (0.739492069435202,1.254057563154713)
413.25 (-0.6725142444901105,0.4234418971087521)
413.5 (-0.4248586169579986,-0.2828281712421536)
413.75 (-0.2328943748795281,-1.016909146141748)
414 (-2.150371239359732,0.4787964577023072)
414.25 (0.7673044673507328,-0.1246557581754012)
414.5 (1.507900636844461,-0.09747509877361274)
414.75 (0.2056505555326784,0.4211737578137354)
415 (1.067403664485631,-0.1647742207681489)
415.25 (-1.630878064742975,-0.2679908323095675)
415.5 (0.7524261388135035,-0.6754169421415729)
415.75 (-0.9019051871181037,-0.508679913091292)
416 (-0.5173823498203631,0.7281696856049021)
416.25 (0.2840273845533904,0.1037446479501524)
416.5 (-0.4127775235374486,-0.3150351567872802)
416.75 (-0.461387526471621,0.6437435949601216)
417 (1.650025567975614,1.715888107852836)
417.25 (0.4052158904159069,1.974799824982689)
417.5 (-1.29714297398429,-1.297918499682328)
417.75 (0.1575595230441794,-0.6525711410784708)
418 (-0.3685103266455199,-1.268012380786242)
418.25 (1.516059376774661,0.3540542178661806)
418.5 (1.730564802792143,-0.08765569182546738)
418.75 (0.07212553271324597,-0.646391299145342)
419 (-2.269434512768897,-0.05777632625782728)
419.25 (-0.07639564152827685,2.463022318278135)
419.5 (-0.06964126099544327,-0.7155958220624841)
419.75 (-0.6529525620284616,-2.822114326430563)
420 (0.2041181917657965,0.4493557504775201)
420.25 (0.357348529115849,-0.1918705839259368)
420.5 (0.9535196822223405,1.599010145710599)
420.75 (-0.5471293582877742,-0.4391088985436831)
421 (-0.9689920721124875,-0.0512851082243966)
421.25 (0.3459290585468731,0.01132884505655166)
421.5 (-0.9867682502743557,-1.14327737906579)
421.75 (2.028458447995869,0.02016152038285348)
422 (-1.253614036164214,-0.1793237675572788)
422.25 (-0.4582849731496402,1.398594425115023)
422.5 (1.269663987270869,-0.6296568571543125)
422.75 (-0.7130982502599716,-0.2781153868519325)
423 (0.1494956142342643,0.2787113693863824)
423.25 (-0.004216554502470902,0.8562815513884672)
423.5 (1.633443967101567,1.400989033484839)
423.75 (-2.136866744635035,-2.605037723412515)
424 (1.033555793177472,-0.7459388161648047)
424.25 (-0.3099846837463504,0.7031456744703286)
424.5 (-0.4641351122822648,-1.581145707167583)
424.75 (-1.62684909007332,1.773015093347398)
425 (1.677502259721676,1.424218097020417)
425.25 (0.2110106911992551,0.5212851249362636)
425.5 (0.8721675073291506,0.5353588443995022)
425.75 (0.1285729993677756,-1.097009457754667)
426 (-0.3351849755672836,1.02335727051574)
426.25 (-0.08919964892450906,-2.51990029640376)
426.5 (0.4012735952025465,-0.9282103096104348)
426.75 (-0.201218022087529,0.7216341528886908)
427 (1.100507380323577,0.02441212133096685)
427.25 (-0.1116070842918643,1.120657313530608)
427.5 (-1.440307217588121,0.787520863221671)
427.75 (-1.369662076271684,-1.119915160349172)
428 (1.03225424646836,0.6794220951167268)
428.25 (-1.654589060038881,-1.930440273197608)
428.5 (1.366502680490714,0.9310636249895896)
428.75 (-0.2640217277158017,0.1017809690851989)
429 (-0.2830368962057067,-0.3325380716035247)
429.25 (1.143236680992276,1.545626527133826)
429.5 (-1.279678633600216,0.7825810229762407)
429.75 (-0.4041801062877663,0.2157932951143501)
430 (2.089656333573795,-1.101198514254468)
430.25 (-2.031659878356506,0.01513953176953549)
430.5 (1.960335513482521,-1.144921286269412)
430.75 (1.272131791997702,-0.1493405943230459)
431 (-1.49521238054321,-0.6209085655574528)
431.25 (-0.09194267081760103,0.7496573551418608)
431.5 (-0.6305373357247851,1.342370965695947)
431.75 (0.7441185913004467,0.8242469677206294)
432 (0.985135260528083,-0.9307208375109307)
432.25 (-1.386497306045424,-1.577443146748414)
432.5 (0.3195366241470071,0.7326056577637468)
432.75 (-1.124701697999845,-0.531032788004409)
433 (1.552949216470978,-0.08690771368343571)
433.25 (-0.8985076687727526,0.5051765112106673)
433.5 (-0.01464043957215327,-0.3274715838925192)
433.75 (1.322981362136,0.2277439828364232)
434 (0.5810514961133668,0.5298914077782251)
434.25 (-1.013211181215086,0.7277489900742798)
434.5 (-1.754457328513594,1.020822020958272)
434.75 (-0.9922094026689017,-1.96761495835029)
435 (-0.3452581814157875,-2.99371104261639)
435.25 (0.9535296255936619,2.079867695871591)
435.5 (1.806207681104337,0.001247735776069737)
435.75 (-0.3525026533224319,0.6356854332252569)
436 (-1.485425993852803,1.023990977381286)
436.25 (1.378075556865636,1.085992421973628)
436.5 (0.8405242791940637,-0.6123520897787448)
436.75 (-0.1815115460858258,-0.2130747407842416)
437 (-0.4686722735046157,-2.145945004073744)
437.25 (-1.23434328536686,0.0003863358267174638)
437.5 (2.203718906061452,0.823701715303139)
437.75 (0.7965893682569052,0.237529129317567)
438 (-0.1465908177416239,0.3162880837601006)
438.25 (-0.9726070095457392,-1.698178811214187)
438.5 (-1.468760564008383,-0.3859353165088508)
438.75 (-0.4546643281550722,1.996405832538009)
439 (0.1958380452102546,-0.6666915195682198)
439.25 (2.394563761857583,0.15894816342824)
439.5 (0.5216727045199133,-0.5610775028583395)
439.75 (-1.081524824305983,0.195310506728729)
440 (-0.8542102114391488,1.523236710903802)
440.25 (-0.85711126669398,-0.6856231917661778)
440.5 (-0.9859397363115232,0.5906942912831009)
440.75 (2.78931592422442,0.6065256737201428)
441 (0.1947369448652992,0.3407423246134005)
441.25 (-0.5112945063319959,-1.411554142727928)
441.5 (0.9503996789752787,-0.6410381092844788)
441.75 (-0.6511523131361238,0.08979039701658098)
442 (0.7762362306800147,-0.0236252334048807)
442.25 (-0.8355933211403433,-0.006985658898458535)
442.5 (-0.4219110672617348,-0.9219352515985657)
442.75 (-0.579148865418199,-0.2460973646134213)
443 (-1.474328923688552,0.5091219916284314)
443.25 (-0.3193315056437026,-0.3351782533298459)
443.5 (2.020176096094439,-0.03212629361331124)
443.75 (0.7279913768893198,1.15735579475224)
444 (0.2222260996304185,0.994591544220362)
444.25 (-0.3231593771098532,-0.00632796268380531)
444.5 (-1.358689249317856,0.7133926610279073)
444.75 (-0.0008940380158409689,-0.7104190463693109)
445 (-1.249690118963713,-1.338221826870041)
445.25 (1.34888961661583,-0.3313300169088761)
445.5 (0.7541229048445767,0.7524896292703166)
445.75 (-0.7066994835204546,0.4205213543825554)
446 (-0.2298317911415564,-0.9422130344426212)
446.25 (-0.543924795047252,0.4624665332038306)
446.5 (-0.4228196622545898,-1.11551826152611)
446.75 (2.412425428332076,-0.6158816690766593)
447 (-0.6131189554147636,0.2903638442485615)
447.25 (1.091495064798292,1.684947032359716)
447.5 (0.8724123456188896,0.2940986477345661)
447.75 (-1.763866720687917,0.8783745713126679)
448 (0.5192286502225193,0.3048990121886711)
448.25 (-0.2683389411664409,-0.4653962237365855)
448.5 (-0.196313635601014,-0.384678776264826)
448.75 (-0.1323977570532321,-0.2988466347577191)
449 (-0.08038029723023539,-0.2159336972747269)
449.25 (-0.04186150659902107,-0.1425089544378428)
449.5 (-0.01643279074549613,-0.08295350129777425)
449.75 (-0.002148167776958886,-0.03917297891745056)
450 (0.003832268394874619,-0.01073996651082342)
450.25 (0.004565902614022285,0.004575549619147635)
450.5 (0.002766931880905754,0.01007523764930449)
450.75 (0.000445324580244682,0.009369636018889313)
451 (-0.00122445036999959,0.005724856287615662)
451.25 (-0.001830637460770989,0.001620307939853086)
451.5 (-0.001512241394225034,-0.001437604088019946)
451.75 (-0.0006923040729802799,-0.002868106934675875)
452 (0.0001669882356385203,-0.002799548526407757)
452.25 (0.000733831541977046,-0.001770389324111526)
452.5 (0.0008792207623591498,-0.0004322593707530585)
452.75 (0.0006617502545585301,0.0006762888209081118)
453 (0.0002551536049065461,0.001254410821901067)
453.25 (-0.0001428896431960028,0.001258334889648836)
453.5 (-0.0003862110786496111,0.0008413310605300413)
453.75 (-0.0004194914378573076,0.0002517161660213052)
454 (-0.0002768454557047594,-0.0002700635381745454)
454.25 (-4.971864412229965e-05,-0.0005656533848260536)
454.5 (0.0001584274884255088,-0.0005891704610763215)
454.75 (0.0002719823858192325,-0.0003952948303726408)
455 (0.0002651954642385158,-9.848795223407314e-05)
455.25 (0.0001620326587313603,0.0001776242586492607)
455.5 (1.820967496582891e-05,0.0003426686494653355)
455.75 (-0.0001049208204612341,0.000362339470125696)
456 (-0.0001640435248545928,0.0002582813578222256)
456.25 (-0.00014687278195332,8.968822039888271e-05)
456.5 (-7.174935230644225e-05,-7.366016615167939e-05)
456.75 (2.393893006669106e-05,-0.0001767916416440173)
457 (0.0001005378782481002,-0.000195246185492185)
457.25 (0.0001312388567531923,-0.0001378170527451482)
457.5 (0.0001102728322793851,-3.769481924493223e-05)
457.75 (5.218841854171274e-05,6.298811214912519e-05)
458 (-1.630640438573887e-05,0.0001289899005558512)
458.25 (-6.792240895887449e-05,0.0001428236644605027)
458.5 (-8.509037660402734e-05,0.0001078073260724193)
458.75 (-6.535805454083151e-05,4.361557662261801e-05)
459 (-2.051261687934798e-05,-2.303407952956016e-05)
459.25 (2.949616899594899e-05,-6.86437457190489e-05)
459.5 (6.496952360582597e-05,-8.053225406806576e-05)
459.75 (7.383945110912275e-05,-5.960476425446459e-05)
460 (5.537104728883631e-05,-1.803461022245731e-05)
460.25 (1.925097816818073e-05,2.656434136313579e-05)
460.5 (-1.913099873823902e-05,5.801666794622912e-05)
460.75 (-4.503941351811077e-05,6.699085987639399e-05)
461 (-4.986107195485076e-05,5.328965208214516e-05)
461.25 (-3.376586563838795e-05,2.469158157114389e-05)
461.5 (-4.805907247419611e-06,-6.844819806037103e-06)
461.75 (2.484811976864965e-05,-2.990532054572339e-05)
462 (4.384097076894861e-05,-3.752430770668733e-05)
462.25 (4.583509757856683e-05,-2.905089399017231e-05)
462.5 (3.145436150580344e-05,-9.570835289868187e-06)
462.75 (7.447238057367006e-06,1.260023637398349e-05)
463 (-1.635790757201814e-05,2.923199922016469e-05)
463.25 (-3.100793245918557e-05,3.50601473920305e-05)
463.5 (-3.171634360132228e-05,2.927370774579237e-05)
463.75 (-1.932486178230834e-05,1.525887425778383e-05)
464 (4.562890700259204e-07,-1.093375277253388e-06)
464.25 (1.956669808116857e-05,-1.375587832956453e-05)
464.5 (3.080494810333925e-05,-1.870800433843262e-05)
464.75 (3.047177380695877e-05,-1.512277797474167e-05)
465 (1.949238467206955e-05,-5.286463430652256e-06)
465.25 (2.735683104892813e-06,6.561163498574051e-06)
465.5 (-1.309718349036886e-05,1.594729518408142e-05)
465.75 (-2.21201380105344e-05,1.97741006274999e-05)
466 (-2.141405667078907e-05,1.726236699408383e-05)
466.25 (-1.19187122303675e-05,9.97101979034355e-06)
466.5 (2.183394723719546e-06,9.873050537649991e-07)
466.75 (1.525374390546537e-05,-6.334687252620021e-06)
467 (2.241249470217779e-05,-9.593173511156195e-06)
467.25 (2.132132454791356e-05,-8.090062634311624e-06)
467.5 (1.289074933139225e-05,-2.893484187336339e-06)
467.75 (7.363231595708752e-07,3.727343205400768e-06)
468 (-1.035082966056276e-05,9.236749992209797e-06)
468.25 (-1.627575158228777e-05,1.176332458468035e-05)
468.5 (-1.513222843884039e-05,1.06949929896615e-05)
468.75 (-7.785840288854863e-06,6.766469023193946e-06)
469 (2.618472461040449e-06,1.656747398574502e-06)
469.25 (1.197155897594833e-05,-2.70643666162195e-06)
469.5 (1.67991487887925e-05,-4.86012575350053e-06)
469.75 (1.552795216554563e-05,-4.279684920771133e-06)
470 (8.967005120010866e-06,-1.470075509949416e-06)
470.25 (-1.306283163676852e-07,2.319396282559836e-06)
470.5 (-8.212726162748993e-06,5.61789806244659e-06)
470.75 (-1.230456871133135e-05,7.28050509321266e-06)
471 (-1.109191355111784e-05,6.863585897440124e-06)
471.25 (-5.325413874879417e-06,4.713084332390296e-06)
471.5 (2.57347896158965e-06,1.760313974441128e-06)
471.75 (9.510517136991949e-06,-8.706633884938699e-07)
472 (1.291620430253373e-05,-2.28450546824695e-06)
472.25 (1.167995229641093e-05,-2.111717698827334e-06)
472.5 (6.495521740451e-06,-5.882469077065467e-07)
472.75 (-4.965458056999107e-07,1.591110425473946e-06)
473 (-6.583006284567386e-06,3.567590660569761e-06)
473.25 (-9.525683404336591e-06,4.642842103145332e-06)
473.5 (-8.379948301876248e-06,4.513761749772535e-06)
473.75 (-3.782897508098236e-06,3.339626597819518e-06)
474 (2.361702246077705e-06,1.638572986884587e-06)
474.25 (7.661053939459575e-06,6.387978900424666e-08)
474.5 (1.015312652703743e-05,-8.436764360151681e-07)
474.75 (9.025857226050978e-06,-8.387216138879676e-07)
475 (4.86362957213241e-06,-2.84143744624152e-08)
475.25 (-6.330065776845251e-07,1.202677499453009e-06)
475.5 (-5.341326678255754e-06,2.360198094193113e-06)
475.75 (-7.531242674945653e-06,3.02937425547863e-06)
476 (-6.496549624301115e-06,3.015219962407466e-06)
476.25 (-2.775357498916085e-06,2.389694955907139e-06)
476.5 (2.109046190780752e-06,1.435999026994454e-06)
476.75 (6.26204485621661e-06,5.245920242001098e-07)
477 (8.146678482839958e-06,-3.069922292554452e-08)
477.25 (7.144720079537865e-06,-7.910632645486713e-08)
477.5 (3.749873977413656e-06,3.309808578034605e-07)
477.75 (-6.645396538006567e-07,9.921581560734259e-07)
478 (-4.3992734639616e-06,1.631280460445253e-06)
478.25 (-6.080143745826505e-06,2.015731001648282e-06)
478.5 (-5.16162507542236e-06,2.032944837049791e-06)
478.75 (-2.09802789725919e-06,1.716714134302496e-06)
479 (1.868244823367975e-06,1.216620627569641e-06)
479.25 (5.203037587814622e-06,7.297829304537289e-07)
479.5 (6.671614326209935e-06,4.230819923568835e-07)
479.75 (5.787703176496685e-06,3.757910528491354e-07)
480 (2.970213023938268e-06,5.626899029038807e-07)
480.25 (-6.502101865132981e-07,8.771952232454521e-07)
480.5 (-3.682858477870643e-06,1.182008117479542e-06)
480.75 (-5.010318714489743e-06,1.363937438668382e-06)
481 (-4.197551878768911e-06,1.372258439436732e-06)
481.25 (-1.630949484729032e-06,1.228237972112604e-06)
481.5 (1.656863982849804e-06,1.00577358043494e-06)
481.75 (4.397874663344666e-06,7.954210928148067e-07)
482 (5.574741524546461e-06,6.668963168147011e-07)
482.25 (4.7944578995217e-06,6.459665021675744e-07)
482.5 (2.413738189989804e-06,7.121232347944052e-07)
482.75 (-6.188817180885391e-07,8.153663070961677e-07)
483 (-3.14079630844841e-06,9.020643236990636e-07)
483.25 (-4.219539194245227e-06,9.378383086318453e-07)
483.5 (-3.496775187088075e-06,9.186973111424309e-07)
483.75 (-1.304432229466547e-06,8.665894080746452e-07)
484 (1.482185898364389e-06,8.140476072523591e-07)
484.25 (3.790936390331128e-06,7.858925683427523e-07)
484.5 (4.762006647989321e-06,7.873812284693372e-07)
484.75 (4.066163934848719e-06,8.03531562150082e-07)
485 (2.01318332372686e-06,8.09264132953842e-07)
485.25 (-5.848001573407199e-07,7.845873601086486e-07)
485.5 (-2.733576663478814e-06,7.269869925085257e-07)
485.75 (-3.635767230337418e-06,6.549205911124545e-07)
486 (-2.986486949031286e-06,6.001326368713729e-07)
486.25 (-1.074048005416376e-06,5.920929823188459e-07)
486.5 (1.343473651992032e-06,6.424185748926073e-07)
486.75 (3.33757634660439e-06,7.361827793753168e-07)
487 (4.162966885248376e-06,8.351858672357396e-07)
487.25 (3.535365532598194e-06,8.929884389936504e-07)
487.5 (1.725507602423628e-06,8.746392823785876e-07)
487.75 (-5.552877190729729e-07,7.73929399292311e-07)
488 (-2.43468108084039e-06,6.192038217863407e-07)
488.25 (-3.211926268408626e-06,4.64754948309587e-07)
488.5 (-2.619006408167046e-06,3.704920573130569e-07)
488.75 (-9.115483620941676e-07,3.77252957053949e-07)
489 (1.238758220986783e-06,4.883943386236626e-07)
489.25 (3.007249966481313e-06,6.654168046590068e-07)
489.5 (3.730608466678135e-06,8.404323819024542e-07)
489.75 (3.154414000515958e-06,9.415773806649144e-07)
490 (1.52041823693547e-06,9.213358560676099e-07)
490.25 (-5.333972716409246e-07,7.772772664426561e-07)
490.5 (-2.222010400670483e-06,5.554156549516483e-07)
490.75 (-2.912727007900923e-06,3.350478582006558e-07)
491 (-2.361114216477624e-06,1.991211288743501e-07)
491.25 (-7.984403405187874e-07,2.021566014893614e-07)
491.5 (1.165528210599807e-06,3.473673413060296e-07)
491.75 (2.778463889473687e-06,5.831527151365864e-07)
492 (3.432487258014538e-06,8.206025624696368e-07)
492.25 (2.892133115166185e-06,9.66321352471558e-07)
492.5 (1.37886716871683e-06,9.585854758271098e-07)
492.75 (-5.207776387515813e-07,7.919236086182725e-07)
493 (-2.0809138124839e-06,5.217373836996083e-07)
493.25 (-2.714110231342076e-06,2.45203726090054e-07)
493.5 (-2.190301753137876e-06,6.527397127126374e-08)
493.75 (-7.222904505541227e-07,5.182553986365587e-08)
494 (1.12100403991609e-06,2.134968321373929e-07)
494.25 (2.63389004513498e-06,4.92430774703999e-07)
494.5 (3.244004172163665e-06,7.844203371751235e-07)
494.75 (2.726952443098135e-06,9.770862715047353e-07)
495 (1.288062058855668e-06,9.923163481194946e-07)
495.25 (-5.185273892760882e-07,8.169148517925835e-07)
495.5 (-2.002341929072334e-06,5.099119473045138e-07)
495.75 (-2.600560328339192e-06,1.818919104385306e-07)
496 (-2.090930922675305e-06,-4.545474996045541e-08)
496.25 (-6.746999022961465e-07,-8.527214314390901e-08)
496.5 (1.102970113614084e-06,8.053903318749611e-08)
496.75 (2.561876435876355e-06,3.926414060293694e-07)
497 (3.146313314498127e-06,7.346665984421652e-07)
497.25 (2.637411803242745e-06,9.760942535215864e-07)
497.5 (1.234217500376924e-06,1.021360071135132e-06)
497.75 (-5.241008002927821e-07,8.463020719900203e-07)
498 (-1.962912811278319e-06,5.102072630527492e-07)
498.25 (-2.532879249791848e-06,1.347070778531118e-07)
498.5 (-2.022272694951231e-06,-1.410884605293815e-07)
498.75 (-6.372333649153552e-07,-2.138624058283045e-07)
499 (1.080201162431038e-06,-5.624768060042577e-08)
499.25 (2.461159914407414e-06,2.704583657790667e-07)
499.5 (2.976353807892535e-06,6.38347446943176e-07)
499.75 (2.442208657073557e-06,9.008577164667786e-07)
500 (1.104815056795858e-06,9.535082584541494e-07)
500.25 (-4.742997645140902e-07,7.745661899430419e-07)
500.5 (-1.650532343823841e-06,4.37084204340363e-07)
500.75 (-1.969897818003697e-06,7.77260503280194e-08)
501 (-1.378551675221375e-06,-1.567149372295994e-07)
501.25 (-3.254197064555412e-07,-1.786753974425491e-07)
501.5 (2.475172887418341e-07,-4.501642746697415e-08)
501.75 (5.01104024096605e-07,2.92410818493418e-08)
502 (1.345332156261467e-06,2.494882358587301e-07)
502.25 (1.211477109978189e-06,4.294641453631277e-07)
502.5 (5.097290933278609e-07,4.455915947247638e-07)
502.75 (-2.020021934444312e-07,3.284453495681307e-07)
503 (-5.97612446022694e-07,1.600247221159227e-07)
503.25 (-6.19381780035847e-07,1.745524405500368e-08)
503.5 (-3.892460053642956e-07,-5.949718207100206e-08)
503.75 (-9.335296406005518e-08,-7.086822142926799e-08)
504 (1.308910143658576e-07,-4.092387338302789e-08)
504.25 (2.123508247446575e-07,1.303594293037906e-10)
504.5 (1.56619583274591e-07,2.311915477808091e-08)
504.75 (4.652381378291563e-08,1.523337297243913e-08)
505 (1.810276107147358e-08,1.555615132281115e-08)
505.25 (-2.716761885410139e-08,4.319916277133128e-08)
505.5 (-1.588741203944705e-07,4.248881062506451e-08)
505.75 (-2.828148788184187e-07,5.315254210215711e-09)
506 (-2.888292046501428e-07,-5.392399790946858e-08)
506.25 (-1.10507209871128e-07,-1.058877477136038e-07)
506.5 (2.544621028138535e-07,-1.119677684300417e-07)
506.75 (6.854828591699629e-07,-4.177059342984244e-08)
507 (9.618831984084178e-07,9.872655925111999e-08)
507.25 (8.814077322110048e-07,2.545386466988738e-07)
507.5 (4.213964030077625e-07,3.448448439446772e-07)
507.75 (-2.080901779513772e-07,3.170095425309845e-07)
508 (-6.954530986258019e-07,1.826778978841784e-07)
508.25 (-8.235521897241943e-07,8.848525586737826e-09)
508.5 (-5.827624360427524e-07,-1.251504577680429e-07)
508.75 (-1.49811994053209e-07,-1.706644829864501e-07)
509 (2.352015683481722e-07,-1.314966509330664e-07)
509.25 (4.137626810399602e-07,-5.112519453135615e-08)
509.5 (3.743429948072943e-07,1.969946953461853e-08)
509.75 (2.186121593948985e-07,5.253579279829093e-08)
510 (6.59741835741408e-08,4.965063459879138e-08)
510.25 (-2.114999426902738e-08,3.014312096878589e-08)
510.5 (-3.376547980402737e-08,8.530144153911747e-09)
510.75 (-7.479587222366908e-09,2.612604881110427e-11)
511 (-4.486284502751286e-08,-1.062086842323674e-08)
511.25 (-2.390459370849744e-08,-3.09871271720531e-08)
511.5 (6.682210475582476e-08,-4.442587078918e-08)
511.75 (1.880180731107187e-07,-3.465781728822282e-08)
512 (0,0)
